chr1	183461004	183462399	183461698	27	11	11	2.70821143288913e-10	0.000296960845262095	2.6461171171436e-05	2646.1171171436	8.18818534180835e-06	818.818534180835	1827.29858296277	2.22301559206307e-06	0	chr1	183023915	184373413
chr1	200433031	200433617	200433368	26	15	7	6.03245120522899e-10	0.000389644161705394	2.54811277947162e-05	2548.11277947162	1.11657072842841e-05	1116.57072842841	1431.54205104321	4.58031653488067e-06	0	chr1	200016549	202335645
chr1	226114301	226114769	226114531	23	10	4	4.95594776328545e-09	0.000814415191309203	2.25409976645566e-05	2254.09976645566	7.44380485618941e-06	744.380485618941	1509.71928083672	3.06553933990509e-05	0	chr1	206903703	227329107
chr10	84401185	84402183	84401761	28	5	13	2.10859107951933e-11	2.98713150703733e-06	2.74412145481559e-05	2744.12145481559	3.72190242809471e-06	372.190242809471	2371.93121200612	2.2159307689438e-07	0	chr10	79128273	88108663
chr11	24446070	24446529	24446296	30	14	3	2.68229882749438e-13	3.3339958772638e-05	2.94013013015956e-05	2940.13013015956	1.04213267986652e-05	1042.13267986652	1897.99745029304	4.01303352234585e-09	0	chr11	7592311	71481690
chr11	24446070	24446529	24446296	30	14	3	2.68229882749438e-13	3.3339958772638e-05	2.94013013015956e-05	2940.13013015956	1.04213267986652e-05	1042.13267986652	1897.99745029304	4.01303352234585e-09	0	chr11	16988979	69892051
chr11	63528493	63528926	63528723	34	6	4	1.88737914186277e-15	1.31349586762752e-09	3.3321474808475e-05	3332.1474808475	4.46628291371365e-06	446.628291371365	2885.51918947614	3.84710950642682e-11	0	chr11	7592311	71481690
chr11	63528493	63528926	63528723	34	6	4	1.88737914186277e-15	1.31349586762752e-09	3.3321474808475e-05	3332.1474808475	4.46628291371365e-06	446.628291371365	2885.51918947614	3.84710950642682e-11	0	chr11	16988979	69892051
chr11	63530836	63531295	63531066	23	3	4	5.41263567299666e-09	7.17453648713118e-07	2.25409976645566e-05	2254.09976645566	2.23314145685682e-06	223.314145685682	2030.78562076998	3.32769498580977e-05	0	chr11	7592311	71481690
chr11	63530836	63531295	63531066	23	3	4	5.41263567299666e-09	7.17453648713118e-07	2.25409976645566e-05	2254.09976645566	2.23314145685682e-06	223.314145685682	2030.78562076998	3.32769498580977e-05	0	chr11	16988979	69892051
chr11	72164287	72164817	72164584	29	10	4	2.27462493285202e-12	0.000108753438869069	2.84212579248758e-05	2842.12579248758	7.44380485618941e-06	744.380485618941	2097.74530686863	3.01167376419141e-08	0	chr11	69891271	72786683
chr11	72164287	72164817	72164584	29	10	4	2.27462493285202e-12	0.000108753438869069	2.84212579248758e-05	2842.12579248758	7.44380485618941e-06	744.380485618941	2097.74530686863	3.01167376419141e-08	0	chr11	67027884	73195270
chr12	53870930	53872238	53871952	42	19	6	0	2.72126362999003e-07	4.11618218222338e-05	4116.18218222339	1.41432292267599e-05	1414.32292267599	2701.8592595474	0	0	chr12	53825323	53950198
chr12	118059088	118060284	118059764	39	18	9	0	1.6137521681614e-05	3.82216916920743e-05	3822.16916920743	1.33988487411409e-05	1339.88487411409	2482.28429509334	0	0	chr12	101697620	123070411
chr14	68190864	68192280	68191735	36	13	19	2.32115437981406e-11	5.06169462899386e-07	3.52815615619147e-05	3528.15615619147	9.67694631304624e-06	967.694631304624	2560.46152488685	2.41425333825758e-07	0	chr14	68177534	68459411
chr14	73696048	73697136	73696743	25	4	10	4.20323187366733e-09	2.82377365046216e-07	2.45010844179963e-05	2450.10844179963	2.97752194247576e-06	297.752194247576	2152.35624755206	2.65399400866711e-05	0	chr14	73601834	73787733
chr14	73696048	73697136	73696743	25	4	10	4.20323187366733e-09	2.82377365046216e-07	2.45010844179963e-05	2450.10844179963	2.97752194247576e-06	297.752194247576	2152.35624755206	2.65399400866711e-05	0	chr14	73601927	73783189
chr14	73696048	73697136	73696743	25	4	10	4.20323187366733e-09	2.82377365046216e-07	2.45010844179963e-05	2450.10844179963	2.97752194247576e-06	297.752194247576	2152.35624755206	2.65399400866711e-05	0	chr14	73633545	73785325
chr14	73696048	73697136	73696743	25	4	10	4.20323187366733e-09	2.82377365046216e-07	2.45010844179963e-05	2450.10844179963	2.97752194247576e-06	297.752194247576	2152.35624755206	2.65399400866711e-05	0	chr14	73633619	73776093
chr15	50205688	50206333	50205888	37	16	3	0	1.78170024955904e-06	3.62616049386346e-05	3626.16049386346	1.19100877699031e-05	1191.00877699031	2435.15171687315	0	0	chr15	50181151	50227741
chr15	96230123	96231322	96230823	30	27	11	2.82786016825298e-11	0.000833945490530397	2.94013013015956e-05	2940.13013015956	2.00982731117114e-05	2009.82731117114	930.30281898842	2.87242308310507e-07	0	chr15	96001273	96339919
chr16	46693861	46694329	46694091	25	14	5	2.66957789207822e-10	0.000391338277452857	2.45010844179963e-05	2450.10844179963	1.04213267986652e-05	1042.13267986652	1407.97576193312	2.19724202396554e-06	0	chr16	11457008	85306741
chr16	46693861	46694329	46694091	25	14	5	2.66957789207822e-10	0.000391338277452857	2.45010844179963e-05	2450.10844179963	1.04213267986652e-05	1042.13267986652	1407.97576193312	2.19724202396554e-06	0	chr16	29310776	88017294
chr16	68635836	68636740	68636315	29	12	6	5.08504349738814e-12	0.000289505479787788	2.84212579248758e-05	2842.12579248758	8.93256582742729e-06	893.25658274273	1948.86920974485	5.96288692536698e-08	0	chr16	11457008	85306741
chr16	68635836	68636740	68636315	29	12	6	5.08504349738814e-12	0.000289505479787788	2.84212579248758e-05	2842.12579248758	8.93256582742729e-06	893.25658274273	1948.86920974485	5.96288692536698e-08	0	chr16	29310776	88017294
chr16	70205507	70205966	70205733	25	12	5	6.72387590050505e-10	0.000475427999934053	2.45010844179963e-05	2450.10844179963	8.93256582742729e-06	893.25658274273	1556.8518590569	5.04227272276299e-06	0	chr16	70136406	72913979
chr16	70205507	70205966	70205733	25	12	5	6.72387590050505e-10	0.000475427999934053	2.45010844179963e-05	2450.10844179963	8.93256582742729e-06	893.25658274273	1556.8518590569	5.04227272276299e-06	0	chr16	11457008	85306741
chr16	70205507	70205966	70205733	25	12	5	6.72387590050505e-10	0.000475427999934053	2.45010844179963e-05	2450.10844179963	8.93256582742729e-06	893.25658274273	1556.8518590569	5.04227272276299e-06	0	chr16	29310776	88017294
chr16	71707682	71708714	71708187	44	19	6	0	2.13022999253631e-05	4.31219085756736e-05	4312.19085756736	1.41432292267599e-05	1414.32292267599	2897.86793489137	0	0	chr16	70136406	72913979
chr16	71707682	71708714	71708187	44	19	6	0	2.13022999253631e-05	4.31219085756736e-05	4312.19085756736	1.41432292267599e-05	1414.32292267599	2897.86793489137	0	0	chr16	11457008	85306741
chr16	71707682	71708714	71708187	44	19	6	0	2.13022999253631e-05	4.31219085756736e-05	4312.19085756736	1.41432292267599e-05	1414.32292267599	2897.86793489137	0	0	chr16	29310776	88017294
chr16	74850948	74852261	74851893	28	6	11	3.43077788400592e-10	3.65641110278148e-07	2.74412145481559e-05	2744.12145481559	4.46628291371365e-06	446.628291371365	2297.49316344423	2.72766420563254e-06	0	chr16	11457008	85306741
chr16	74850948	74852261	74851893	28	6	11	3.43077788400592e-10	3.65641110278148e-07	2.74412145481559e-05	2744.12145481559	4.46628291371365e-06	446.628291371365	2297.49316344423	2.72766420563254e-06	0	chr16	29310776	88017294
chr17	30700563	30701022	30700793	29	13	5	1.51922918689706e-12	1.13638915882897e-05	2.84212579248758e-05	2842.12579248758	9.67694631304624e-06	967.694631304624	1874.43116118295	2.0690934123993e-08	0	chr17	7951524	47693782
chr17	30700563	30701022	30700793	29	13	5	1.51922918689706e-12	1.13638915882897e-05	2.84212579248758e-05	2842.12579248758	9.67694631304624e-06	967.694631304624	1874.43116118295	2.0690934123993e-08	0	chr17	7957595	40449254
chr17	60030854	60031476	60031092	64	48	4	0	2.53266406429198e-05	6.27227761100706e-05	6272.27761100706	3.57302633097092e-05	3573.02633097092	2699.25128003615	0	0	chr17	50944302	66952576
chr17	60030854	60031476	60031092	64	48	4	0	2.53266406429198e-05	6.27227761100706e-05	6272.27761100706	3.57302633097092e-05	3573.02633097092	2699.25128003615	0	0	chr17	58639337	61399697
chr17	60030854	60031476	60031092	64	48	4	0	2.53266406429198e-05	6.27227761100706e-05	6272.27761100706	3.57302633097092e-05	3573.02633097092	2699.25128003615	0	0	chr17	58639388	60295342
chr17	60030854	60031476	60031092	64	48	4	0	2.53266406429198e-05	6.27227761100706e-05	6272.27761100706	3.57302633097092e-05	3573.02633097092	2699.25128003615	0	0	chr17	58639404	74761324
chr17	60030854	60031476	60031092	64	48	4	0	2.53266406429198e-05	6.27227761100706e-05	6272.27761100706	3.57302633097092e-05	3573.02633097092	2699.25128003615	0	0	chr17	58639425	67555840
chr17	61360113	61361506	61360713	74	47	13	0	7.03736589002801e-08	7.25232098772692e-05	7252.32098772692	3.49858828240902e-05	3498.58828240902	3753.73270531789	0	0	chr17	50944302	66952576
chr17	61360113	61361506	61360713	74	47	13	0	7.03736589002801e-08	7.25232098772692e-05	7252.32098772692	3.49858828240902e-05	3498.58828240902	3753.73270531789	0	0	chr17	58639337	61399697
chr17	61360113	61361506	61360713	74	47	13	0	7.03736589002801e-08	7.25232098772692e-05	7252.32098772692	3.49858828240902e-05	3498.58828240902	3753.73270531789	0	0	chr17	58639404	74761324
chr17	61360113	61361506	61360713	74	47	13	0	7.03736589002801e-08	7.25232098772692e-05	7252.32098772692	3.49858828240902e-05	3498.58828240902	3753.73270531789	0	0	chr17	58639425	67555840
chr19	37331375	37332275	37331601	23	15	6	3.23012927516686e-09	0.000919768813022137	2.25409976645566e-05	2254.09976645566	1.11657072842841e-05	1116.57072842841	1137.52903802725	2.08729441785877e-05	0	chr19	35317095	40466727
chr2	113307870	113308474	113308090	23	3	5	4.36051195151776e-09	6.20520428606941e-06	2.25409976645566e-05	2254.09976645566	2.23314145685682e-06	223.314145685682	2030.78562076998	2.74190255427945e-05	0	chr2	113176458	120404852
chr2	162555187	162555860	162555560	26	13	6	1.76778480742712e-10	9.98640238052406e-05	2.54811277947162e-05	2548.11277947162	9.67694631304624e-06	967.694631304624	1580.418148167	1.49971258624677e-06	0	chr2	162489066	162564434
chr20	35154592	35155060	35154827	23	8	5	4.75750783213158e-09	0.000160284301768066	2.25409976645566e-05	2254.09976645566	5.95504388495153e-06	595.504388495153	1658.59537796051	2.97306845105099e-05	0	chr20	32040436	36587874
chr20	35154592	35155060	35154827	23	8	5	4.75750783213158e-09	0.000160284301768066	2.25409976645566e-05	2254.09976645566	5.95504388495153e-06	595.504388495153	1658.59537796051	2.97306845105099e-05	0	chr20	32040656	50764407
chr20	36000069	36001217	36000979	24	8	8	2.8300880527965e-09	4.29770704177823e-05	2.35210410412765e-05	2352.10410412765	5.95504388495153e-06	595.504388495153	1756.5997156325	1.84357678857238e-05	0	chr20	32040436	36587874
chr20	36000069	36001217	36000979	24	8	8	2.8300880527965e-09	4.29770704177823e-05	2.35210410412765e-05	2352.10410412765	5.95504388495153e-06	595.504388495153	1756.5997156325	1.84357678857238e-05	0	chr20	32040656	50764407
chr20	47173853	47174980	47174645	35	20	5	3.38995498339045e-12	0.00064127152232718	3.43015181851949e-05	3430.15181851949	1.48876097123788e-05	1488.76097123788	1941.39084728161	4.2369108227345e-08	0	chr20	32040656	50764407
chr20	47598805	47600173	47599702	48	26	12	9.55414636294449e-11	3.34038593208241e-05	4.7042082082553e-05	4704.2082082553	1.93538926260925e-05	1935.38926260925	2768.81894564605	8.68774547710576e-07	0	chr20	32040656	50764407
chr20	47598805	47600173	47599702	48	26	12	9.55414636294449e-11	3.34038593208241e-05	4.7042082082553e-05	4704.2082082553	1.93538926260925e-05	1935.38926260925	2768.81894564605	8.68774547710576e-07	0	chr20	47231548	50728068
chr20	47598805	47600173	47599702	48	26	12	9.55414636294449e-11	3.34038593208241e-05	4.7042082082553e-05	4704.2082082553	1.93538926260925e-05	1935.38926260925	2768.81894564605	8.68774547710576e-07	0	chr20	47344966	50727991
chr20	51984622	51985760	51985314	66	46	14	0	0.000429150542182399	6.46828628635103e-05	6468.28628635103	3.42415023384713e-05	3424.15023384713	3044.1360525039	0	0	chr20	50727011	53608940
chr20	51984622	51985760	51985314	66	46	14	0	0.000429150542182399	6.46828628635103e-05	6468.28628635103	3.42415023384713e-05	3424.15023384713	3044.1360525039	0	0	chr20	50727073	54124300
chr20	51984622	51985760	51985314	66	46	14	0	0.000429150542182399	6.46828628635103e-05	6468.28628635103	3.42415023384713e-05	3424.15023384713	3044.1360525039	0	0	chr20	50727102	57263124
chr20	51984622	51985760	51985314	66	46	14	0	0.000429150542182399	6.46828628635103e-05	6468.28628635103	3.42415023384713e-05	3424.15023384713	3044.1360525039	0	0	chr20	50763776	54149750
chr20	51984622	51985760	51985314	66	46	14	0	0.000429150542182399	6.46828628635103e-05	6468.28628635103	3.42415023384713e-05	3424.15023384713	3044.1360525039	0	0	chr20	50764210	54195906
chr20	51984622	51985760	51985314	66	46	14	0	0.000429150542182399	6.46828628635103e-05	6468.28628635103	3.42415023384713e-05	3424.15023384713	3044.1360525039	0	0	chr20	48075662	54195929
chr20	51984622	51985760	51985314	66	46	14	0	0.000429150542182399	6.46828628635103e-05	6468.28628635103	3.42415023384713e-05	3424.15023384713	3044.1360525039	0	0	chr20	48075983	54124240
chr20	51984622	51985760	51985314	66	46	14	0	0.000429150542182399	6.46828628635103e-05	6468.28628635103	3.42415023384713e-05	3424.15023384713	3044.1360525039	0	0	chr20	48572031	54195941
chr20	51984622	51985760	51985314	66	46	14	0	0.000429150542182399	6.46828628635103e-05	6468.28628635103	3.42415023384713e-05	3424.15023384713	3044.1360525039	0	0	chr20	48864158	54124360
chr20	51984622	51985760	51985314	66	46	14	0	0.000429150542182399	6.46828628635103e-05	6468.28628635103	3.42415023384713e-05	3424.15023384713	3044.1360525039	0	0	chr20	50656835	63666015
chr20	51984622	51985760	51985314	66	46	14	0	0.000429150542182399	6.46828628635103e-05	6468.28628635103	3.42415023384713e-05	3424.15023384713	3044.1360525039	0	0	chr20	50678080	63864442
chr20	51984622	51985760	51985314	66	46	14	0	0.000429150542182399	6.46828628635103e-05	6468.28628635103	3.42415023384713e-05	3424.15023384713	3044.1360525039	0	0	chr20	50727091	63864384
chr20	53800320	53801731	53801003	66	47	12	0	1.33446625316669e-05	6.46828628635103e-05	6468.28628635103	3.49858828240902e-05	3498.58828240902	2969.69800394201	0	0	chr20	53661489	54195963
chr20	53800320	53801731	53801003	66	47	12	0	1.33446625316669e-05	6.46828628635103e-05	6468.28628635103	3.49858828240902e-05	3498.58828240902	2969.69800394201	0	0	chr20	53661511	54124310
chr20	53800320	53801731	53801003	66	47	12	0	1.33446625316669e-05	6.46828628635103e-05	6468.28628635103	3.49858828240902e-05	3498.58828240902	2969.69800394201	0	0	chr20	53661844	53866878
chr20	53800320	53801731	53801003	66	47	12	0	1.33446625316669e-05	6.46828628635103e-05	6468.28628635103	3.49858828240902e-05	3498.58828240902	2969.69800394201	0	0	chr20	50727073	54124300
chr20	53800320	53801731	53801003	66	47	12	0	1.33446625316669e-05	6.46828628635103e-05	6468.28628635103	3.49858828240902e-05	3498.58828240902	2969.69800394201	0	0	chr20	50727102	57263124
chr20	53800320	53801731	53801003	66	47	12	0	1.33446625316669e-05	6.46828628635103e-05	6468.28628635103	3.49858828240902e-05	3498.58828240902	2969.69800394201	0	0	chr20	50763776	54149750
chr20	53800320	53801731	53801003	66	47	12	0	1.33446625316669e-05	6.46828628635103e-05	6468.28628635103	3.49858828240902e-05	3498.58828240902	2969.69800394201	0	0	chr20	50764210	54195906
chr20	53800320	53801731	53801003	66	47	12	0	1.33446625316669e-05	6.46828628635103e-05	6468.28628635103	3.49858828240902e-05	3498.58828240902	2969.69800394201	0	0	chr20	53724848	57263619
chr20	53800320	53801731	53801003	66	47	12	0	1.33446625316669e-05	6.46828628635103e-05	6468.28628635103	3.49858828240902e-05	3498.58828240902	2969.69800394201	0	0	chr20	48075662	54195929
chr20	53800320	53801731	53801003	66	47	12	0	1.33446625316669e-05	6.46828628635103e-05	6468.28628635103	3.49858828240902e-05	3498.58828240902	2969.69800394201	0	0	chr20	48075983	54124240
chr20	53800320	53801731	53801003	66	47	12	0	1.33446625316669e-05	6.46828628635103e-05	6468.28628635103	3.49858828240902e-05	3498.58828240902	2969.69800394201	0	0	chr20	48572031	54195941
chr20	53800320	53801731	53801003	66	47	12	0	1.33446625316669e-05	6.46828628635103e-05	6468.28628635103	3.49858828240902e-05	3498.58828240902	2969.69800394201	0	0	chr20	48864158	54124360
chr20	53800320	53801731	53801003	66	47	12	0	1.33446625316669e-05	6.46828628635103e-05	6468.28628635103	3.49858828240902e-05	3498.58828240902	2969.69800394201	0	0	chr20	50656835	63666015
chr20	53800320	53801731	53801003	66	47	12	0	1.33446625316669e-05	6.46828628635103e-05	6468.28628635103	3.49858828240902e-05	3498.58828240902	2969.69800394201	0	0	chr20	50678080	63864442
chr20	53800320	53801731	53801003	66	47	12	0	1.33446625316669e-05	6.46828628635103e-05	6468.28628635103	3.49858828240902e-05	3498.58828240902	2969.69800394201	0	0	chr20	50727091	63864384
chr20	57710573	57711143	57710829	27	7	8	4.87521167880089e-09	7.26935535200202e-06	2.6461171171436e-05	2646.1171171436	5.21066339933259e-06	521.066339933259	2125.05077721035	3.02793315817923e-05	0	chr20	57693653	58009482
chr20	57710573	57711143	57710829	27	7	8	4.87521167880089e-09	7.26935535200202e-06	2.6461171171436e-05	2646.1171171436	5.21066339933259e-06	521.066339933259	2125.05077721035	3.02793315817923e-05	0	chr20	50656835	63666015
chr20	57710573	57711143	57710829	27	7	8	4.87521167880089e-09	7.26935535200202e-06	2.6461171171436e-05	2646.1171171436	5.21066339933259e-06	521.066339933259	2125.05077721035	3.02793315817923e-05	0	chr20	50678080	63864442
chr20	57710573	57711143	57710829	27	7	8	4.87521167880089e-09	7.26935535200202e-06	2.6461171171436e-05	2646.1171171436	5.21066339933259e-06	521.066339933259	2125.05077721035	3.02793315817923e-05	0	chr20	50727091	63864384
chr20	58111855	58112575	58112102	25	9	6	2.35024844030818e-09	0.00026380920384006	2.45010844179963e-05	2450.10844179963	6.69942437057047e-06	669.942437057047	1780.16600474259	1.55511586983266e-05	0	chr20	50656835	63666015
chr20	58111855	58112575	58112102	25	9	6	2.35024844030818e-09	0.00026380920384006	2.45010844179963e-05	2450.10844179963	6.69942437057047e-06	669.942437057047	1780.16600474259	1.55511586983266e-05	0	chr20	50678080	63864442
chr20	58111855	58112575	58112102	25	9	6	2.35024844030818e-09	0.00026380920384006	2.45010844179963e-05	2450.10844179963	6.69942437057047e-06	669.942437057047	1780.16600474259	1.55511586983266e-05	0	chr20	50727091	63864384
chr21	15164451	15165523	15164756	24	14	8	6.81495992971293e-09	0.00091687497665538	2.35210410412765e-05	2352.10410412765	1.04213267986652e-05	1042.13267986652	1309.97142426113	4.13956749436197e-05	0	chr21	15132483	15173966
chr21	15164451	15165523	15164756	24	14	8	6.81495992971293e-09	0.00091687497665538	2.35210410412765e-05	2352.10410412765	1.04213267986652e-05	1042.13267986652	1309.97142426113	4.13956749436197e-05	0	chr21	14863185	15210643
chr21	15164451	15165523	15164756	24	14	8	6.81495992971293e-09	0.00091687497665538	2.35210410412765e-05	2352.10410412765	1.04213267986652e-05	1042.13267986652	1309.97142426113	4.13956749436197e-05	0	chr21	15003030	15200314
chr21	15164451	15165523	15164756	24	14	8	6.81495992971293e-09	0.00091687497665538	2.35210410412765e-05	2352.10410412765	1.04213267986652e-05	1042.13267986652	1309.97142426113	4.13956749436197e-05	0	chr21	15003112	15210922
chr21	15164451	15165523	15164756	24	14	8	6.81495992971293e-09	0.00091687497665538	2.35210410412765e-05	2352.10410412765	1.04213267986652e-05	1042.13267986652	1309.97142426113	4.13956749436197e-05	0	chr21	15003480	15444731
chr21	15164451	15165523	15164756	24	14	8	6.81495992971293e-09	0.00091687497665538	2.35210410412765e-05	2352.10410412765	1.04213267986652e-05	1042.13267986652	1309.97142426113	4.13956749436197e-05	0	chr21	15005031	15204375
chr21	15164451	15165523	15164756	24	14	8	6.81495992971293e-09	0.00091687497665538	2.35210410412765e-05	2352.10410412765	1.04213267986652e-05	1042.13267986652	1309.97142426113	4.13956749436197e-05	0	chr21	15005039	15208301
chr21	15164451	15165523	15164756	24	14	8	6.81495992971293e-09	0.00091687497665538	2.35210410412765e-05	2352.10410412765	1.04213267986652e-05	1042.13267986652	1309.97142426113	4.13956749436197e-05	0	chr21	15005100	15173833
chr21	15164451	15165523	15164756	24	14	8	6.81495992971293e-09	0.00091687497665538	2.35210410412765e-05	2352.10410412765	1.04213267986652e-05	1042.13267986652	1309.97142426113	4.13956749436197e-05	0	chr21	15065104	15173348
chr21	15164451	15165523	15164756	24	14	8	6.81495992971293e-09	0.00091687497665538	2.35210410412765e-05	2352.10410412765	1.04213267986652e-05	1042.13267986652	1309.97142426113	4.13956749436197e-05	0	chr21	15132548	15587426
chr22	24210983	24211879	24211641	27	5	7	6.21455109595104e-11	9.03116084111089e-05	2.6461171171436e-05	2646.1171171436	3.72190242809471e-06	372.190242809471	2273.92687433413	5.89822656107269e-07	0	chr22	24206830	24352663
chr3	64490992	64491931	64491527	55	15	9	0	2.25375273998907e-14	5.39023857195919e-05	5390.23857195919	1.11657072842841e-05	1116.57072842841	4273.66784353078	0	0	chr3	64491460	64492035
chr3	150253104	150254315	150253828.5	26	4	14	4.9069157626036e-09	5.35258318778986e-08	2.54811277947162e-05	2548.11277947162	2.97752194247576e-06	297.752194247576	2250.36058522404	3.04140452797697e-05	0	chr3	150238230	150317975
chr3	153138268	153139413	153139128	39	18	6	0	1.05429356852538e-05	3.82216916920743e-05	3822.16916920743	1.33988487411409e-05	1339.88487411409	2482.28429509334	0	0	chr3	150737026	156813086
chr3	153138268	153139413	153139128	39	18	6	0	1.05429356852538e-05	3.82216916920743e-05	3822.16916920743	1.33988487411409e-05	1339.88487411409	2482.28429509334	0	0	chr3	150737090	154219393
chr3	185562643	185563529	185563300	27	9	6	4.29765112386349e-11	9.0979152048698e-06	2.6461171171436e-05	2646.1171171436	6.69942437057047e-06	669.942437057047	1976.17468008656	4.21047535032453e-07	0	chr3	184597566	193880604
chr5	137890098	137891347	137891124	36	9	12	3.33066907387547e-16	2.93831946551748e-08	3.52815615619147e-05	3528.15615619147	6.69942437057047e-06	669.942437057047	2858.21371913443	7.66335984568979e-12	0	chr5	137850039	137889348
chr6	16768951	16770117	16769322	33	11	11	8.93729534823251e-14	2.35953915417308e-06	3.23414314317552e-05	3234.14314317552	8.18818534180835e-06	818.818534180835	2415.32460899468	1.44380960496985e-09	0	chr6	6703509	17473843
chr6	111600103	111601219	111600805	38	17	15	1.11022302462516e-16	2.09626499458881e-06	3.72416483153544e-05	3724.16483153544	1.2654468255522e-05	1265.4468255522	2458.71800598324	2.67609391436786e-12	0	chr6	111592369	112019642
chr6	122651839	122653385	122652793	53	28	13	0	6.83580303473263e-09	5.19422989661522e-05	5194.22989661522	2.08426535973304e-05	2084.26535973304	3109.96453688219	0	0	chr6	122620598	122697603
chr7	151736088	151736965	151736406	24	9	6	2.24791518732559e-09	0.000552674893700256	2.35210410412765e-05	2352.10410412765	6.69942437057047e-06	669.942437057047	1682.1616670706	1.50047992920877e-05	0	chr7	151694493	151736681
chr7	151736088	151736965	151736406	24	9	6	2.24791518732559e-09	0.000552674893700256	2.35210410412765e-05	2352.10410412765	6.69942437057047e-06	669.942437057047	1682.1616670706	1.50047992920877e-05	0	chr7	151708873	151857172
chr8	78643344	78644718	78644510	31	12	9	1.81632486828676e-13	9.48152261037727e-07	3.03813446783155e-05	3038.13446783155	8.93256582742729e-06	893.25658274273	2144.87788508882	2.78605704612189e-09	0	chr8	67380800	101504329
chr8	88424766	88426214	88425556	44	16	12	0	1.852315545392e-08	4.31219085756736e-05	4312.19085756736	1.19100877699031e-05	1191.00877699031	3121.18208057705	0	0	chr8	67380800	101504329
chr8	90586884	90588108	90587682	40	29	18	1.98729921407903e-14	3.54165854199451e-07	3.92017350687941e-05	3920.17350687941	2.15870340829493e-05	2158.70340829493	1761.47009858449	3.46877138762372e-10	0	chr8	67380800	101504329
chr8	92053502	92054129	92053706	23	10	10	7.2548973495401e-09	0.000522802993828675	2.25409976645566e-05	2254.09976645566	7.44380485618941e-06	744.380485618941	1509.71928083672	4.38923891004792e-05	0	chr8	67380800	101504329
chr8	101408817	101410175	101409715.5	38	26	10	8.44879721739744e-14	0.000183307995460846	3.72416483153544e-05	3724.16483153544	1.93538926260925e-05	1935.38926260925	1788.7755689262	1.3795695756617e-09	0	chr8	101120381	101504704
chr8	101408817	101410175	101409715.5	38	26	10	8.44879721739744e-14	0.000183307995460846	3.72416483153544e-05	3724.16483153544	1.93538926260925e-05	1935.38926260925	1788.7755689262	1.3795695756617e-09	0	chr8	67380800	101504329
chr8	101408817	101410175	101409715.5	38	26	10	8.44879721739744e-14	0.000183307995460846	3.72416483153544e-05	3724.16483153544	1.93538926260925e-05	1935.38926260925	1788.7755689262	1.3795695756617e-09	0	chr8	97764126	106624723
chr8	109606484	109607445	109607136.5	24	9	13	6.08011452296608e-09	7.87481757391628e-05	2.35210410412765e-05	2352.10410412765	6.69942437057047e-06	669.942437057047	1682.1616670706	3.7154980401935e-05	0	chr8	109575006	109607230
chr8	109606484	109607445	109607136.5	24	9	13	6.08011452296608e-09	7.87481757391628e-05	2.35210410412765e-05	2352.10410412765	6.69942437057047e-06	669.942437057047	1682.1616670706	3.7154980401935e-05	0	chr8	109575214	109639231
chr8	123527768	123529253	123528459	33	9	12	7.28306304154103e-13	3.59752311784867e-06	3.23414314317552e-05	3234.14314317552	6.69942437057047e-06	669.942437057047	2564.20070611847	1.03362251675696e-08	0	chr8	118112273	144372949
chr8	125606490	125606980	125606761	31	10	3	1.45994327738208e-13	1.00481163860522e-05	3.03813446783155e-05	3038.13446783155	7.44380485618941e-06	744.380485618941	2293.75398221261	2.2622551054674e-09	0	chr8	118112273	144372949
chr8	126496738	126498170	126497495	42	16	14	0	3.28521080894539e-07	4.11618218222338e-05	4116.18218222339	1.19100877699031e-05	1191.00877699031	2925.17340523308	0	0	chr8	118112273	144372949
chr8	127317425	127317893	127317660	25	11	5	6.37087049781826e-10	0.000604478114564433	2.45010844179963e-05	2450.10844179963	8.18818534180835e-06	818.818534180835	1631.2899076188	4.80126190188407e-06	0	chr8	118112273	144372949
chr9	94138702	94140173	94139834	38	22	13	1.11022302462516e-16	0.000178717353737312	3.72416483153544e-05	3724.16483153544	1.63763706836167e-05	1637.63706836167	2086.52776317377	2.67609391436786e-12	0	chr9	92665922	121717964
chr9	105054528	105055173	105054833	34	8	9	6.21724893790088e-15	1.06772929386878e-08	3.3321474808475e-05	3332.1474808475	5.95504388495153e-06	595.504388495153	2736.64309235235	1.15843672759384e-10	0	chr9	92665922	121717964
chr9	108594589	108595048	108594815	30	15	4	5.61217738948017e-13	0.00047227908774139	2.94013013015956e-05	2940.13013015956	1.11657072842841e-05	1116.57072842841	1823.55940173115	8.11659284227773e-09	0	chr9	92665922	121717964
chr9	111600692	111602243	111601867	42	22	16	0	2.86733247434334e-06	4.11618218222338e-05	4116.18218222339	1.63763706836167e-05	1637.63706836167	2478.54511386171	0	0	chr9	92665922	121717964
