chr1	46134772	46135932	46135347	36	15	9	2.22044604925031e-16	1.31911427988518e-05	3.52815615619147e-05	3528.15615619147	1.11657072842841e-05	1116.57072842841	2411.58542776306	5.18750512631309e-12	0	chr1	16607981	152023210
chr1	75376224	75377529	75377296	33	17	7	3.77475828372553e-15	0.000163857053323446	3.23414314317552e-05	3234.14314317552	1.2654468255522e-05	1265.4468255522	1968.69631762332	7.302156897549e-11	0	chr1	16607981	152023210
chr1	75382466	75382934	75382701	30	17	5	2.52242671194836e-13	0.00095185696011868	2.94013013015956e-05	2940.13013015956	1.2654468255522e-05	1265.4468255522	1674.68330460736	3.81139680126327e-09	0	chr1	16607981	152023210
chr1	108216309	108217487	108217058	68	53	12	0	1.03237840498593e-08	6.664294961695e-05	6664.294961695	3.94521657378039e-05	3945.21657378039	2719.07838791462	0	0	chr1	16607981	152023210
chr1	108533169	108534271	108533744	27	14	8	9.43089606408876e-10	1.39047139405823e-05	2.6461171171436e-05	2646.1171171436	1.04213267986652e-05	1042.13267986652	1603.98443727709	6.85233114650075e-06	0	chr1	16607981	152023210
chr1	108815817	108816578	108816295	27	18	9	1.18108367530567e-09	0.000746722068093897	2.6461171171436e-05	2646.1171171436	1.33988487411409e-05	1339.88487411409	1306.23224302951	8.36151629318651e-06	0	chr1	16607981	152023210
chr1	109214503	109215019	109214789	25	7	4	7.58830664970844e-10	7.23807673352894e-06	2.45010844179963e-05	2450.10844179963	5.21066339933259e-06	521.066339933259	1929.04210186638	5.62111773545103e-06	0	chr1	109199201	109246776
chr1	109214503	109215019	109214789	25	7	4	7.58830664970844e-10	7.23807673352894e-06	2.45010844179963e-05	2450.10844179963	5.21066339933259e-06	521.066339933259	1929.04210186638	5.62111773545103e-06	0	chr1	109150934	109246864
chr1	109214503	109215019	109214789	25	7	4	7.58830664970844e-10	7.23807673352894e-06	2.45010844179963e-05	2450.10844179963	5.21066339933259e-06	521.066339933259	1929.04210186638	5.62111773545103e-06	0	chr1	16607981	152023210
chr1	120750569	120751603	120751157	32	22	10	1.06244013586831e-10	0.000609644774999696	3.13613880550353e-05	3136.13880550353	1.63763706836167e-05	1637.63706836167	1498.50173714186	9.51845445595311e-07	0	chr1	16607981	152023210
chr1	146201369	146202399	146201887	40	27	11	2.66453525910038e-15	0.000515578715841958	3.92017350687941e-05	3920.17350687941	2.00982731117114e-05	2009.82731117114	1910.34619570827	5.28922091310354e-11	0	chr1	145707959	148891507
chr1	146201369	146202399	146201887	40	27	11	2.66453525910038e-15	0.000515578715841958	3.92017350687941e-05	3920.17350687941	2.00982731117114e-05	2009.82731117114	1910.34619570827	5.28922091310354e-11	0	chr1	16607981	152023210
chr1	147675987	147677336	147676833	64	28	12	0	7.83945686144705e-10	6.27227761100706e-05	6272.27761100706	2.08426535973304e-05	2084.26535973304	4188.01225127403	0	0	chr1	147669346	147717557
chr1	147675987	147677336	147676833	64	28	12	0	7.83945686144705e-10	6.27227761100706e-05	6272.27761100706	2.08426535973304e-05	2084.26535973304	4188.01225127403	0	0	chr1	145707959	148891507
chr1	147675987	147677336	147676833	64	28	12	0	7.83945686144705e-10	6.27227761100706e-05	6272.27761100706	2.08426535973304e-05	2084.26535973304	4188.01225127403	0	0	chr1	16607981	152023210
chr1	148651464	148652989	148652623	55	30	17	0	9.89272718188161e-08	5.39023857195919e-05	5390.23857195919	2.23314145685682e-05	2233.14145685682	3157.09711510237	0	0	chr1	145707959	148891507
chr1	148651464	148652989	148652623	55	30	17	0	9.89272718188161e-08	5.39023857195919e-05	5390.23857195919	2.23314145685682e-05	2233.14145685682	3157.09711510237	0	0	chr1	16607981	152023210
chr1	149417595	149418924	149418403	45	27	12	1.22124532708767e-15	1.0774646035383e-06	4.41019519523934e-05	4410.19519523934	2.00982731117114e-05	2009.82731117114	2400.3678840682	2.55797666573369e-11	0	chr1	16607981	152023210
chr1	183461004	183462399	183461698	27	11	11	2.70821143288913e-10	0.000296960845262095	2.6461171171436e-05	2646.1171171436	8.18818534180835e-06	818.818534180835	1827.29858296277	2.22301559206307e-06	0	chr1	183023828	183606172
chr12	56400883	56401342	56401113	34	13	4	2.88657986402541e-15	5.57242169352268e-06	3.3321474808475e-05	3332.1474808475	9.67694631304624e-06	967.694631304624	2364.45284954288	5.69278159965527e-11	0	chr12	55177588	122855390
chr12	58912475	58913460	58912876	27	10	16	2.96702551416672e-10	0.000157118072289353	2.6461171171436e-05	2646.1171171436	7.44380485618941e-06	744.380485618941	1901.73663152466	2.39024047626923e-06	0	chr12	55177588	122855390
chr12	79082734	79083801	79083559	29	19	13	1.20121690372343e-11	0.000628528528370254	2.84212579248758e-05	2842.12579248758	1.41432292267599e-05	1414.32292267599	1427.80286981159	1.33635072534898e-07	0	chr12	55177588	122855390
chr12	99959388	99960334	99959879	27	14	15	1.1661482890446e-10	0.00061324999739587	2.6461171171436e-05	2646.1171171436	1.04213267986652e-05	1042.13267986652	1603.98443727709	1.03863048660603e-06	0	chr12	55177588	122855390
chr12	118059088	118060284	118059764	39	18	9	0	1.6137521681614e-05	3.82216916920743e-05	3822.16916920743	1.33988487411409e-05	1339.88487411409	2482.28429509334	0	0	chr12	55177588	122855390
chr12	118105961	118106846	118106217	27	12	6	5.36406474793694e-11	0.0004010901239071	2.6461171171436e-05	2646.1171171436	8.93256582742729e-06	893.25658274273	1752.86053440088	5.18831133730087e-07	0	chr12	55177588	122855390
chr12	122110940	122112310	122111140	27	10	11	6.06223182764154e-10	0.000141109819683405	2.6461171171436e-05	2646.1171171436	7.44380485618941e-06	744.380485618941	1901.73663152466	4.59144972665911e-06	0	chr12	119170941	123070297
chr12	122110940	122112310	122111140	27	10	11	6.06223182764154e-10	0.000141109819683405	2.6461171171436e-05	2646.1171171436	7.44380485618941e-06	744.380485618941	1901.73663152466	4.59144972665911e-06	0	chr12	55177588	122855390
chr14	73696048	73697136	73696743	25	4	10	4.20323187366733e-09	2.82377365046216e-07	2.45010844179963e-05	2450.10844179963	2.97752194247576e-06	297.752194247576	2152.35624755206	2.65399400866711e-05	0	chr14	73601927	73783189
chr14	73696048	73697136	73696743	25	4	10	4.20323187366733e-09	2.82377365046216e-07	2.45010844179963e-05	2450.10844179963	2.97752194247576e-06	297.752194247576	2152.35624755206	2.65399400866711e-05	0	chr14	73633831	73783215
chr15	96230123	96231322	96230823	30	27	11	2.82786016825298e-11	0.000833945490530397	2.94013013015956e-05	2940.13013015956	2.00982731117114e-05	2009.82731117114	930.30281898842	2.87242308310507e-07	0	chr15	95895068	96337342
chr17	30700563	30701022	30700793	29	13	5	1.51922918689706e-12	1.13638915882897e-05	2.84212579248758e-05	2842.12579248758	9.67694631304624e-06	967.694631304624	1874.43116118295	2.0690934123993e-08	0	chr17	7957595	40449254
chr17	58740898	58741634	58741118	49	23	5	0	6.43923536713942e-09	4.80221254592728e-05	4802.21254592728	1.71207511692356e-05	1712.07511692356	3090.13742900372	0	0	chr17	58639496	60345826
chr17	58740898	58741634	58741118	49	23	5	0	6.43923536713942e-09	4.80221254592728e-05	4802.21254592728	1.71207511692356e-05	1712.07511692356	3090.13742900372	0	0	chr17	58639404	74761214
chr17	59093106	59095705	59094612	75	37	21	0	4.78428408001719e-12	7.3503253253989e-05	7350.3253253989	2.75420779679008e-05	2754.20779679008	4596.11752860882	0	0	chr17	58639496	60345826
chr17	59093106	59095705	59094612	75	37	21	0	4.78428408001719e-12	7.3503253253989e-05	7350.3253253989	2.75420779679008e-05	2754.20779679008	4596.11752860882	0	0	chr17	58639404	74761214
chr17	59832730	59833500	59833124	51	34	9	0	2.73996867997672e-05	4.99822122127125e-05	4998.22122127125	2.5308936511044e-05	2530.8936511044	2467.32757016685	0	0	chr17	58639496	60345826
chr17	59832730	59833500	59833124	51	34	9	0	2.73996867997672e-05	4.99822122127125e-05	4998.22122127125	2.5308936511044e-05	2530.8936511044	2467.32757016685	0	0	chr17	58639404	74761214
chr17	60030854	60031476	60031092	64	48	4	0	2.53266406429198e-05	6.27227761100706e-05	6272.27761100706	3.57302633097092e-05	3573.02633097092	2699.25128003615	0	0	chr17	58639496	60345826
chr17	60030854	60031476	60031092	64	48	4	0	2.53266406429198e-05	6.27227761100706e-05	6272.27761100706	3.57302633097092e-05	3573.02633097092	2699.25128003615	0	0	chr17	58639404	74761214
chr17	61360113	61361506	61360713	74	47	13	0	7.03736589002801e-08	7.25232098772692e-05	7252.32098772692	3.49858828240902e-05	3498.58828240902	3753.73270531789	0	0	chr17	61356445	61723973
chr17	61360113	61361506	61360713	74	47	13	0	7.03736589002801e-08	7.25232098772692e-05	7252.32098772692	3.49858828240902e-05	3498.58828240902	3753.73270531789	0	0	chr17	58639404	74761214
chr17	62887764	62888999	62888544	52	29	11	0	1.67502484299531e-05	5.09622555894324e-05	5096.22555894324	2.15870340829493e-05	2158.70340829493	2937.52215064831	0	0	chr17	62135216	62961978
chr17	62887764	62888999	62888544	52	29	11	0	1.67502484299531e-05	5.09622555894324e-05	5096.22555894324	2.15870340829493e-05	2158.70340829493	2937.52215064831	0	0	chr17	58639404	74761214
chr17	62950153	62950877	62950461	35	13	6	7.99360577730113e-15	2.79602042618787e-06	3.43015181851949e-05	3430.15181851949	9.67694631304624e-06	967.694631304624	2462.45718721486	1.48033682872837e-10	0	chr17	62135216	62961978
chr17	62950153	62950877	62950461	35	13	6	7.99360577730113e-15	2.79602042618787e-06	3.43015181851949e-05	3430.15181851949	9.67694631304624e-06	967.694631304624	2462.45718721486	1.48033682872837e-10	0	chr17	58639404	74761214
chr18	62485349	62486193	62485910	29	9	5	1.63813407283442e-12	9.15480387053691e-07	2.84212579248758e-05	2842.12579248758	6.69942437057047e-06	669.942437057047	2172.18335543053	2.21120287956388e-08	0	chr18	60053835	63241865
chr20	42190407	42191190	42190898	29	10	9	3.92408328053762e-12	1.62095936779849e-05	2.84212579248758e-05	2842.12579248758	7.44380485618941e-06	744.380485618941	2097.74530686863	4.82506233393516e-08	0	chr20	39758758	54124105
chr20	47173853	47174980	47174645	35	20	5	3.38995498339045e-12	0.00064127152232718	3.43015181851949e-05	3430.15181851949	1.48876097123788e-05	1488.76097123788	1941.39084728161	4.2369108227345e-08	0	chr20	39758758	54124105
chr20	47598805	47600173	47599702	48	26	12	9.55414636294449e-11	3.34038593208241e-05	4.7042082082553e-05	4704.2082082553	1.93538926260925e-05	1935.38926260925	2768.81894564605	8.68774547710576e-07	0	chr20	39758758	54124105
chr20	47598805	47600173	47599702	48	26	12	9.55414636294449e-11	3.34038593208241e-05	4.7042082082553e-05	4704.2082082553	1.93538926260925e-05	1935.38926260925	2768.81894564605	8.68774547710576e-07	0	chr20	47331389	50727792
chr20	47598805	47600173	47599702	48	26	12	9.55414636294449e-11	3.34038593208241e-05	4.7042082082553e-05	4704.2082082553	1.93538926260925e-05	1935.38926260925	2768.81894564605	8.68774547710576e-07	0	chr20	47345347	50727991
chr20	48051537	48052758	48051934	29	9	4	7.53443862855363e-10	1.66483435540821e-05	2.84212579248758e-05	2842.12579248758	6.69942437057047e-06	669.942437057047	2172.18335543053	5.594860434884e-06	0	chr20	47989542	48076837
chr20	48051537	48052758	48051934	29	9	4	7.53443862855363e-10	1.66483435540821e-05	2.84212579248758e-05	2842.12579248758	6.69942437057047e-06	669.942437057047	2172.18335543053	5.594860434884e-06	0	chr20	47789807	48076493
chr20	48051537	48052758	48051934	29	9	4	7.53443862855363e-10	1.66483435540821e-05	2.84212579248758e-05	2842.12579248758	6.69942437057047e-06	669.942437057047	2172.18335543053	5.594860434884e-06	0	chr20	47801082	48076538
chr20	48051537	48052758	48051934	29	9	4	7.53443862855363e-10	1.66483435540821e-05	2.84212579248758e-05	2842.12579248758	6.69942437057047e-06	669.942437057047	2172.18335543053	5.594860434884e-06	0	chr20	47857211	48076680
chr20	48051537	48052758	48051934	29	9	4	7.53443862855363e-10	1.66483435540821e-05	2.84212579248758e-05	2842.12579248758	6.69942437057047e-06	669.942437057047	2172.18335543053	5.594860434884e-06	0	chr20	39758758	54124105
chr20	48051537	48052758	48051934	29	9	4	7.53443862855363e-10	1.66483435540821e-05	2.84212579248758e-05	2842.12579248758	6.69942437057047e-06	669.942437057047	2172.18335543053	5.594860434884e-06	0	chr20	47331389	50727792
chr20	48051537	48052758	48051934	29	9	4	7.53443862855363e-10	1.66483435540821e-05	2.84212579248758e-05	2842.12579248758	6.69942437057047e-06	669.942437057047	2172.18335543053	5.594860434884e-06	0	chr20	47345347	50727991
chr20	48064666	48065627	48065258	60	29	9	0	4.97350728712043e-06	5.88026026031912e-05	5880.26026031912	2.15870340829493e-05	2158.70340829493	3721.55685202419	0	0	chr20	47989542	48076837
chr20	48064666	48065627	48065258	60	29	9	0	4.97350728712043e-06	5.88026026031912e-05	5880.26026031912	2.15870340829493e-05	2158.70340829493	3721.55685202419	0	0	chr20	47789807	48076493
chr20	48064666	48065627	48065258	60	29	9	0	4.97350728712043e-06	5.88026026031912e-05	5880.26026031912	2.15870340829493e-05	2158.70340829493	3721.55685202419	0	0	chr20	47801082	48076538
chr20	48064666	48065627	48065258	60	29	9	0	4.97350728712043e-06	5.88026026031912e-05	5880.26026031912	2.15870340829493e-05	2158.70340829493	3721.55685202419	0	0	chr20	47857211	48076680
chr20	48064666	48065627	48065258	60	29	9	0	4.97350728712043e-06	5.88026026031912e-05	5880.26026031912	2.15870340829493e-05	2158.70340829493	3721.55685202419	0	0	chr20	39758758	54124105
chr20	48064666	48065627	48065258	60	29	9	0	4.97350728712043e-06	5.88026026031912e-05	5880.26026031912	2.15870340829493e-05	2158.70340829493	3721.55685202419	0	0	chr20	47331389	50727792
chr20	48064666	48065627	48065258	60	29	9	0	4.97350728712043e-06	5.88026026031912e-05	5880.26026031912	2.15870340829493e-05	2158.70340829493	3721.55685202419	0	0	chr20	47345347	50727991
chr20	53800320	53801731	53801003	66	47	12	0	1.33446625316669e-05	6.46828628635103e-05	6468.28628635103	3.49858828240902e-05	3498.58828240902	2969.69800394201	0	0	chr20	53607993	54149627
chr20	53800320	53801731	53801003	66	47	12	0	1.33446625316669e-05	6.46828628635103e-05	6468.28628635103	3.49858828240902e-05	3498.58828240902	2969.69800394201	0	0	chr20	53608039	54195925
chr20	53800320	53801731	53801003	66	47	12	0	1.33446625316669e-05	6.46828628635103e-05	6468.28628635103	3.49858828240902e-05	3498.58828240902	2969.69800394201	0	0	chr20	53661753	53865077
chr20	53800320	53801731	53801003	66	47	12	0	1.33446625316669e-05	6.46828628635103e-05	6468.28628635103	3.49858828240902e-05	3498.58828240902	2969.69800394201	0	0	chr20	53661839	54149434
chr20	53800320	53801731	53801003	66	47	12	0	1.33446625316669e-05	6.46828628635103e-05	6468.28628635103	3.49858828240902e-05	3498.58828240902	2969.69800394201	0	0	chr20	50727106	54149736
chr20	53800320	53801731	53801003	66	47	12	0	1.33446625316669e-05	6.46828628635103e-05	6468.28628635103	3.49858828240902e-05	3498.58828240902	2969.69800394201	0	0	chr20	50763976	54195952
chr20	53800320	53801731	53801003	66	47	12	0	1.33446625316669e-05	6.46828628635103e-05	6468.28628635103	3.49858828240902e-05	3498.58828240902	2969.69800394201	0	0	chr20	53661875	57264083
chr20	53800320	53801731	53801003	66	47	12	0	1.33446625316669e-05	6.46828628635103e-05	6468.28628635103	3.49858828240902e-05	3498.58828240902	2969.69800394201	0	0	chr20	53724848	57263619
chr20	53800320	53801731	53801003	66	47	12	0	1.33446625316669e-05	6.46828628635103e-05	6468.28628635103	3.49858828240902e-05	3498.58828240902	2969.69800394201	0	0	chr20	39758758	54124105
chr20	53800320	53801731	53801003	66	47	12	0	1.33446625316669e-05	6.46828628635103e-05	6468.28628635103	3.49858828240902e-05	3498.58828240902	2969.69800394201	0	0	chr20	48075654	54195929
chr20	53800320	53801731	53801003	66	47	12	0	1.33446625316669e-05	6.46828628635103e-05	6468.28628635103	3.49858828240902e-05	3498.58828240902	2969.69800394201	0	0	chr20	48075759	54149660
chr20	53800320	53801731	53801003	66	47	12	0	1.33446625316669e-05	6.46828628635103e-05	6468.28628635103	3.49858828240902e-05	3498.58828240902	2969.69800394201	0	0	chr20	48075858	54087806
chr20	53800320	53801731	53801003	66	47	12	0	1.33446625316669e-05	6.46828628635103e-05	6468.28628635103	3.49858828240902e-05	3498.58828240902	2969.69800394201	0	0	chr20	48571915	54149631
chr20	53800320	53801731	53801003	66	47	12	0	1.33446625316669e-05	6.46828628635103e-05	6468.28628635103	3.49858828240902e-05	3498.58828240902	2969.69800394201	0	0	chr20	48698020	54127607
chr20	53800320	53801731	53801003	66	47	12	0	1.33446625316669e-05	6.46828628635103e-05	6468.28628635103	3.49858828240902e-05	3498.58828240902	2969.69800394201	0	0	chr20	48864158	54124231
chr20	53800320	53801731	53801003	66	47	12	0	1.33446625316669e-05	6.46828628635103e-05	6468.28628635103	3.49858828240902e-05	3498.58828240902	2969.69800394201	0	0	chr20	48864488	54149669
chr20	54132506	54133263	54132894	34	18	6	2.07937844720618e-09	7.04590817747208e-05	3.3321474808475e-05	3332.1474808475	1.33988487411409e-05	1339.88487411409	1992.26260673341	1.40652955697593e-05	0	chr20	53607993	54149627
chr20	54132506	54133263	54132894	34	18	6	2.07937844720618e-09	7.04590817747208e-05	3.3321474808475e-05	3332.1474808475	1.33988487411409e-05	1339.88487411409	1992.26260673341	1.40652955697593e-05	0	chr20	53608039	54195925
chr20	54132506	54133263	54132894	34	18	6	2.07937844720618e-09	7.04590817747208e-05	3.3321474808475e-05	3332.1474808475	1.33988487411409e-05	1339.88487411409	1992.26260673341	1.40652955697593e-05	0	chr20	53661839	54149434
chr20	54132506	54133263	54132894	34	18	6	2.07937844720618e-09	7.04590817747208e-05	3.3321474808475e-05	3332.1474808475	1.33988487411409e-05	1339.88487411409	1992.26260673341	1.40652955697593e-05	0	chr20	53979747	54195579
chr20	54132506	54133263	54132894	34	18	6	2.07937844720618e-09	7.04590817747208e-05	3.3321474808475e-05	3332.1474808475	1.33988487411409e-05	1339.88487411409	1992.26260673341	1.40652955697593e-05	0	chr20	54070455	54195743
chr20	54132506	54133263	54132894	34	18	6	2.07937844720618e-09	7.04590817747208e-05	3.3321474808475e-05	3332.1474808475	1.33988487411409e-05	1339.88487411409	1992.26260673341	1.40652955697593e-05	0	chr20	54084766	54149688
chr20	54132506	54133263	54132894	34	18	6	2.07937844720618e-09	7.04590817747208e-05	3.3321474808475e-05	3332.1474808475	1.33988487411409e-05	1339.88487411409	1992.26260673341	1.40652955697593e-05	0	chr20	54086829	54195891
chr20	54132506	54133263	54132894	34	18	6	2.07937844720618e-09	7.04590817747208e-05	3.3321474808475e-05	3332.1474808475	1.33988487411409e-05	1339.88487411409	1992.26260673341	1.40652955697593e-05	0	chr20	54103814	54149763
chr20	54132506	54133263	54132894	34	18	6	2.07937844720618e-09	7.04590817747208e-05	3.3321474808475e-05	3332.1474808475	1.33988487411409e-05	1339.88487411409	1992.26260673341	1.40652955697593e-05	0	chr20	54107869	54195981
chr20	54132506	54133263	54132894	34	18	6	2.07937844720618e-09	7.04590817747208e-05	3.3321474808475e-05	3332.1474808475	1.33988487411409e-05	1339.88487411409	1992.26260673341	1.40652955697593e-05	0	chr20	54122926	54150126
chr20	54132506	54133263	54132894	34	18	6	2.07937844720618e-09	7.04590817747208e-05	3.3321474808475e-05	3332.1474808475	1.33988487411409e-05	1339.88487411409	1992.26260673341	1.40652955697593e-05	0	chr20	54123720	54152398
chr20	54132506	54133263	54132894	34	18	6	2.07937844720618e-09	7.04590817747208e-05	3.3321474808475e-05	3332.1474808475	1.33988487411409e-05	1339.88487411409	1992.26260673341	1.40652955697593e-05	0	chr20	54126708	54149807
chr20	54132506	54133263	54132894	34	18	6	2.07937844720618e-09	7.04590817747208e-05	3.3321474808475e-05	3332.1474808475	1.33988487411409e-05	1339.88487411409	1992.26260673341	1.40652955697593e-05	0	chr20	50727106	54149736
chr20	54132506	54133263	54132894	34	18	6	2.07937844720618e-09	7.04590817747208e-05	3.3321474808475e-05	3332.1474808475	1.33988487411409e-05	1339.88487411409	1992.26260673341	1.40652955697593e-05	0	chr20	50763976	54195952
chr20	54132506	54133263	54132894	34	18	6	2.07937844720618e-09	7.04590817747208e-05	3.3321474808475e-05	3332.1474808475	1.33988487411409e-05	1339.88487411409	1992.26260673341	1.40652955697593e-05	0	chr20	53661875	57264083
chr20	54132506	54133263	54132894	34	18	6	2.07937844720618e-09	7.04590817747208e-05	3.3321474808475e-05	3332.1474808475	1.33988487411409e-05	1339.88487411409	1992.26260673341	1.40652955697593e-05	0	chr20	53724848	57263619
chr20	54132506	54133263	54132894	34	18	6	2.07937844720618e-09	7.04590817747208e-05	3.3321474808475e-05	3332.1474808475	1.33988487411409e-05	1339.88487411409	1992.26260673341	1.40652955697593e-05	0	chr20	48075654	54195929
chr20	54132506	54133263	54132894	34	18	6	2.07937844720618e-09	7.04590817747208e-05	3.3321474808475e-05	3332.1474808475	1.33988487411409e-05	1339.88487411409	1992.26260673341	1.40652955697593e-05	0	chr20	48075759	54149660
chr20	54132506	54133263	54132894	34	18	6	2.07937844720618e-09	7.04590817747208e-05	3.3321474808475e-05	3332.1474808475	1.33988487411409e-05	1339.88487411409	1992.26260673341	1.40652955697593e-05	0	chr20	48571915	54149631
chr20	54132506	54133263	54132894	34	18	6	2.07937844720618e-09	7.04590817747208e-05	3.3321474808475e-05	3332.1474808475	1.33988487411409e-05	1339.88487411409	1992.26260673341	1.40652955697593e-05	0	chr20	48864488	54149669
chr20	56814321	56814910	56814597	29	12	5	2.76119349607029e-10	0.000172465711892555	2.84212579248758e-05	2842.12579248758	8.93256582742729e-06	893.25658274273	1948.86920974485	2.25007158680042e-06	0	chr20	56734926	56890833
chr20	56814321	56814910	56814597	29	12	5	2.76119349607029e-10	0.000172465711892555	2.84212579248758e-05	2842.12579248758	8.93256582742729e-06	893.25658274273	1948.86920974485	2.25007158680042e-06	0	chr20	56735039	56936873
chr20	56814321	56814910	56814597	29	12	5	2.76119349607029e-10	0.000172465711892555	2.84212579248758e-05	2842.12579248758	8.93256582742729e-06	893.25658274273	1948.86920974485	2.25007158680042e-06	0	chr20	56735066	56975242
chr20	56814321	56814910	56814597	29	12	5	2.76119349607029e-10	0.000172465711892555	2.84212579248758e-05	2842.12579248758	8.93256582742729e-06	893.25658274273	1948.86920974485	2.25007158680042e-06	0	chr20	56758442	56890791
chr20	56814321	56814910	56814597	29	12	5	2.76119349607029e-10	0.000172465711892555	2.84212579248758e-05	2842.12579248758	8.93256582742729e-06	893.25658274273	1948.86920974485	2.25007158680042e-06	0	chr20	56758480	56919860
chr20	56814321	56814910	56814597	29	12	5	2.76119349607029e-10	0.000172465711892555	2.84212579248758e-05	2842.12579248758	8.93256582742729e-06	893.25658274273	1948.86920974485	2.25007158680042e-06	0	chr20	56758515	56937296
chr20	56814321	56814910	56814597	29	12	5	2.76119349607029e-10	0.000172465711892555	2.84212579248758e-05	2842.12579248758	8.93256582742729e-06	893.25658274273	1948.86920974485	2.25007158680042e-06	0	chr20	56758875	56923143
chr20	56814321	56814910	56814597	29	12	5	2.76119349607029e-10	0.000172465711892555	2.84212579248758e-05	2842.12579248758	8.93256582742729e-06	893.25658274273	1948.86920974485	2.25007158680042e-06	0	chr20	53661875	57264083
chr20	56814321	56814910	56814597	29	12	5	2.76119349607029e-10	0.000172465711892555	2.84212579248758e-05	2842.12579248758	8.93256582742729e-06	893.25658274273	1948.86920974485	2.25007158680042e-06	0	chr20	53724848	57263619
chr20	56814321	56814910	56814597	29	12	5	2.76119349607029e-10	0.000172465711892555	2.84212579248758e-05	2842.12579248758	8.93256582742729e-06	893.25658274273	1948.86920974485	2.25007158680042e-06	0	chr20	54195074	57263606
chr21	15164451	15165523	15164756	24	14	8	6.81495992971293e-09	0.00091687497665538	2.35210410412765e-05	2352.10410412765	1.04213267986652e-05	1042.13267986652	1309.97142426113	4.13956749436197e-05	0	chr21	14877488	15210869
chr21	15164451	15165523	15164756	24	14	8	6.81495992971293e-09	0.00091687497665538	2.35210410412765e-05	2352.10410412765	1.04213267986652e-05	1042.13267986652	1309.97142426113	4.13956749436197e-05	0	chr21	15003092	15342988
chr21	15164451	15165523	15164756	24	14	8	6.81495992971293e-09	0.00091687497665538	2.35210410412765e-05	2352.10410412765	1.04213267986652e-05	1042.13267986652	1309.97142426113	4.13956749436197e-05	0	chr21	15003264	15173613
chr21	15164451	15165523	15164756	24	14	8	6.81495992971293e-09	0.00091687497665538	2.35210410412765e-05	2352.10410412765	1.04213267986652e-05	1042.13267986652	1309.97142426113	4.13956749436197e-05	0	chr21	15004917	15173282
chr21	15164451	15165523	15164756	24	14	8	6.81495992971293e-09	0.00091687497665538	2.35210410412765e-05	2352.10410412765	1.04213267986652e-05	1042.13267986652	1309.97142426113	4.13956749436197e-05	0	chr21	15005093	15587484
chr21	15164451	15165523	15164756	24	14	8	6.81495992971293e-09	0.00091687497665538	2.35210410412765e-05	2352.10410412765	1.04213267986652e-05	1042.13267986652	1309.97142426113	4.13956749436197e-05	0	chr21	15132428	15211036
chr21	15164451	15165523	15164756	24	14	8	6.81495992971293e-09	0.00091687497665538	2.35210410412765e-05	2352.10410412765	1.04213267986652e-05	1042.13267986652	1309.97142426113	4.13956749436197e-05	0	chr21	14305950	15210941
chr3	64316556	64317979	64317417	27	2	6	4.16849010864695e-09	6.87723544778862e-10	2.6461171171436e-05	2646.1171171436	1.48876097123788e-06	148.876097123788	2497.24102001982	2.6485766405426e-05	0	chr3	32447519	188491912
chr3	101440116	101440584	101440351	23	10	5	4.06648126283216e-09	0.000455571780738739	2.25409976645566e-05	2254.09976645566	7.44380485618941e-06	744.380485618941	1509.71928083672	2.59461836975006e-05	0	chr3	32447519	188491912
chr3	113024799	113025267	113025029	31	14	4	1.01252339845814e-13	0.000166376759455189	3.03813446783155e-05	3038.13446783155	1.04213267986652e-05	1042.13267986652	1996.00178796503	1.60164220774917e-09	0	chr3	32447519	188491912
chr3	113032073	113033466	113033228	32	18	9	7.38298311375729e-14	0.00071717056955567	3.13613880550353e-05	3136.13880550353	1.33988487411409e-05	1339.88487411409	1796.25393138944	1.21205356262099e-09	0	chr3	32447519	188491912
chr3	121689195	121689663	121689430	24	14	5	1.1553732415237e-09	0.000823042485897818	2.35210410412765e-05	2352.10410412765	1.04213267986652e-05	1042.13267986652	1309.97142426113	8.19860950595793e-06	0	chr3	32447519	188491912
chr3	121942186	121943044	121942659	46	35	15	0	0.00025062401621101	4.50819953291133e-05	4508.19953291133	2.60533169966629e-05	2605.33169966629	1902.86783324503	0	0	chr3	32447519	188491912
chr3	132317046	132318138	132317605	26	12	8	1.4601697628791e-10	6.25613076312703e-05	2.54811277947162e-05	2548.11277947162	8.93256582742729e-06	893.25658274273	1654.85619672889	1.28170747684851e-06	0	chr3	32447519	188491912
chr3	146097343	146097837	146097552	26	15	5	1.0464795696663e-10	0.00074607718406916	2.54811277947162e-05	2548.11277947162	1.11657072842841e-05	1116.57072842841	1431.54205104321	9.40320099901119e-07	0	chr3	32447519	188491912
chr3	150253104	150254315	150253828.5	26	4	14	4.9069157626036e-09	5.35258318778986e-08	2.54811277947162e-05	2548.11277947162	2.97752194247576e-06	297.752194247576	2250.36058522404	3.04140452797697e-05	0	chr3	150237678	150737753
chr3	150253104	150254315	150253828.5	26	4	14	4.9069157626036e-09	5.35258318778986e-08	2.54811277947162e-05	2548.11277947162	2.97752194247576e-06	297.752194247576	2250.36058522404	3.04140452797697e-05	0	chr3	32447519	188491912
chr3	153138268	153139413	153139128	39	18	6	0	1.05429356852538e-05	3.82216916920743e-05	3822.16916920743	1.33988487411409e-05	1339.88487411409	2482.28429509334	0	0	chr3	150736950	161340037
chr3	153138268	153139413	153139128	39	18	6	0	1.05429356852538e-05	3.82216916920743e-05	3822.16916920743	1.33988487411409e-05	1339.88487411409	2482.28429509334	0	0	chr3	150737090	154219393
chr3	153138268	153139413	153139128	39	18	6	0	1.05429356852538e-05	3.82216916920743e-05	3822.16916920743	1.33988487411409e-05	1339.88487411409	2482.28429509334	0	0	chr3	32447519	188491912
chr3	160935060	160935995	160935460	29	24	11	5.5609938875989e-10	0.000290780986205497	2.84212579248758e-05	2842.12579248758	1.78651316548546e-05	1786.51316548546	1055.61262700212	4.24356649093382e-06	0	chr3	150736950	161340037
chr3	160935060	160935995	160935460	29	24	11	5.5609938875989e-10	0.000290780986205497	2.84212579248758e-05	2842.12579248758	1.78651316548546e-05	1786.51316548546	1055.61262700212	4.24356649093382e-06	0	chr3	32447519	188491912
chr3	172562638	172563941	172563513	25	11	13	2.59263588375802e-09	0.00030065753633568	2.45010844179963e-05	2450.10844179963	8.18818534180835e-06	818.818534180835	1631.2899076188	1.69701317026021e-05	0	chr3	32447519	188491912
chr3	185562643	185563529	185563300	27	9	6	4.29765112386349e-11	9.0979152048698e-06	2.6461171171436e-05	2646.1171171436	6.69942437057047e-06	669.942437057047	1976.17468008656	4.21047535032453e-07	0	chr3	32447519	188491912
chr4	74545753	74546648	74546249	27	16	14	1.44973111293467e-09	0.000136820521480785	2.6461171171436e-05	2646.1171171436	1.19100877699031e-05	1191.00877699031	1455.1083401533	1.01461054332476e-05	0	chr4	74374814	74662836
chr6	44203826	44205041	44204296	27	8	7	7.33155758325665e-11	0.00024766868077486	2.6461171171436e-05	2646.1171171436	5.95504388495153e-06	595.504388495153	2050.61272864845	6.78866021467844e-07	0	chr6	44110069	44238675
chr7	151736088	151736965	151736406	24	9	6	2.24791518732559e-09	0.000552674893700256	2.35210410412765e-05	2352.10410412765	6.69942437057047e-06	669.942437057047	1682.1616670706	1.50047992920877e-05	0	chr7	151694484	151857243
chr7	151736088	151736965	151736406	24	9	6	2.24791518732559e-09	0.000552674893700256	2.35210410412765e-05	2352.10410412765	6.69942437057047e-06	669.942437057047	1682.1616670706	1.50047992920877e-05	0	chr7	151721270	151857216
chr9	14330858	14331744	14331204	28	4	11	2.98201463522219e-11	1.32263657803833e-08	2.74412145481559e-05	2744.12145481559	2.97752194247576e-06	297.752194247576	2446.36926056801	3.01891010829891e-07	0	chr9	13510502	14406884
chr9	71987629	71988568	71988354	24	8	9	2.5652684421118e-09	0.000117993413732975	2.35210410412765e-05	2352.10410412765	5.95504388495153e-06	595.504388495153	1756.5997156325	1.68636860614063e-05	0	chr9	71782929	72026773
chr9	71987629	71988568	71988354	24	8	9	2.5652684421118e-09	0.000117993413732975	2.35210410412765e-05	2352.10410412765	5.95504388495153e-06	595.504388495153	1756.5997156325	1.68636860614063e-05	0	chr9	71783043	71993028
chr9	77942690	77943639	77943269	26	7	12	2.3018239536654e-09	2.23138885946383e-06	2.54811277947162e-05	2548.11277947162	5.21066339933259e-06	521.066339933259	2027.04643953836	1.52973981674144e-05	0	chr9	77846560	78041123
chr9	94138702	94140173	94139834	38	22	13	1.11022302462516e-16	0.000178717353737312	3.72416483153544e-05	3724.16483153544	1.63763706836167e-05	1637.63706836167	2086.52776317377	2.67609391436786e-12	0	chr9	88369936	125174889
chr9	94138702	94140173	94139834	38	22	13	1.11022302462516e-16	0.000178717353737312	3.72416483153544e-05	3724.16483153544	1.63763706836167e-05	1637.63706836167	2086.52776317377	2.67609391436786e-12	0	chr9	92665922	121717964
chr9	105054528	105055173	105054833	34	8	9	6.21724893790088e-15	1.06772929386878e-08	3.3321474808475e-05	3332.1474808475	5.95504388495153e-06	595.504388495153	2736.64309235235	1.15843672759384e-10	0	chr9	88369936	125174889
chr9	105054528	105055173	105054833	34	8	9	6.21724893790088e-15	1.06772929386878e-08	3.3321474808475e-05	3332.1474808475	5.95504388495153e-06	595.504388495153	2736.64309235235	1.15843672759384e-10	0	chr9	92665922	121717964
chr9	108594589	108595048	108594815	30	15	4	5.61217738948017e-13	0.00047227908774139	2.94013013015956e-05	2940.13013015956	1.11657072842841e-05	1116.57072842841	1823.55940173115	8.11659284227773e-09	0	chr9	88369936	125174889
chr9	108594589	108595048	108594815	30	15	4	5.61217738948017e-13	0.00047227908774139	2.94013013015956e-05	2940.13013015956	1.11657072842841e-05	1116.57072842841	1823.55940173115	8.11659284227773e-09	0	chr9	92665922	121717964
chr9	111600692	111602243	111601867	42	22	16	0	2.86733247434334e-06	4.11618218222338e-05	4116.18218222339	1.63763706836167e-05	1637.63706836167	2478.54511386171	0	0	chr9	88369936	125174889
chr9	111600692	111602243	111601867	42	22	16	0	2.86733247434334e-06	4.11618218222338e-05	4116.18218222339	1.63763706836167e-05	1637.63706836167	2478.54511386171	0	0	chr9	92665922	121717964
