chr1	109214503	109215453	109214816	26	7	6	4.51704229575967e-10	3.0047583043924e-06	2.54811277947162e-05	2548.11277947162	5.21066339933259e-06	521.066339933259	2027.04643953836	2.88709088553711e-06	0	chr1	109198911	109240715
chr1	148894428	148895406	148895113	28	19	8	7.91669674260476e-09	0.00165356056437005	2.74412145481559e-05	2744.12145481559	1.41432292267599e-05	1414.32292267599	1329.7985321396	3.76141411773096e-05	0	chr1	148853955	148895554
chr1	200433031	200433617	200433368	26	15	7	6.03245120522899e-10	0.000389644161705394	2.54811277947162e-05	2548.11277947162	1.11657072842841e-05	1116.57072842841	1431.54205104321	3.78802893379236e-06	0	chr1	200016549	202335645
chr1	203913891	203914953	203914282	22	6	9	1.24116732780344e-07	0.000567262116800138	2.15609542878368e-05	2156.09542878368	4.46628291371365e-06	446.628291371365	1709.46713741231	0.000436011389539911	0	chr1	203089013	204145671
chr1	219872553	219873269	219873040	24	13	8	1.91555771245078e-09	0.00259010579356456	2.35210410412765e-05	2352.10410412765	9.67694631304624e-06	967.694631304624	1384.40947282302	1.05357051019109e-05	0	chr1	206903703	227329107
chr1	223912007	223913059	223912784	27	13	5	4.81270578944759e-11	0.00435793635597781	2.6461171171436e-05	2646.1171171436	9.67694631304624e-06	967.694631304624	1678.42248583898	3.88555671508538e-07	0	chr1	206903703	227329107
chr1	226114301	226114769	226114531	23	10	4	4.95594776328545e-09	0.000814415191309203	2.25409976645566e-05	2254.09976645566	7.44380485618941e-06	744.380485618941	1509.71928083672	2.47900662727911e-05	0	chr1	206903703	227329107
chr10	3330694	3331276	3330894	28	6	4	1.47482026591206e-11	2.93902017389769e-07	2.74412145481559e-05	2744.12145481559	4.46628291371365e-06	446.628291371365	2297.49316344423	1.30161656576265e-07	0	chr10	3289779	3396264
chr10	30170785	30173225	30171158	35	10	15	9.99200722162641e-15	1.06026312995944e-06	3.43015181851949e-05	3430.15181851949	7.44380485618941e-06	744.380485618941	2685.77133290055	1.65915837769734e-10	0	chr10	29501783	30682599
chr10	80924809	80925549	80925346	20	7	4	1.41528421093717e-07	1.88314067167683e-05	1.96008675343971e-05	1960.08675343971	5.21066339933259e-06	521.066339933259	1439.02041350645	0.000487605825735698	0	chr10	79128273	88108663
chr10	84401185	84402337	84401761	28	5	13	2.10732542527126e-11	2.98713150703733e-06	2.74412145481559e-05	2744.12145481559	3.72190242809471e-06	372.190242809471	2371.93121200612	1.80542976066334e-07	0	chr10	79128273	88108663
chr11	72164287	72164817	72164584	29	10	4	2.27462493285202e-12	0.000108753438869069	2.84212579248758e-05	2842.12579248758	7.44380485618941e-06	744.380485618941	2097.74530686863	2.47545433460925e-08	0	chr11	70805661	72787033
chr11	73034536	73035328	73034845	22	10	8	4.39264576934661e-08	0.00342178909101409	2.15609542878368e-05	2156.09542878368	7.44380485618941e-06	744.380485618941	1411.71494316474	0.000171725901795128	0	chr11	72786194	73195697
chr11	73034536	73035328	73034845	22	10	8	4.39264576934661e-08	0.00342178909101409	2.15609542878368e-05	2156.09542878368	7.44380485618941e-06	744.380485618941	1411.71494316474	0.000171725901795128	0	chr11	72786564	76773137
chr12	14832895	14834053	14833747	23	12	10	3.51256774777653e-08	0.00010071870045758	2.25409976645566e-05	2254.09976645566	8.93256582742729e-06	893.25658274273	1360.84318371293	0.000140736094698482	0	chr12	14819757	14836801
chr12	52330483	52331656	52331294	30	15	6	6.53910259273971e-12	0.00138732008722653	2.94013013015956e-05	2940.13013015956	1.11657072842841e-05	1116.57072842841	1823.55940173115	6.19549583067686e-08	0	chr12	52203131	52345603
chr12	52330483	52331656	52331294	30	15	6	6.53910259273971e-12	0.00138732008722653	2.94013013015956e-05	2940.13013015956	1.11657072842841e-05	1116.57072842841	1823.55940173115	6.19549583067686e-08	0	chr12	52203332	52372398
chr12	52330483	52331656	52331294	30	15	6	6.53910259273971e-12	0.00138732008722653	2.94013013015956e-05	2940.13013015956	1.11657072842841e-05	1116.57072842841	1823.55940173115	6.19549583067686e-08	0	chr12	52147293	52895880
chr12	52330483	52331656	52331294	30	15	6	6.53910259273971e-12	0.00138732008722653	2.94013013015956e-05	2940.13013015956	1.11657072842841e-05	1116.57072842841	1823.55940173115	6.19549583067686e-08	0	chr12	52148396	52972684
chr12	52330483	52331656	52331294	30	15	6	6.53910259273971e-12	0.00138732008722653	2.94013013015956e-05	2940.13013015956	1.11657072842841e-05	1116.57072842841	1823.55940173115	6.19549583067686e-08	0	chr12	52148488	52895842
chr12	53871484	53872528	53871952	42	25	9	0	2.935948261229e-05	4.11618218222338e-05	4116.18218222339	1.86095121404735e-05	1860.95121404735	2255.23096817603	0	0	chr12	53827043	53983934
chr12	79082734	79083801	79083559	29	19	13	1.20121690372343e-11	0.000628528528370254	2.84212579248758e-05	2842.12579248758	1.41432292267599e-05	1414.32292267599	1427.80286981159	1.08390209049699e-07	0	chr12	79022587	79157562
chr14	35356068	35356707	35356268	21	5	3	5.14739784129858e-08	3.45198289385396e-05	2.05809109111169e-05	2058.09109111169	3.72190242809471e-06	372.190242809471	1685.90084830222	0.000196231110732361	0	chr14	35331782	35404415
chr14	35356068	35356707	35356268	21	5	3	5.14739784129858e-08	3.45198289385396e-05	2.05809109111169e-05	2058.09109111169	3.72190242809471e-06	372.190242809471	1685.90084830222	0.000196231110732361	0	chr14	35340601	35404250
chr14	68190864	68192280	68191735	36	13	19	2.32115437981406e-11	5.06169462899386e-07	3.52815615619147e-05	3528.15615619147	9.67694631304624e-06	967.694631304624	2560.46152488685	1.97288445703931e-07	0	chr14	68177472	68459411
chr14	73695713	73697136	73696743	27	6	14	1.29272292870297e-09	6.79603049613675e-07	2.6461171171436e-05	2646.1171171436	4.46628291371365e-06	446.628291371365	2199.48882577224	7.4966009147717e-06	0	chr14	73601883	73785352
chr14	73695713	73697136	73696743	27	6	14	1.29272292870297e-09	6.79603049613675e-07	2.6461171171436e-05	2646.1171171436	4.46628291371365e-06	446.628291371365	2199.48882577224	7.4966009147717e-06	0	chr14	73633664	73785325
chr14	98806204	98807162	98806795	21	8	7	6.49551638032264e-08	0.00594427784979301	2.05809109111169e-05	2058.09109111169	5.95504388495153e-06	595.504388495153	1462.58670261654	0.000241899187602558	0	chr14	98806395	98891777
chr14	98806204	98807162	98806795	21	8	7	6.49551638032264e-08	0.00594427784979301	2.05809109111169e-05	2058.09109111169	5.95504388495153e-06	595.504388495153	1462.58670261654	0.000241899187602558	0	chr14	96574375	100137861
chr15	55357785	55358814	55358510	40	10	12	0	5.21935050734612e-10	3.92017350687941e-05	3920.17350687941	7.44380485618941e-06	744.380485618941	3175.79302126047	0	0	chr15	55357463	55358014
chr15	64072612	64073121	64072847	29	4	7	2.73625566649116e-12	4.32738811451117e-09	2.84212579248758e-05	2842.12579248758	2.97752194247576e-06	297.752194247576	2544.37359824	2.93813843373532e-08	0	chr15	57591269	73710734
chr15	67038613	67039506	67039026	29	17	6	4.00002253542198e-12	0.00358429573963737	2.84212579248758e-05	2842.12579248758	1.2654468255522e-05	1265.4468255522	1576.67896693538	4.11675418348284e-08	0	chr15	57591269	73710734
chr15	96052978	96054149	96053566	27	22	16	1.38686675477118e-08	0.00106800066294244	2.6461171171436e-05	2646.1171171436	1.63763706836167e-05	1637.63706836167	1008.48004878193	6.05362076632533e-05	0	chr15	95894265	96337530
chr15	96052978	96054149	96053566	27	22	16	1.38686675477118e-08	0.00106800066294244	2.6461171171436e-05	2646.1171171436	1.63763706836167e-05	1637.63706836167	1008.48004878193	6.05362076632533e-05	0	chr15	95895156	96103696
chr15	96052978	96054149	96053566	27	22	16	1.38686675477118e-08	0.00106800066294244	2.6461171171436e-05	2646.1171171436	1.63763706836167e-05	1637.63706836167	1008.48004878193	6.05362076632533e-05	0	chr15	95911386	96337435
chr15	96230578	96231322	96230823	28	16	5	2.91926482987037e-11	1.47423011745973e-05	2.74412145481559e-05	2744.12145481559	1.19100877699031e-05	1191.00877699031	1553.11267782528	2.44258452093098e-07	0	chr15	95894265	96337530
chr15	96230578	96231322	96230823	28	16	5	2.91926482987037e-11	1.47423011745973e-05	2.74412145481559e-05	2744.12145481559	1.19100877699031e-05	1191.00877699031	1553.11267782528	2.44258452093098e-07	0	chr15	95911386	96337435
chr16	46693861	46694329	46694091	25	14	5	2.66957789207822e-10	0.000391338277452857	2.45010844179963e-05	2450.10844179963	1.04213267986652e-05	1042.13267986652	1407.97576193312	1.80460377216093e-06	0	chr16	11457008	85306741
chr16	46693861	46694329	46694091	25	14	5	2.66957789207822e-10	0.000391338277452857	2.45010844179963e-05	2450.10844179963	1.04213267986652e-05	1042.13267986652	1407.97576193312	1.80460377216093e-06	0	chr16	21511338	87861173
chr16	46693861	46694329	46694091	25	14	5	2.66957789207822e-10	0.000391338277452857	2.45010844179963e-05	2450.10844179963	1.04213267986652e-05	1042.13267986652	1407.97576193312	1.80460377216093e-06	0	chr16	29310649	88017636
chr16	47864443	47864902	47864669	26	14	5	7.6290751493957e-11	0.00198038758523189	2.54811277947162e-05	2548.11277947162	1.04213267986652e-05	1042.13267986652	1505.9800996051	5.86707608117003e-07	0	chr16	11457008	85306741
chr16	47864443	47864902	47864669	26	14	5	7.6290751493957e-11	0.00198038758523189	2.54811277947162e-05	2548.11277947162	1.04213267986652e-05	1042.13267986652	1505.9800996051	5.86707608117003e-07	0	chr16	21511338	87861173
chr16	47864443	47864902	47864669	26	14	5	7.6290751493957e-11	0.00198038758523189	2.54811277947162e-05	2548.11277947162	1.04213267986652e-05	1042.13267986652	1505.9800996051	5.86707608117003e-07	0	chr16	29310649	88017636
chr16	50396407	50397664	50397461	21	5	5	3.96003984048932e-08	7.67376403785214e-05	2.05809109111169e-05	2058.09109111169	3.72190242809471e-06	372.190242809471	1685.90084830222	0.000156331405145117	0	chr16	11457008	85306741
chr16	50396407	50397664	50397461	21	5	5	3.96003984048932e-08	7.67376403785214e-05	2.05809109111169e-05	2058.09109111169	3.72190242809471e-06	372.190242809471	1685.90084830222	0.000156331405145117	0	chr16	21511338	87861173
chr16	50396407	50397664	50397461	21	5	5	3.96003984048932e-08	7.67376403785214e-05	2.05809109111169e-05	2058.09109111169	3.72190242809471e-06	372.190242809471	1685.90084830222	0.000156331405145117	0	chr16	29310649	88017636
chr16	68635836	68636740	68636315	29	12	6	5.08504349738814e-12	0.000289505479787788	2.84212579248758e-05	2842.12579248758	8.93256582742729e-06	893.25658274273	1948.86920974485	5.00937742812334e-08	0	chr16	11457008	85306741
chr16	68635836	68636740	68636315	29	12	6	5.08504349738814e-12	0.000289505479787788	2.84212579248758e-05	2842.12579248758	8.93256582742729e-06	893.25658274273	1948.86920974485	5.00937742812334e-08	0	chr16	21511338	87861173
chr16	68635836	68636740	68636315	29	12	6	5.08504349738814e-12	0.000289505479787788	2.84212579248758e-05	2842.12579248758	8.93256582742729e-06	893.25658274273	1948.86920974485	5.00937742812334e-08	0	chr16	29310649	88017636
chr16	70205507	70205966	70205733	25	12	5	6.72387590050505e-10	0.000475427999934053	2.45010844179963e-05	2450.10844179963	8.93256582742729e-06	893.25658274273	1556.8518590569	4.18144861797003e-06	0	chr16	11457008	85306741
chr16	70205507	70205966	70205733	25	12	5	6.72387590050505e-10	0.000475427999934053	2.45010844179963e-05	2450.10844179963	8.93256582742729e-06	893.25658274273	1556.8518590569	4.18144861797003e-06	0	chr16	21511338	87861173
chr16	70205507	70205966	70205733	25	12	5	6.72387590050505e-10	0.000475427999934053	2.45010844179963e-05	2450.10844179963	8.93256582742729e-06	893.25658274273	1556.8518590569	4.18144861797003e-06	0	chr16	29310649	88017636
chr16	71707682	71708714	71708187	44	19	6	0	2.13022999253631e-05	4.31219085756736e-05	4312.19085756736	1.41432292267599e-05	1414.32292267599	2897.86793489137	0	0	chr16	11457008	85306741
chr16	71707682	71708714	71708187	44	19	6	0	2.13022999253631e-05	4.31219085756736e-05	4312.19085756736	1.41432292267599e-05	1414.32292267599	2897.86793489137	0	0	chr16	21511338	87861173
chr16	71707682	71708714	71708187	44	19	6	0	2.13022999253631e-05	4.31219085756736e-05	4312.19085756736	1.41432292267599e-05	1414.32292267599	2897.86793489137	0	0	chr16	29310649	88017636
chr16	74850948	74852096	74851780	28	6	11	3.43077788400592e-10	3.65641110278148e-07	2.74412145481559e-05	2744.12145481559	4.46628291371365e-06	446.628291371365	2297.49316344423	2.26934474135922e-06	0	chr16	11457008	85306741
chr16	74850948	74852096	74851780	28	6	11	3.43077788400592e-10	3.65641110278148e-07	2.74412145481559e-05	2744.12145481559	4.46628291371365e-06	446.628291371365	2297.49316344423	2.26934474135922e-06	0	chr16	21511338	87861173
chr16	74850948	74852096	74851780	28	6	11	3.43077788400592e-10	3.65641110278148e-07	2.74412145481559e-05	2744.12145481559	4.46628291371365e-06	446.628291371365	2297.49316344423	2.26934474135922e-06	0	chr16	29310649	88017636
chr16	75061784	75062654	75062451	22	2	5	4.73686433410947e-08	2.90244679623797e-07	2.15609542878368e-05	2156.09542878368	1.48876097123788e-06	148.876097123788	2007.21933165989	0.000183181993130479	0	chr16	11457008	85306741
chr16	75061784	75062654	75062451	22	2	5	4.73686433410947e-08	2.90244679623797e-07	2.15609542878368e-05	2156.09542878368	1.48876097123788e-06	148.876097123788	2007.21933165989	0.000183181993130479	0	chr16	21511338	87861173
chr16	75061784	75062654	75062451	22	2	5	4.73686433410947e-08	2.90244679623797e-07	2.15609542878368e-05	2156.09542878368	1.48876097123788e-06	148.876097123788	2007.21933165989	0.000183181993130479	0	chr16	29310649	88017636
chr17	30700563	30701022	30700793	29	13	5	1.51922918689706e-12	1.13638915882897e-05	2.84212579248758e-05	2842.12579248758	9.67694631304624e-06	967.694631304624	1874.43116118295	1.68757130599219e-08	0	chr17	7951524	47693782
chr17	59621015	59622293	59622029	38	23	18	1.04223537245041e-07	7.87740628928058e-05	3.72416483153544e-05	3724.16483153544	1.71207511692356e-05	1712.07511692356	2012.08971461188	0.000372216915649683	0	chr17	59007603	61723918
chr17	59621015	59622293	59622029	38	23	18	1.04223537245041e-07	7.87740628928058e-05	3.72416483153544e-05	3724.16483153544	1.71207511692356e-05	1712.07511692356	2012.08971461188	0.000372216915649683	0	chr17	58639450	61723838
chr17	59621015	59622293	59622029	38	23	18	1.04223537245041e-07	7.87740628928058e-05	3.72416483153544e-05	3724.16483153544	1.71207511692356e-05	1712.07511692356	2012.08971461188	0.000372216915649683	0	chr17	58639367	74770271
chr17	60030854	60031476	60031092	64	48	4	0	2.53266406429198e-05	6.27227761100706e-05	6272.27761100706	3.57302633097092e-05	3573.02633097092	2699.25128003615	0	0	chr17	59007603	61723918
chr17	60030854	60031476	60031092	64	48	4	0	2.53266406429198e-05	6.27227761100706e-05	6272.27761100706	3.57302633097092e-05	3573.02633097092	2699.25128003615	0	0	chr17	58639450	61723838
chr17	60030854	60031476	60031092	64	48	4	0	2.53266406429198e-05	6.27227761100706e-05	6272.27761100706	3.57302633097092e-05	3573.02633097092	2699.25128003615	0	0	chr17	58639367	74770271
chr17	60115068	60115690	60115449	52	48	4	0	0.00804163740312758	5.09622555894324e-05	5096.22555894324	3.57302633097092e-05	3573.02633097092	1523.19922797232	0	0	chr17	59007603	61723918
chr17	60115068	60115690	60115449	52	48	4	0	0.00804163740312758	5.09622555894324e-05	5096.22555894324	3.57302633097092e-05	3573.02633097092	1523.19922797232	0	0	chr17	58639450	61723838
chr17	60115068	60115690	60115449	52	48	4	0	0.00804163740312758	5.09622555894324e-05	5096.22555894324	3.57302633097092e-05	3573.02633097092	1523.19922797232	0	0	chr17	58639367	74770271
chr17	61249768	61250932	61250443	35	24	10	1.27685506612352e-09	0.00196505188156948	3.43015181851949e-05	3430.15181851949	1.78651316548546e-05	1786.51316548546	1643.63865303403	7.42452500436184e-06	0	chr17	61219373	61254812
chr17	61249768	61250932	61250443	35	24	10	1.27685506612352e-09	0.00196505188156948	3.43015181851949e-05	3430.15181851949	1.78651316548546e-05	1786.51316548546	1643.63865303403	7.42452500436184e-06	0	chr17	59007603	61723918
chr17	61249768	61250932	61250443	35	24	10	1.27685506612352e-09	0.00196505188156948	3.43015181851949e-05	3430.15181851949	1.78651316548546e-05	1786.51316548546	1643.63865303403	7.42452500436184e-06	0	chr17	58639450	61723838
chr17	61249768	61250932	61250443	35	24	10	1.27685506612352e-09	0.00196505188156948	3.43015181851949e-05	3430.15181851949	1.78651316548546e-05	1786.51316548546	1643.63865303403	7.42452500436184e-06	0	chr17	58639367	74770271
chr17	61360113	61361506	61360713	74	47	13	0	7.03736589002801e-08	7.25232098772692e-05	7252.32098772692	3.49858828240902e-05	3498.58828240902	3753.73270531789	0	0	chr17	59007603	61723918
chr17	61360113	61361506	61360713	74	47	13	0	7.03736589002801e-08	7.25232098772692e-05	7252.32098772692	3.49858828240902e-05	3498.58828240902	3753.73270531789	0	0	chr17	58639450	61723838
chr17	61360113	61361506	61360713	74	47	13	0	7.03736589002801e-08	7.25232098772692e-05	7252.32098772692	3.49858828240902e-05	3498.58828240902	3753.73270531789	0	0	chr17	58639367	74770271
chr17	61499548	61500357	61500154	29	22	6	2.02942704863318e-08	0.00731366519371568	2.84212579248758e-05	2842.12579248758	1.63763706836167e-05	1637.63706836167	1204.4887241259	8.53456734686437e-05	0	chr17	61399011	61723914
chr17	61499548	61500357	61500154	29	22	6	2.02942704863318e-08	0.00731366519371568	2.84212579248758e-05	2842.12579248758	1.63763706836167e-05	1637.63706836167	1204.4887241259	8.53456734686437e-05	0	chr17	59007603	61723918
chr17	61499548	61500357	61500154	29	22	6	2.02942704863318e-08	0.00731366519371568	2.84212579248758e-05	2842.12579248758	1.63763706836167e-05	1637.63706836167	1204.4887241259	8.53456734686437e-05	0	chr17	58639450	61723838
chr17	61499548	61500357	61500154	29	22	6	2.02942704863318e-08	0.00731366519371568	2.84212579248758e-05	2842.12579248758	1.63763706836167e-05	1637.63706836167	1204.4887241259	8.53456734686437e-05	0	chr17	58639367	74770271
chr17	61517038	61519774	61518045	57	38	29	7.56879303676072e-09	7.69012413270875e-06	5.58624724730317e-05	5586.24724730317	2.82864584535198e-05	2828.64584535198	2757.60140195119	3.62283371450592e-05	0	chr17	61399011	61723914
chr17	61517038	61519774	61518045	57	38	29	7.56879303676072e-09	7.69012413270875e-06	5.58624724730317e-05	5586.24724730317	2.82864584535198e-05	2828.64584535198	2757.60140195119	3.62283371450592e-05	0	chr17	59007603	61723918
chr17	61517038	61519774	61518045	57	38	29	7.56879303676072e-09	7.69012413270875e-06	5.58624724730317e-05	5586.24724730317	2.82864584535198e-05	2828.64584535198	2757.60140195119	3.62283371450592e-05	0	chr17	58639450	61723838
chr17	61517038	61519774	61518045	57	38	29	7.56879303676072e-09	7.69012413270875e-06	5.58624724730317e-05	5586.24724730317	2.82864584535198e-05	2828.64584535198	2757.60140195119	3.62283371450592e-05	0	chr17	58639367	74770271
chr17	61554911	61555998	61555550	55	43	13	1.11022302462516e-16	0.000307667744665063	5.39023857195919e-05	5390.23857195919	3.20083608816145e-05	3200.83608816145	2189.40248379775	2.48361670735559e-12	0	chr17	61399011	61723914
chr17	61554911	61555998	61555550	55	43	13	1.11022302462516e-16	0.000307667744665063	5.39023857195919e-05	5390.23857195919	3.20083608816145e-05	3200.83608816145	2189.40248379775	2.48361670735559e-12	0	chr17	59007603	61723918
chr17	61554911	61555998	61555550	55	43	13	1.11022302462516e-16	0.000307667744665063	5.39023857195919e-05	5390.23857195919	3.20083608816145e-05	3200.83608816145	2189.40248379775	2.48361670735559e-12	0	chr17	58639450	61723838
chr17	61554911	61555998	61555550	55	43	13	1.11022302462516e-16	0.000307667744665063	5.39023857195919e-05	5390.23857195919	3.20083608816145e-05	3200.83608816145	2189.40248379775	2.48361670735559e-12	0	chr17	58639367	74770271
chr17	61564123	61565575	61565117	29	15	6	2.13988666786236e-08	0.000148514879384609	2.84212579248758e-05	2842.12579248758	1.11657072842841e-05	1116.57072842841	1725.55506405916	8.93371866853056e-05	0	chr17	61399011	61723914
chr17	61564123	61565575	61565117	29	15	6	2.13988666786236e-08	0.000148514879384609	2.84212579248758e-05	2842.12579248758	1.11657072842841e-05	1116.57072842841	1725.55506405916	8.93371866853056e-05	0	chr17	61561198	61723643
chr17	61564123	61565575	61565117	29	15	6	2.13988666786236e-08	0.000148514879384609	2.84212579248758e-05	2842.12579248758	1.11657072842841e-05	1116.57072842841	1725.55506405916	8.93371866853056e-05	0	chr17	59007603	61723918
chr17	61564123	61565575	61565117	29	15	6	2.13988666786236e-08	0.000148514879384609	2.84212579248758e-05	2842.12579248758	1.11657072842841e-05	1116.57072842841	1725.55506405916	8.93371866853056e-05	0	chr17	58639450	61723838
chr17	61564123	61565575	61565117	29	15	6	2.13988666786236e-08	0.000148514879384609	2.84212579248758e-05	2842.12579248758	1.11657072842841e-05	1116.57072842841	1725.55506405916	8.93371866853056e-05	0	chr17	58639367	74770271
chr17	61724911	61726217	61725214	93	96	16	0	0.00682755014023373	9.11440340349464e-05	9114.40340349464	7.14605266194184e-05	7146.05266194184	1968.3507415528	0	0	chr17	61399011	61723914
chr17	61724911	61726217	61725214	93	96	16	0	0.00682755014023373	9.11440340349464e-05	9114.40340349464	7.14605266194184e-05	7146.05266194184	1968.3507415528	0	0	chr17	61723012	61862816
chr17	61724911	61726217	61725214	93	96	16	0	0.00682755014023373	9.11440340349464e-05	9114.40340349464	7.14605266194184e-05	7146.05266194184	1968.3507415528	0	0	chr17	61723227	61839950
chr17	61724911	61726217	61725214	93	96	16	0	0.00682755014023373	9.11440340349464e-05	9114.40340349464	7.14605266194184e-05	7146.05266194184	1968.3507415528	0	0	chr17	59007603	61723918
chr17	61724911	61726217	61725214	93	96	16	0	0.00682755014023373	9.11440340349464e-05	9114.40340349464	7.14605266194184e-05	7146.05266194184	1968.3507415528	0	0	chr17	58639367	74770271
chr17	66269516	66270326	66269751	32	21	10	3.94129173741931e-13	0.0064957131519725	3.13613880550353e-05	3136.13880550353	1.56319901979978e-05	1563.19901979978	1572.93978570376	4.86446306819992e-09	0	chr17	58639367	74770271
chr17	66312304	66313650	66313210	24	10	12	1.47418953710954e-08	0.00047576229776547	2.35210410412765e-05	2352.10410412765	7.44380485618941e-06	744.380485618941	1607.72361850871	6.37432036490136e-05	0	chr17	58639367	74770271
chr17	67246373	67246963	67246760	23	14	2	4.40384362310198e-09	0.00913631465880604	2.25409976645566e-05	2254.09976645566	1.04213267986652e-05	1042.13267986652	1211.96708658915	2.22007612277474e-05	0	chr17	58639367	74770271
chr17	67990741	67991931	67991490	29	20	14	3.91957133416554e-10	0.00606460727654123	2.84212579248758e-05	2842.12579248758	1.48876097123788e-05	1488.76097123788	1353.36482124969	2.55076358802899e-06	0	chr17	58639367	74770271
chr18	49203406	49204186	49203632	26	13	8	1.45420564479082e-10	0.00116430282715696	2.54811277947162e-05	2548.11277947162	9.67694631304624e-06	967.694631304624	1580.418148167	1.04099860448928e-06	0	chr18	45802768	74243342
chr18	54344118	54344586	54344353	21	10	5	4.96588408172016e-08	0.000476831523075982	2.05809109111169e-05	2058.09109111169	7.44380485618941e-06	744.380485618941	1313.71060549275	0.000190438225709245	0	chr18	45802768	74243342
chr2	138516433	138517311	138516876	21	10	6	9.03256802686769e-08	0.00228808252795276	2.05809109111169e-05	2058.09109111169	7.44380485618941e-06	744.380485618941	1313.71060549275	0.000326932480368607	0	chr2	138435479	138565604
chr20	34223772	34224908	34223998	24	12	10	2.94289381752577e-09	0.00420003165793748	2.35210410412765e-05	2352.10410412765	8.93256582742729e-06	893.25658274273	1458.84752138492	1.55410941900592e-05	0	chr20	32040757	45342320
chr20	35154592	35155060	35154827	23	8	5	4.75750783213158e-09	0.000160284301768066	2.25409976645566e-05	2254.09976645566	5.95504388495153e-06	595.504388495153	1658.59537796051	2.38344631337083e-05	0	chr20	32040757	45342320
chr20	36000069	36001217	36000979	24	8	8	2.8300880527965e-09	4.29770704177823e-05	2.35210410412765e-05	2352.10410412765	5.95504388495153e-06	595.504388495153	1756.5997156325	1.49945419542296e-05	0	chr20	32040757	45342320
chr20	41970809	41971339	41971106	23	12	5	5.85669313046822e-09	0.00200915129931811	2.25409976645566e-05	2254.09976645566	8.93256582742729e-06	893.25658274273	1360.84318371293	2.87597737230011e-05	0	chr20	32040757	45342320
chr20	47567807	47568705	47568019	33	19	6	4.97247776287679e-09	0.00145090110278134	3.23414314317552e-05	3234.14314317552	1.41432292267599e-05	1414.32292267599	1819.82022049953	2.48042915831906e-05	0	chr20	47344997	54149590
chr20	47567807	47568705	47568019	33	19	6	4.97247776287679e-09	0.00145090110278134	3.23414314317552e-05	3234.14314317552	1.41432292267599e-05	1414.32292267599	1819.82022049953	2.48042915831906e-05	0	chr20	47382374	50728186
chr20	47598893	47600173	47599702	48	26	12	9.55414636294449e-11	3.34038593208241e-05	4.7042082082553e-05	4704.2082082553	1.93538926260925e-05	1935.38926260925	2768.81894564605	7.15748208211636e-07	0	chr20	47344997	54149590
chr20	47598893	47600173	47599702	48	26	12	9.55414636294449e-11	3.34038593208241e-05	4.7042082082553e-05	4704.2082082553	1.93538926260925e-05	1935.38926260925	2768.81894564605	7.15748208211636e-07	0	chr20	47382374	50728186
chr20	51910293	51911615	51910902	50	33	13	0	0.00160596828019366	4.90021688359927e-05	4900.21688359927	2.45645560254251e-05	2456.45560254251	2443.76128105676	0	0	chr20	50727090	54195896
chr20	51910293	51911615	51910902	50	33	13	0	0.00160596828019366	4.90021688359927e-05	4900.21688359927	2.45645560254251e-05	2456.45560254251	2443.76128105676	0	0	chr20	50727140	54124300
chr20	51910293	51911615	51910902	50	33	13	0	0.00160596828019366	4.90021688359927e-05	4900.21688359927	2.45645560254251e-05	2456.45560254251	2443.76128105676	0	0	chr20	50763971	54124518
chr20	51910293	51911615	51910902	50	33	13	0	0.00160596828019366	4.90021688359927e-05	4900.21688359927	2.45645560254251e-05	2456.45560254251	2443.76128105676	0	0	chr20	47344997	54149590
chr20	51910293	51911615	51910902	50	33	13	0	0.00160596828019366	4.90021688359927e-05	4900.21688359927	2.45645560254251e-05	2456.45560254251	2443.76128105676	0	0	chr20	48075712	54123947
chr20	51910293	51911615	51910902	50	33	13	0	0.00160596828019366	4.90021688359927e-05	4900.21688359927	2.45645560254251e-05	2456.45560254251	2443.76128105676	0	0	chr20	48697764	54149625
chr20	51984622	51985760	51985314	66	46	14	0	0.000429150542182399	6.46828628635103e-05	6468.28628635103	3.42415023384713e-05	3424.15023384713	3044.1360525039	0	0	chr20	50727090	54195896
chr20	51984622	51985760	51985314	66	46	14	0	0.000429150542182399	6.46828628635103e-05	6468.28628635103	3.42415023384713e-05	3424.15023384713	3044.1360525039	0	0	chr20	50727140	54124300
chr20	51984622	51985760	51985314	66	46	14	0	0.000429150542182399	6.46828628635103e-05	6468.28628635103	3.42415023384713e-05	3424.15023384713	3044.1360525039	0	0	chr20	50763971	54124518
chr20	51984622	51985760	51985314	66	46	14	0	0.000429150542182399	6.46828628635103e-05	6468.28628635103	3.42415023384713e-05	3424.15023384713	3044.1360525039	0	0	chr20	47344997	54149590
chr20	51984622	51985760	51985314	66	46	14	0	0.000429150542182399	6.46828628635103e-05	6468.28628635103	3.42415023384713e-05	3424.15023384713	3044.1360525039	0	0	chr20	48075712	54123947
chr20	51984622	51985760	51985314	66	46	14	0	0.000429150542182399	6.46828628635103e-05	6468.28628635103	3.42415023384713e-05	3424.15023384713	3044.1360525039	0	0	chr20	48697764	54149625
chr20	53642363	53643443	53642828	72	69	8	0	0.00414746287939549	7.05631231238295e-05	7056.31231238295	5.13622535077069e-05	5136.22535077069	1920.08696161225	0	0	chr20	53621505	53662329
chr20	53642363	53643443	53642828	72	69	8	0	0.00414746287939549	7.05631231238295e-05	7056.31231238295	5.13622535077069e-05	5136.22535077069	1920.08696161225	0	0	chr20	53579028	53662373
chr20	53642363	53643443	53642828	72	69	8	0	0.00414746287939549	7.05631231238295e-05	7056.31231238295	5.13622535077069e-05	5136.22535077069	1920.08696161225	0	0	chr20	53607976	53662469
chr20	53642363	53643443	53642828	72	69	8	0	0.00414746287939549	7.05631231238295e-05	7056.31231238295	5.13622535077069e-05	5136.22535077069	1920.08696161225	0	0	chr20	53608016	53786305
chr20	53642363	53643443	53642828	72	69	8	0	0.00414746287939549	7.05631231238295e-05	7056.31231238295	5.13622535077069e-05	5136.22535077069	1920.08696161225	0	0	chr20	50727090	54195896
chr20	53642363	53643443	53642828	72	69	8	0	0.00414746287939549	7.05631231238295e-05	7056.31231238295	5.13622535077069e-05	5136.22535077069	1920.08696161225	0	0	chr20	50727140	54124300
chr20	53642363	53643443	53642828	72	69	8	0	0.00414746287939549	7.05631231238295e-05	7056.31231238295	5.13622535077069e-05	5136.22535077069	1920.08696161225	0	0	chr20	50763971	54124518
chr20	53642363	53643443	53642828	72	69	8	0	0.00414746287939549	7.05631231238295e-05	7056.31231238295	5.13622535077069e-05	5136.22535077069	1920.08696161225	0	0	chr20	47344997	54149590
chr20	53642363	53643443	53642828	72	69	8	0	0.00414746287939549	7.05631231238295e-05	7056.31231238295	5.13622535077069e-05	5136.22535077069	1920.08696161225	0	0	chr20	48075712	54123947
chr20	53642363	53643443	53642828	72	69	8	0	0.00414746287939549	7.05631231238295e-05	7056.31231238295	5.13622535077069e-05	5136.22535077069	1920.08696161225	0	0	chr20	48697764	54149625
chr20	53800662	53802064	53801190	69	52	9	0	3.66727306165826e-05	6.76229929936699e-05	6762.29929936699	3.87077852521849e-05	3870.77852521849	2891.5207741485	0	0	chr20	53773888	53852768
chr20	53800662	53802064	53801190	69	52	9	0	3.66727306165826e-05	6.76229929936699e-05	6762.29929936699	3.87077852521849e-05	3870.77852521849	2891.5207741485	0	0	chr20	53661489	54195963
chr20	53800662	53802064	53801190	69	52	9	0	3.66727306165826e-05	6.76229929936699e-05	6762.29929936699	3.87077852521849e-05	3870.77852521849	2891.5207741485	0	0	chr20	53661564	53828908
chr20	53800662	53802064	53801190	69	52	9	0	3.66727306165826e-05	6.76229929936699e-05	6762.29929936699	3.87077852521849e-05	3870.77852521849	2891.5207741485	0	0	chr20	53661837	53806274
chr20	53800662	53802064	53801190	69	52	9	0	3.66727306165826e-05	6.76229929936699e-05	6762.29929936699	3.87077852521849e-05	3870.77852521849	2891.5207741485	0	0	chr20	53661855	54124177
chr20	53800662	53802064	53801190	69	52	9	0	3.66727306165826e-05	6.76229929936699e-05	6762.29929936699	3.87077852521849e-05	3870.77852521849	2891.5207741485	0	0	chr20	53773724	54124164
chr20	53800662	53802064	53801190	69	52	9	0	3.66727306165826e-05	6.76229929936699e-05	6762.29929936699	3.87077852521849e-05	3870.77852521849	2891.5207741485	0	0	chr20	50727090	54195896
chr20	53800662	53802064	53801190	69	52	9	0	3.66727306165826e-05	6.76229929936699e-05	6762.29929936699	3.87077852521849e-05	3870.77852521849	2891.5207741485	0	0	chr20	50727140	54124300
chr20	53800662	53802064	53801190	69	52	9	0	3.66727306165826e-05	6.76229929936699e-05	6762.29929936699	3.87077852521849e-05	3870.77852521849	2891.5207741485	0	0	chr20	50763971	54124518
chr20	53800662	53802064	53801190	69	52	9	0	3.66727306165826e-05	6.76229929936699e-05	6762.29929936699	3.87077852521849e-05	3870.77852521849	2891.5207741485	0	0	chr20	47344997	54149590
chr20	53800662	53802064	53801190	69	52	9	0	3.66727306165826e-05	6.76229929936699e-05	6762.29929936699	3.87077852521849e-05	3870.77852521849	2891.5207741485	0	0	chr20	48075712	54123947
chr20	53800662	53802064	53801190	69	52	9	0	3.66727306165826e-05	6.76229929936699e-05	6762.29929936699	3.87077852521849e-05	3870.77852521849	2891.5207741485	0	0	chr20	48697764	54149625
chr20	56813466	56814800	56814521	33	12	15	2.19444042937056e-08	9.82668749172078e-06	3.23414314317552e-05	3234.14314317552	8.93256582742729e-06	893.25658274273	2340.88656043279	9.13313064810002e-05	0	chr20	56734911	56955420
chr20	56813466	56814800	56814521	33	12	15	2.19444042937056e-08	9.82668749172078e-06	3.23414314317552e-05	3234.14314317552	8.93256582742729e-06	893.25658274273	2340.88656043279	9.13313064810002e-05	0	chr20	56734955	56919842
chr20	56813466	56814800	56814521	33	12	15	2.19444042937056e-08	9.82668749172078e-06	3.23414314317552e-05	3234.14314317552	8.93256582742729e-06	893.25658274273	2340.88656043279	9.13313064810002e-05	0	chr20	56735041	57049968
chr20	56813466	56814800	56814521	33	12	15	2.19444042937056e-08	9.82668749172078e-06	3.23414314317552e-05	3234.14314317552	8.93256582742729e-06	893.25658274273	2340.88656043279	9.13313064810002e-05	0	chr20	56758445	57071948
chr20	56813466	56814800	56814521	33	12	15	2.19444042937056e-08	9.82668749172078e-06	3.23414314317552e-05	3234.14314317552	8.93256582742729e-06	893.25658274273	2340.88656043279	9.13313064810002e-05	0	chr20	56758506	56955134
chr20	56813466	56814800	56814521	33	12	15	2.19444042937056e-08	9.82668749172078e-06	3.23414314317552e-05	3234.14314317552	8.93256582742729e-06	893.25658274273	2340.88656043279	9.13313064810002e-05	0	chr20	56758638	56974982
chr20	56813466	56814800	56814521	33	12	15	2.19444042937056e-08	9.82668749172078e-06	3.23414314317552e-05	3234.14314317552	8.93256582742729e-06	893.25658274273	2340.88656043279	9.13313064810002e-05	0	chr20	56758768	56993720
chr21	15164556	15165523	15164756	24	14	8	6.81688572257144e-09	0.00091687497665538	2.35210410412765e-05	2352.10410412765	1.04213267986652e-05	1042.13267986652	1309.97142426113	3.30218350185259e-05	0	chr21	15132517	15173329
chr21	15164556	15165523	15164756	24	14	8	6.81688572257144e-09	0.00091687497665538	2.35210410412765e-05	2352.10410412765	1.04213267986652e-05	1042.13267986652	1309.97142426113	3.30218350185259e-05	0	chr21	14863185	15210484
chr21	15164556	15165523	15164756	24	14	8	6.81688572257144e-09	0.00091687497665538	2.35210410412765e-05	2352.10410412765	1.04213267986652e-05	1042.13267986652	1309.97142426113	3.30218350185259e-05	0	chr21	15003030	15200314
chr21	15164556	15165523	15164756	24	14	8	6.81688572257144e-09	0.00091687497665538	2.35210410412765e-05	2352.10410412765	1.04213267986652e-05	1042.13267986652	1309.97142426113	3.30218350185259e-05	0	chr21	15003112	15210795
chr21	15164556	15165523	15164756	24	14	8	6.81688572257144e-09	0.00091687497665538	2.35210410412765e-05	2352.10410412765	1.04213267986652e-05	1042.13267986652	1309.97142426113	3.30218350185259e-05	0	chr21	15004695	15210962
chr21	15164556	15165523	15164756	24	14	8	6.81688572257144e-09	0.00091687497665538	2.35210410412765e-05	2352.10410412765	1.04213267986652e-05	1042.13267986652	1309.97142426113	3.30218350185259e-05	0	chr21	15005031	15204375
chr21	15164556	15165523	15164756	24	14	8	6.81688572257144e-09	0.00091687497665538	2.35210410412765e-05	2352.10410412765	1.04213267986652e-05	1042.13267986652	1309.97142426113	3.30218350185259e-05	0	chr21	15005080	15343028
chr21	15164556	15165523	15164756	24	14	8	6.81688572257144e-09	0.00091687497665538	2.35210410412765e-05	2352.10410412765	1.04213267986652e-05	1042.13267986652	1309.97142426113	3.30218350185259e-05	0	chr21	15005109	15200448
chr3	9955710	9956987	9956434	22	12	6	3.2913076264407e-08	0.00884798892905647	2.15609542878368e-05	2156.09542878368	8.93256582742729e-06	893.25658274273	1262.83884604095	0.000132199844039573	0	chr3	9954918	9970664
chr3	33115056	33115593	33115256	23	12	6	5.15766296338427e-09	0.00688487983605746	2.25409976645566e-05	2254.09976645566	8.93256582742729e-06	893.25658274273	1360.84318371293	2.56003025050758e-05	0	chr3	32447521	64491732
chr3	34011699	34012418	34012106	32	20	7	3.28626015289046e-14	0.00118635721107918	3.13613880550353e-05	3136.13880550353	1.48876097123788e-05	1488.76097123788	1647.37783426565	4.81189447883294e-10	0	chr3	32447521	64491732
chr3	47259518	47259977	47259744	23	11	5	3.53527285223976e-09	0.00157263089385551	2.25409976645566e-05	2254.09976645566	8.18818534180835e-06	818.818534180835	1435.28123227483	1.82798120712355e-05	0	chr3	32447521	64491732
chr3	64104625	64105825	64105279	29	20	8	2.65098210050496e-09	0.00690349124345202	2.84212579248758e-05	2842.12579248758	1.48876097123788e-05	1488.76097123788	1353.36482124969	1.40919471643644e-05	0	chr3	32447521	64491732
chr3	64316556	64317979	64317417	27	2	6	4.16849010864695e-09	6.87723544778862e-10	2.6461171171436e-05	2646.1171171436	1.48876097123788e-06	148.876097123788	2497.24102001982	2.13144956564587e-05	0	chr3	32447521	64491732
chr3	64345399	64346800	64345668	28	11	12	1.27936667704276e-07	2.84991297188064e-05	2.74412145481559e-05	2744.12145481559	8.18818534180835e-06	818.818534180835	1925.30292063475	0.000447478567878206	0	chr3	32447521	64491732
chr3	64490992	64491613	64491410	41	10	7	1.11022302462516e-16	4.43568515251513e-11	4.0181778445514e-05	4018.1778445514	7.44380485618941e-06	744.380485618941	3273.79735893246	2.48361670735559e-12	0	chr3	64491136	64502049
chr3	64490992	64491613	64491410	41	10	7	1.11022302462516e-16	4.43568515251513e-11	4.0181778445514e-05	4018.1778445514	7.44380485618941e-06	744.380485618941	3273.79735893246	2.48361670735559e-12	0	chr3	32447521	64491732
chr3	146097343	146097837	146097552	26	15	5	1.0464795696663e-10	0.00074607718406916	2.54811277947162e-05	2548.11277947162	1.11657072842841e-05	1116.57072842841	1431.54205104321	7.73180869244951e-07	0	chr3	140947027	193879769
chr3	150253288	150254315	150253990	26	4	13	3.63864627317412e-09	5.35258318778986e-08	2.54811277947162e-05	2548.11277947162	2.97752194247576e-06	297.752194247576	2250.36058522404	1.87541185006708e-05	0	chr3	140947027	193879769
chr3	150819378	150819872	150819634	22	12	6	3.83692881911202e-08	0.00244510331855397	2.15609542878368e-05	2156.09542878368	8.93256582742729e-06	893.25658274273	1262.83884604095	0.000152217487143054	0	chr3	150736948	150845238
chr3	150819378	150819872	150819634	22	12	6	3.83692881911202e-08	0.00244510331855397	2.15609542878368e-05	2156.09542878368	8.93256582742729e-06	893.25658274273	1262.83884604095	0.000152217487143054	0	chr3	150756182	150845153
chr3	150819378	150819872	150819634	22	12	6	3.83692881911202e-08	0.00244510331855397	2.15609542878368e-05	2156.09542878368	8.93256582742729e-06	893.25658274273	1262.83884604095	0.000152217487143054	0	chr3	140947027	193879769
chr3	151855630	151856865	151856491	23	4	12	1.86142199432027e-08	2.80565556642909e-06	2.25409976645566e-05	2254.09976645566	2.97752194247576e-06	297.752194247576	1956.34757220809	7.90023300398898e-05	0	chr3	140947027	193879769
chr3	152018855	152020252	152019846	24	11	16	9.83636105900132e-09	0.00122698799138798	2.35210410412765e-05	2352.10410412765	8.18818534180835e-06	818.818534180835	1533.28556994681	4.54609512288744e-05	0	chr3	140947027	193879769
chr3	153138268	153139413	153139128	39	18	6	0	1.05429356852538e-05	3.82216916920743e-05	3822.16916920743	1.33988487411409e-05	1339.88487411409	2482.28429509334	0	0	chr3	140947027	193879769
chr3	158725130	158727546	158725484.5	40	29	18	0	8.71481868971458e-05	3.92017350687941e-05	3920.17350687941	2.15870340829493e-05	2158.70340829493	1761.47009858449	0	0	chr3	140947027	193879769
chr3	163776650	163777671	163776866	23	11	14	1.00481234444061e-08	4.0651614043985e-05	2.25409976645566e-05	2254.09976645566	8.18818534180835e-06	818.818534180835	1435.28123227483	4.61746677213267e-05	0	chr3	140947027	193879769
chr3	171806026	171807596	171806618	36	21	18	1.11022302462516e-15	0.000338678913685331	3.52815615619147e-05	3528.15615619147	1.56319901979978e-05	1563.19901979978	1964.9571363917	2.14156171173177e-11	0	chr3	140947027	193879769
chr3	175111142	175111597	175111362	20	6	3	1.41013139720592e-07	1.68394851761677e-05	1.96008675343971e-05	1960.08675343971	4.46628291371365e-06	446.628291371365	1513.45846206834	0.000486350695432345	0	chr3	174955478	175128125
chr3	175111142	175111597	175111362	20	6	3	1.41013139720592e-07	1.68394851761677e-05	1.96008675343971e-05	1960.08675343971	4.46628291371365e-06	446.628291371365	1513.45846206834	0.000486350695432345	0	chr3	140947027	193879769
chr3	183609316	183609810	183609551	24	13	5	1.49385803727142e-09	0.0029462884027287	2.35210410412765e-05	2352.10410412765	9.67694631304624e-06	967.694631304624	1384.40947282302	8.47223175616197e-06	0	chr3	140947027	193879769
chr3	185562643	185563529	185563300	27	9	6	4.29765112386349e-11	9.0979152048698e-06	2.6461171171436e-05	2646.1171171436	6.69942437057047e-06	669.942437057047	1976.17468008656	3.51375737732199e-07	0	chr3	140947027	193879769
chr3	187913587	187914539	187914187	26	14	6	1.63074664882856e-10	0.00566558075644319	2.54811277947162e-05	2548.11277947162	1.04213267986652e-05	1042.13267986652	1505.9800996051	1.14698529939535e-06	0	chr3	140947027	193879769
chr3	192927871	192929187	192928816	22	1	12	4.61443485644253e-08	5.71698769435969e-08	2.15609542878368e-05	2156.09542878368	7.44380485618941e-07	74.4380485618941	2081.65738022178	0.000178876929113385	0	chr3	140947027	193879769
chr5	19314938	19315495	19315195.5	32	24	3	2.52020626589911e-14	0.0019201434347651	3.13613880550353e-05	3136.13880550353	1.78651316548546e-05	1786.51316548546	1349.62564001807	3.79366649205792e-10	0	chr5	19048527	20502512
chr5	137890098	137891347	137891124	36	9	12	3.33066907387547e-16	2.93831946551748e-08	3.52815615619147e-05	3528.15615619147	6.69942437057047e-06	669.942437057047	2858.21371913443	7.20082159448064e-12	0	chr5	137850148	137889348
chr6	42224189	42225296	42224794	37	20	13	4.44089209850063e-16	0.000279585030581009	3.62616049386346e-05	3626.16049386346	1.48876097123788e-05	1488.76097123788	2137.39952262558	9.47392863203192e-12	0	chr6	42075048	42227445
chr6	122651839	122653156	122652444	35	26	11	3.44169137633799e-15	0.000587058137484275	3.43015181851949e-05	3430.15181851949	1.93538926260925e-05	1935.38926260925	1494.76255591024	6.12533976885931e-11	0	chr6	122620656	122697579
chr7	104747835	104748365	104748132	28	17	6	8.96993590515649e-12	0.0013995489858597	2.74412145481559e-05	2744.12145481559	1.2654468255522e-05	1265.4468255522	1478.67462926339	8.2794358935784e-08	0	chr7	102316891	105284286
chr7	116316141	116317450	116317204	34	7	11	1.24344978758018e-14	1.71578151686447e-09	3.3321474808475e-05	3332.1474808475	5.21066339933259e-06	521.066339933259	2811.08114091424	2.00278851281155e-10	0	chr7	116272925	116340306
chr7	116316141	116317450	116317204	34	7	11	1.24344978758018e-14	1.71578151686447e-09	3.3321474808475e-05	3332.1474808475	5.21066339933259e-06	521.066339933259	2811.08114091424	2.00278851281155e-10	0	chr7	116317012	116427019
chr8	51535262	51535756	51535497	25	15	5	2.8645963379148e-10	0.00436946280951123	2.45010844179963e-05	2450.10844179963	1.11657072842841e-05	1116.57072842841	1333.53771337122	1.91847078926635e-06	0	chr8	33244813	127871118
chr8	64686673	64687141	64686908	21	12	5	2.84086510982107e-08	0.00478617033734563	2.05809109111169e-05	2058.09109111169	8.93256582742729e-06	893.25658274273	1164.83450836896	0.000115111925718254	0	chr8	33244813	127871118
chr8	78643634	78644942	78644512.5	31	12	7	1.32227562232856e-13	9.48152261037727e-07	3.03813446783155e-05	3038.13446783155	8.93256582742729e-06	893.25658274273	2144.87788508882	1.79722018406559e-09	0	chr8	33244813	127871118
chr8	88424766	88425957	88425556	35	16	9	1.4432899320127e-15	2.33883678721902e-05	3.43015181851949e-05	3430.15181851949	1.19100877699031e-05	1191.00877699031	2239.14304152918	2.7349002800998e-11	0	chr8	33244813	127871118
chr8	90586884	90588108	90587682	40	29	18	1.98729921407903e-14	3.54165854199451e-07	3.92017350687941e-05	3920.17350687941	2.15870340829493e-05	2158.70340829493	1761.47009858449	3.06304805018171e-10	0	chr8	90581412	90913218
chr8	90586884	90588108	90587682	40	29	18	1.98729921407903e-14	3.54165854199451e-07	3.92017350687941e-05	3920.17350687941	2.15870340829493e-05	2158.70340829493	1761.47009858449	3.06304805018171e-10	0	chr8	33244813	127871118
chr8	90649439	90650730	90650431	27	18	13	1.09559338268284e-08	2.90923854733283e-05	2.6461171171436e-05	2646.1171171436	1.33988487411409e-05	1339.88487411409	1306.23224302951	4.97782930685231e-05	0	chr8	90581412	90913218
chr8	90649439	90650730	90650431	27	18	13	1.09559338268284e-08	2.90923854733283e-05	2.6461171171436e-05	2646.1171171436	1.33988487411409e-05	1339.88487411409	1306.23224302951	4.97782930685231e-05	0	chr8	33244813	127871118
chr8	92052458	92053988	92053702	29	14	19	1.20801146863414e-11	0.000188134746221369	2.84212579248758e-05	2842.12579248758	1.04213267986652e-05	1042.13267986652	1799.99311262106	1.08698829061252e-07	0	chr8	33244813	127871118
chr8	97424036	97425182	97424329	25	4	11	3.44108697092338e-09	1.06748180453975e-05	2.45010844179963e-05	2450.10844179963	2.97752194247576e-06	297.752194247576	2152.35624755206	1.78788999759488e-05	0	chr8	33244813	127871118
chr8	99798831	99800353	99799256	29	24	24	3.72647024349249e-10	0.00734308137565898	2.84212579248758e-05	2842.12579248758	1.78651316548546e-05	1786.51316548546	1055.61262700212	2.43493612720336e-06	0	chr8	97764228	99818941
chr8	99798831	99800353	99799256	29	24	24	3.72647024349249e-10	0.00734308137565898	2.84212579248758e-05	2842.12579248758	1.78651316548546e-05	1786.51316548546	1055.61262700212	2.43493612720336e-06	0	chr8	33244813	127871118
chr8	101009705	101010624	101009905	23	4	4	4.36792328972757e-08	7.44358475857076e-07	2.25409976645566e-05	2254.09976645566	2.97752194247576e-06	297.752194247576	1956.34757220809	0.000170966886342377	0	chr8	100719344	101121345
chr8	101009705	101010624	101009905	23	4	4	4.36792328972757e-08	7.44358475857076e-07	2.25409976645566e-05	2254.09976645566	2.97752194247576e-06	297.752194247576	1956.34757220809	0.000170966886342377	0	chr8	100994375	101121124
chr8	101009705	101010624	101009905	23	4	4	4.36792328972757e-08	7.44358475857076e-07	2.25409976645566e-05	2254.09976645566	2.97752194247576e-06	297.752194247576	1956.34757220809	0.000170966886342377	0	chr8	33244813	127871118
chr8	101408817	101410018	101409705	38	24	9	3.25295346215171e-14	5.75040866569454e-05	3.72416483153544e-05	3724.16483153544	1.78651316548546e-05	1786.51316548546	1937.65166604998	4.80120533893179e-10	0	chr8	101120491	101504333
chr8	101408817	101410018	101409705	38	24	9	3.25295346215171e-14	5.75040866569454e-05	3.72416483153544e-05	3724.16483153544	1.78651316548546e-05	1786.51316548546	1937.65166604998	4.80120533893179e-10	0	chr8	33244813	127871118
chr8	102928876	102929562	102929102	24	9	6	8.03948074779015e-09	0.00399822264758243	2.35210410412765e-05	2352.10410412765	6.69942437057047e-06	669.942437057047	1682.1616670706	3.80292466828896e-05	0	chr8	33244813	127871118
chr8	109228736	109229673	109229238	23	11	9	1.18864087461645e-08	0.00141038550985007	2.25409976645566e-05	2254.09976645566	8.18818534180835e-06	818.818534180835	1435.28123227483	5.33289522607063e-05	0	chr8	33244813	127871118
chr8	109606484	109607445	109607136.5	24	9	13	6.08011452296608e-09	7.87481757391628e-05	2.35210410412765e-05	2352.10410412765	6.69942437057047e-06	669.942437057047	1682.1616670706	2.96759519358191e-05	0	chr8	109575497	109645368
chr8	109606484	109607445	109607136.5	24	9	13	6.08011452296608e-09	7.87481757391628e-05	2.35210410412765e-05	2352.10410412765	6.69942437057047e-06	669.942437057047	1682.1616670706	2.96759519358191e-05	0	chr8	33244813	127871118
chr8	109637454	109638788	109638088	23	0	18	3.99703996567524e-08	2.14379947127696e-09	2.25409976645566e-05	2254.09976645566	0	0	2254.09976645566	0.000157214074689966	0	chr8	109575497	109645368
chr8	109637454	109638788	109638088	23	0	18	3.99703996567524e-08	2.14379947127696e-09	2.25409976645566e-05	2254.09976645566	0	0	2254.09976645566	0.000157214074689966	0	chr8	33244813	127871118
chr8	115194289	115195232	115194685.5	40	27	20	0	1.73900838917884e-06	3.92017350687941e-05	3920.17350687941	2.00982731117114e-05	2009.82731117114	1910.34619570827	0	0	chr8	33244813	127871118
chr8	123527768	123529182	123528459	31	9	11	6.57163212736123e-12	1.77969628079033e-05	3.03813446783155e-05	3038.13446783155	6.69942437057047e-06	669.942437057047	2368.1920307745	6.20805706170618e-08	0	chr8	33244813	127871118
chr8	125606490	125606980	125606761	31	10	3	1.45994327738208e-13	1.00481163860522e-05	3.03813446783155e-05	3038.13446783155	7.44380485618941e-06	744.380485618941	2293.75398221261	1.96777263474835e-09	0	chr8	33244813	127871118
chr8	126546739	126547390	126547187	22	4	3	1.42453782103757e-08	7.021988957856e-06	2.15609542878368e-05	2156.09542878368	2.97752194247576e-06	297.752194247576	1858.3432345361	6.18453303705771e-05	0	chr8	33244813	127871118
chr8	127317425	127317893	127317660	25	11	5	6.37087049781826e-10	0.000604478114564433	2.45010844179963e-05	2450.10844179963	8.18818534180835e-06	818.818534180835	1631.2899076188	3.98500052644328e-06	0	chr8	33244813	127871118
chr9	125539682	125541198	125540295	25	4	13	1.58302965180823e-08	1.06339599237337e-07	2.45010844179963e-05	2450.10844179963	2.97752194247576e-06	297.752194247576	2152.35624755206	6.82661299145279e-05	0	chr9	125460832	125562226
chr9	125539682	125541198	125540295	25	4	13	1.58302965180823e-08	1.06339599237337e-07	2.45010844179963e-05	2450.10844179963	2.97752194247576e-06	297.752194247576	2152.35624755206	6.82661299145279e-05	0	chr9	125511803	125562408
chr9	134895511	134896144	134895928	21	3	7	6.4752913586652e-08	5.23581309697096e-06	2.05809109111169e-05	2058.09109111169	2.23314145685682e-06	223.314145685682	1834.77694542601	0.00024169029047114	0	chr9	134662059	135393198
