chr1	147675987	147677336	147676833	64	28	12	0	7.83945686144705e-10	6.27227761100706e-05	6272.27761100706	2.08426535973304e-05	2084.26535973304	4188.01225127403	0	0
chr1	183461004	183462399	183461698	27	11	11	2.70821143288913e-10	0.000296960845262095	2.6461171171436e-05	2646.1171171436	8.18818534180835e-06	818.818534180835	1827.29858296277	2.22301559206307e-06	0
chr1	200433031	200433617	200433368	26	15	7	6.03245120522899e-10	0.000389644161705394	2.54811277947162e-05	2548.11277947162	1.11657072842841e-05	1116.57072842841	1431.54205104321	4.58031653488067e-06	0
chr10	50172822	50173767	50173372	26	3	9	3.64442809264176e-10	3.30405887760676e-07	2.54811277947162e-05	2548.11277947162	2.23314145685682e-06	223.314145685682	2324.79863378594	2.88996296602297e-06	0
chr10	62381412	62382241	62381687	27	4	6	7.26259052896694e-11	5.8604749941793e-09	2.6461171171436e-05	2646.1171171436	2.97752194247576e-06	297.752194247576	2348.36492289603	6.74536526671407e-07	0
chr10	84401185	84402183	84401761	28	5	13	2.10859107951933e-11	2.98713150703733e-06	2.74412145481559e-05	2744.12145481559	3.72190242809471e-06	372.190242809471	2371.93121200612	2.2159307689438e-07	0
chr11	24446070	24446529	24446296	30	14	3	2.68229882749438e-13	3.3339958772638e-05	2.94013013015956e-05	2940.13013015956	1.04213267986652e-05	1042.13267986652	1897.99745029304	4.01303352234585e-09	0
chr11	63528493	63528926	63528723	34	6	4	1.88737914186277e-15	1.31349586762752e-09	3.3321474808475e-05	3332.1474808475	4.46628291371365e-06	446.628291371365	2885.51918947614	3.84710950642682e-11	0
chr11	63530836	63531295	63531066	23	3	4	5.41263567299666e-09	7.17453648713118e-07	2.25409976645566e-05	2254.09976645566	2.23314145685682e-06	223.314145685682	2030.78562076998	3.32769498580977e-05	0
chr11	72164287	72164817	72164584	29	10	4	2.27462493285202e-12	0.000108753438869069	2.84212579248758e-05	2842.12579248758	7.44380485618941e-06	744.380485618941	2097.74530686863	3.01167376419141e-08	0
chr12	53870930	53872238	53871952	42	19	6	0	2.72126362999003e-07	4.11618218222338e-05	4116.18218222339	1.41432292267599e-05	1414.32292267599	2701.8592595474	0	0
chr12	118059088	118060284	118059764	39	18	9	0	1.6137521681614e-05	3.82216916920743e-05	3822.16916920743	1.33988487411409e-05	1339.88487411409	2482.28429509334	0	0
chr14	63671789	63673265	63672742	34	19	18	9.88098491916389e-14	0.000130527163670568	3.3321474808475e-05	3332.1474808475	1.41432292267599e-05	1414.32292267599	1917.82455817151	1.57118937988069e-09	0
chr14	68190864	68192280	68191735	36	13	19	2.32115437981406e-11	5.06169462899386e-07	3.52815615619147e-05	3528.15615619147	9.67694631304624e-06	967.694631304624	2560.46152488685	2.41425333825758e-07	0
chr14	73696048	73697136	73696743	25	4	10	4.20323187366733e-09	2.82377365046216e-07	2.45010844179963e-05	2450.10844179963	2.97752194247576e-06	297.752194247576	2152.35624755206	2.65399400866711e-05	0
chr15	64072612	64073121	64072847	29	4	7	2.73625566649116e-12	4.32738811451117e-09	2.84212579248758e-05	2842.12579248758	2.97752194247576e-06	297.752194247576	2544.37359824	3.50646891869295e-08	0
chr15	96230123	96231322	96230823	30	27	11	2.82786016825298e-11	0.000833945490530397	2.94013013015956e-05	2940.13013015956	2.00982731117114e-05	2009.82731117114	930.30281898842	2.87242308310507e-07	0
chr16	70205507	70205966	70205733	25	12	5	6.72387590050505e-10	0.000475427999934053	2.45010844179963e-05	2450.10844179963	8.93256582742729e-06	893.25658274273	1556.8518590569	5.04227272276299e-06	0
chr16	71707682	71708714	71708187	44	19	6	0	2.13022999253631e-05	4.31219085756736e-05	4312.19085756736	1.41432292267599e-05	1414.32292267599	2897.86793489137	0	0
chr17	60030854	60031476	60031092	64	48	4	0	2.53266406429198e-05	6.27227761100706e-05	6272.27761100706	3.57302633097092e-05	3573.02633097092	2699.25128003615	0	0
chr17	61360113	61361506	61360713	74	47	13	0	7.03736589002801e-08	7.25232098772692e-05	7252.32098772692	3.49858828240902e-05	3498.58828240902	3753.73270531789	0	0
chr2	163856143	163857397	163857125	37	13	13	5.55111512312578e-16	1.9576862353432e-10	3.62616049386346e-05	3626.16049386346	9.67694631304624e-06	967.694631304624	2658.46586255883	1.248843826705e-11	0
chr2	231576760	231577219	231576986	34	15	3	9.99200722162641e-16	7.91749602624403e-06	3.3321474808475e-05	3332.1474808475	1.11657072842841e-05	1116.57072842841	2215.57675241909	2.12216118803717e-11	0
chr20	47173853	47174980	47174645	35	20	5	3.38995498339045e-12	0.00064127152232718	3.43015181851949e-05	3430.15181851949	1.48876097123788e-05	1488.76097123788	1941.39084728161	4.2369108227345e-08	0
chr20	47598805	47600173	47599702	48	26	12	9.55414636294449e-11	3.34038593208241e-05	4.7042082082553e-05	4704.2082082553	1.93538926260925e-05	1935.38926260925	2768.81894564605	8.68774547710576e-07	0
chr20	51984622	51985760	51985314	66	46	14	0	0.000429150542182399	6.46828628635103e-05	6468.28628635103	3.42415023384713e-05	3424.15023384713	3044.1360525039	0	0
chr20	53800320	53801731	53801003	66	47	12	0	1.33446625316669e-05	6.46828628635103e-05	6468.28628635103	3.49858828240902e-05	3498.58828240902	2969.69800394201	0	0
chr20	57710573	57711143	57710829	27	7	8	4.87521167880089e-09	7.26935535200202e-06	2.6461171171436e-05	2646.1171171436	5.21066339933259e-06	521.066339933259	2125.05077721035	3.02793315817923e-05	0
chr21	15164451	15165523	15164756	24	14	8	6.81495992971293e-09	0.00091687497665538	2.35210410412765e-05	2352.10410412765	1.04213267986652e-05	1042.13267986652	1309.97142426113	4.13956749436197e-05	0
chr22	24210983	24211879	24211641	27	5	7	6.21455109595104e-11	9.03116084111089e-05	2.6461171171436e-05	2646.1171171436	3.72190242809471e-06	372.190242809471	2273.92687433413	5.89822656107269e-07	0
chr3	64490992	64491931	64491527	55	15	9	0	2.25375273998907e-14	5.39023857195919e-05	5390.23857195919	1.11657072842841e-05	1116.57072842841	4273.66784353078	0	0
chr3	150253104	150254315	150253828.5	26	4	14	4.9069157626036e-09	5.35258318778986e-08	2.54811277947162e-05	2548.11277947162	2.97752194247576e-06	297.752194247576	2250.36058522404	3.04140452797697e-05	0
chr3	153138268	153139413	153139128	39	18	6	0	1.05429356852538e-05	3.82216916920743e-05	3822.16916920743	1.33988487411409e-05	1339.88487411409	2482.28429509334	0	0
chr5	67248830	67249620	67249170	29	10	6	4.39814851205256e-12	1.35248546806466e-07	2.84212579248758e-05	2842.12579248758	7.44380485618941e-06	744.380485618941	2097.74530686863	5.25431205507706e-08	0
chr5	137890098	137891347	137891124	36	9	12	3.33066907387547e-16	2.93831946551748e-08	3.52815615619147e-05	3528.15615619147	6.69942437057047e-06	669.942437057047	2858.21371913443	7.66335984568979e-12	0
chr6	44203826	44205041	44204296	27	8	7	7.33155758325665e-11	0.00024766868077486	2.6461171171436e-05	2646.1171171436	5.95504388495153e-06	595.504388495153	2050.61272864845	6.78866021467844e-07	0
chr6	122651839	122653385	122652793	53	28	13	0	6.83580303473263e-09	5.19422989661522e-05	5194.22989661522	2.08426535973304e-05	2084.26535973304	3109.96453688219	0	0
chr7	151736088	151736965	151736406	24	9	6	2.24791518732559e-09	0.000552674893700256	2.35210410412765e-05	2352.10410412765	6.69942437057047e-06	669.942437057047	1682.1616670706	1.50047992920877e-05	0
chr8	90586884	90588108	90587682	40	29	18	1.98729921407903e-14	3.54165854199451e-07	3.92017350687941e-05	3920.17350687941	2.15870340829493e-05	2158.70340829493	1761.47009858449	3.46877138762372e-10	0
chr8	101408817	101410175	101409715.5	38	26	10	8.44879721739744e-14	0.000183307995460846	3.72416483153544e-05	3724.16483153544	1.93538926260925e-05	1935.38926260925	1788.7755689262	1.3795695756617e-09	0
chr8	123527768	123529253	123528459	33	9	12	7.28306304154103e-13	3.59752311784867e-06	3.23414314317552e-05	3234.14314317552	6.69942437057047e-06	669.942437057047	2564.20070611847	1.03362251675696e-08	0
