chr1	23366735	23367147	23366944.0	20	4	2	1.1100135310915249e-07	3.532335231204442e-05	1.960086753439707e-05	1960.0867534397073	2.977521942475765e-06	297.7521942475765	1662.3345591921309	0.0003938032167702021	0
chr1	23555928	23556933	23556675.0	22	6	4	1.968417107089948e-08	7.69282035175678e-05	2.156095428783678e-05	2156.095428783678	4.466282913713647e-06	446.62829137136475	1709.4671374123131	8.310543513220639e-05	2
chr1	23956877	23957747	23957248.0	24	7	5	2.7074376074409656e-09	4.620551629852532e-05	2.3521041041276488e-05	2352.1041041276485	5.210663399332588e-06	521.0663399332589	1831.0377641943896	1.436834016017973e-05	1
chr1	30345386	30346946	30345953.0	35	20	11	9.992007221626409e-16	9.434888393711205e-05	3.4301518185194876e-05	3430.1518185194877	1.4887609712378825e-05	1488.7609712378824	1941.3908472816054	1.9747038360324207e-11	1
chr1	107936037	107937110	107936582.0	30	14	7	2.4902524486947186e-11	7.996967106294051e-07	2.940130130159561e-05	2940.130130159561	1.0421326798665176e-05	1042.1326798665177	1897.9974502930431	2.1110407377850373e-07	1
chr1	108198189	108199629	108199410.0	43	32	8	0.0	4.705176846919734e-06	4.214186519895371e-05	4214.186519895371	2.382017553980612e-05	2382.017553980612	1832.1689659147592	0.0	1
chr1	109137941	109138373	109138141.0	22	9	2	1.4681203031052803e-08	0.00033869468108893575	2.156095428783678e-05	2156.095428783678	6.699424370570471e-06	669.9424370570471	1486.152991726631	6.356609668609906e-05	1
chr1	109151021	109152543	109151740.0	38	27	6	0.0	0.0016720670167379437	3.7241648315354436e-05	3724.1648315354437	2.009827311171141e-05	2009.8273111711412	1714.3375203643025	0.0	2
chr1	113975997	113977141	113976809.0	42	13	6	0.0	8.417700980700715e-10	4.116182182223385e-05	4116.182182223385	9.676946313046236e-06	967.6946313046236	3148.4875509187614	0.0	1
chr1	147668899	147669785	147669492.0	30	11	7	4.213740467662319e-12	1.2995100342916288e-05	2.940130130159561e-05	2940.130130159561	8.188185341808353e-06	818.8185341808353	2121.3115959787256	4.268521743893167e-08	2
chr1	147675817	147677336	147676757.0	64	30	14	0.0	5.897142996147409e-09	6.272277611007063e-05	6272.277611007064	2.2331414568568236e-05	2233.1414568568234	4039.13615415024	0.0	0
chr1	147716124	147717210	147716719.0	45	33	8	0.0	0.0064073339755340575	4.4101951952393415e-05	4410.195195239341	2.456455602542506e-05	2456.455602542506	1953.7395926968352	0.0	2
chr1	151006952	151008342	151007152.0	25	7	6	2.2734386595502087e-09	1.0504727765314748e-05	2.450108441799634e-05	2450.108441799634	5.210663399332588e-06	521.0663399332589	1929.042101866375	1.226720843958591e-05	4
chr1	162159334	162160429	162159745.0	40	30	6	0.0	0.0018545939051848315	3.920173506879414e-05	3920.1735068794146	2.2331414568568236e-05	2233.1414568568234	1687.0320500225912	0.0	1
chr1	177571446	177572392	177572089.0	29	19	9	5.03463937207016e-12	0.0004362152928436558	2.8421257924875754e-05	2842.1257924875754	1.4143229226759883e-05	1414.3229226759884	1427.802869811587	4.974937197577679e-08	1
chr1	200015777	200016916	200016263.0	26	15	10	1.1342918826429127e-09	0.0003727579202262854	2.5481127794716194e-05	2548.1127794716194	1.1165707284284118e-05	1116.5707284284117	1431.5420510432077	6.679967242809298e-06	1
chr1	200433031	200433617	200433368.0	26	15	7	6.032451205228995e-10	0.0003896441617053936	2.5481127794716194e-05	2548.1127794716194	1.1165707284284118e-05	1116.5707284284117	1431.5420510432077	3.788028933792355e-06	0
chr1	203913891	203914953	203914282.0	22	6	9	1.2411673278034385e-07	0.0005672621168001379	2.156095428783678e-05	2156.095428783678	4.466282913713647e-06	446.62829137136475	1709.4671374123131	0.00043601138953991105	0
chr1	215481476	215482685	215482233.0	24	8	16	8.97446150727177e-09	3.410490476862815e-05	2.3521041041276488e-05	2352.1041041276485	5.95504388495153e-06	595.504388495153	1756.5997156324956	4.214257985533215e-05	1
chr10	8084674	8085509	8084966.0	32	16	9	7.773781618425346e-13	4.012765898786519e-06	3.136138805503532e-05	3136.138805503532	1.191008776990306e-05	1191.008776990306	1945.1300285132259	9.14855623455171e-09	1
chr10	8365753	8367205	8366462.0	48	38	13	0.0	8.5790557959875e-06	4.7042082082552975e-05	4704.208208255297	2.8286458453519766e-05	2828.6458453519767	1875.5623629033203	0.0	1
chr10	8725294	8728072	8727001.0	66	69	24	0.0	2.699527612559649e-08	6.468286286351034e-05	6468.286286351034	5.136225350770694e-05	5136.225350770695	1332.060935580339	0.0	1
chr10	29159877	29160538	29160120.0	31	18	5	4.856115509710435e-13	0.001083775016114008	3.0381344678315463e-05	3038.1344678315463	1.3398848741140941e-05	1339.8848741140941	1698.2495937174522	5.880905582060764e-09	0
chr10	29164046	29164759	29164439.5	24	11	5	4.193521196960148e-09	0.0007177745206191632	2.3521041041276488e-05	2352.1041041276485	8.188185341808353e-06	818.8185341808353	1533.2855699468132	2.1408503898031695e-05	1
chr10	44172525	44173668	44173330.0	26	16	12	4.299129940932289e-10	0.006982489692778482	2.5481127794716194e-05	2548.1127794716194	1.191008776990306e-05	1191.008776990306	1357.1040024813135	2.764265038359821e-06	1
chr10	50172822	50173633	50173311.0	26	3	9	3.6444280926417605e-10	3.3040588776067636e-07	2.5481127794716194e-05	2548.1127794716194	2.2331414568568237e-06	223.31414568568238	2324.798633785937	2.3910283667630948e-06	0
chr10	50471642	50472554	50472271.0	21	9	9	1.2477020316925547e-07	0.00698185085684111	2.0580910911116924e-05	2058.0910911116925	6.699424370570471e-06	669.9424370570471	1388.1486540546455	0.00043782951614123716	2
chr10	52435487	52436425	52435824.0	30	26	12	3.863021014183232e-12	0.0006049961168766993	2.940130130159561e-05	2940.130130159561	1.9353892626092473e-05	1935.3892626092472	1004.7408675503136	3.988497384574052e-08	1
chr10	62381412	62382405	62382038.0	27	4	6	7.262590528966939e-11	5.860474994179299e-09	2.6461171171436047e-05	2646.117117143605	2.977521942475765e-06	297.7521942475765	2348.3649228960285	5.623867283596976e-07	0
chr10	74821746	74823209	74822007.0	26	14	9	4.768372363628259e-10	0.0005164862623954214	2.5481127794716194e-05	2548.1127794716194	1.0421326798665176e-05	1042.1326798665177	1505.9800996051017	3.029695890847137e-06	1
chr10	80924809	80925549	80925346.0	20	7	4	1.4152842109371733e-07	1.8831406716768306e-05	1.960086753439707e-05	1960.0867534397073	5.210663399332588e-06	521.0663399332589	1439.0204135064484	0.000487605825735698	0
chr10	84401185	84402337	84401761.0	28	5	13	2.107325425271256e-11	2.9871315070373328e-06	2.74412145481559e-05	2744.12145481559	3.721902428094706e-06	372.1902428094706	2371.9312120061195	1.8054297606633398e-07	0
chr10	87007415	87008839	87008619.0	44	35	7	0.0	0.005568018727098445	4.312190857567356e-05	4312.190857567356	2.605331699666294e-05	2605.3316996662943	1706.8591579010617	0.0	2
chr10	91556137	91557387	91556929.0	26	21	11	2.6721658219486244e-10	0.007669344370234699	2.5481127794716194e-05	2548.1127794716194	1.5631990197997764e-05	1563.1990197997766	984.9137596718429	1.8046037721609278e-06	1
chr10	115664074	115665482	115664902.0	67	140	20	0.0	0.0019375501872970213	6.566290624023019e-05	6566.2906240230195	0.00010421326798665176	10421.326798665177	-3855.0361746421577	0.0	1
chr11	9565410	9566740	9566333.0	26	15	11	3.7974368094495503e-10	0.0008786750164250234	2.5481127794716194e-05	2548.1127794716194	1.1165707284284118e-05	1116.5707284284117	1431.5420510432077	2.4762839446610996e-06	3
chr11	10391831	10392361	10392061.0	25	14	6	4.417227694730741e-10	0.004638640982126074	2.450108441799634e-05	2450.108441799634	1.0421326798665176e-05	1042.1326798665177	1407.9757619331162	2.8316015274634946e-06	0
chr11	10742716	10743684	10742916.0	23	8	10	8.262926898261469e-09	0.00017914513676686727	2.2540997664556634e-05	2254.0997664556635	5.95504388495153e-06	595.504388495153	1658.5953779605106	3.902890536700791e-05	2
chr11	17238253	17239566	17238784.0	46	25	11	0.0	0.0010670052225616455	4.508199532911327e-05	4508.199532911327	1.860951214047353e-05	1860.951214047353	2647.248318863974	0.0	2
chr11	24446070	24446529	24446296.0	30	14	3	2.682298827494378e-13	3.3339958772637956e-05	2.940130130159561e-05	2940.130130159561	1.0421326798665176e-05	1042.1326798665177	1897.9974502930431	3.4453205919026215e-09	0
chr11	30521358	30522749	30522058.0	33	30	17	3.652633751016765e-14	0.009648458188576736	3.234143143175517e-05	3234.143143175517	2.2331414568568236e-05	2233.1414568568234	1001.0016863186934	5.324154983152872e-10	1
chr11	38970925	38972466	38972125.0	32	9	18	2.0194956817931597e-13	8.356943581588894e-09	3.136138805503532e-05	3136.138805503532	6.699424370570471e-06	669.9424370570471	2466.1963684464845	2.644506609178431e-09	2
chr11	46947290	46948219	46947645.0	24	10	9	5.8077184172944385e-09	0.004727425538530672	2.3521041041276488e-05	2352.1041041276485	7.443804856189412e-06	744.3804856189412	1607.7236185087072	2.8562820247029165e-05	0
chr11	47946502	47947262	47946973.0	26	9	7	1.9317492050419105e-10	7.083308664135313e-05	2.5481127794716194e-05	2548.1127794716194	6.699424370570471e-06	669.9424370570471	1878.1703424145724	1.349853546131913e-06	1
chr11	61655531	61656061	61655761.0	23	3	5	1.3619251060248416e-08	3.7893815936662634e-05	2.2540997664556634e-05	2254.0997664556635	2.2331414568568237e-06	223.31414568568238	2030.785620769981	5.969015707336429e-05	0
chr11	63528493	63528952	63528723.0	34	6	4	1.887379141862766e-15	1.3134958676275232e-09	3.332147480847502e-05	3332.1474808475023	4.466282913713647e-06	446.62829137136475	2885.5191894761374	3.5143894217378535e-11	0
chr11	63530836	63531295	63531066.0	23	3	4	5.412635672996657e-09	7.174536487131178e-07	2.2540997664556634e-05	2254.0997664556635	2.2331414568568237e-06	223.31414568568238	2030.785620769981	2.670130264030995e-05	0
chr11	66124359	66125316	66124772.0	28	4	8	1.0287637408623596e-10	2.1520475734781996e-08	2.74412145481559e-05	2744.12145481559	2.977521942475765e-06	297.7521942475765	2446.3692605680135	7.635944346813445e-07	1
chr11	72164287	72164817	72164584.0	29	10	4	2.2746249328520207e-12	0.00010875343886906919	2.8421257924875754e-05	2842.1257924875754	7.443804856189412e-06	744.3804856189412	2097.745306868634	2.4754543346092546e-08	0
chr11	73034536	73035328	73034845.0	22	10	8	4.392645769346615e-08	0.0034217890910140936	2.156095428783678e-05	2156.095428783678	7.443804856189412e-06	744.3804856189412	1411.7149431647367	0.0001717259017951282	0
chr11	76771979	76773042	76772839.0	23	13	6	6.688047338165859e-09	0.008010863723738826	2.2540997664556634e-05	2254.0997664556635	9.676946313046236e-06	967.6946313046236	1286.4051351510398	3.254454348704212e-05	2
chr11	78150627	78151476	78151052.0	27	12	6	4.534128628108647e-11	0.0001754317862086019	2.6461171171436047e-05	2646.117117143605	8.932565827427295e-06	893.2565827427295	1752.8605344008754	3.697716198260447e-07	1
chr11	78155805	78156572	78156229.0	31	20	7	2.5501822875639846e-13	0.003076976366964801	3.0381344678315463e-05	3038.1344678315463	1.4887609712378825e-05	1488.7609712378824	1549.373496593664	3.2992005263397357e-09	1
chr11	79059746	79060989	79060321.0	45	31	6	0.0	0.0007864148970180285	4.4101951952393415e-05	4410.195195239341	2.3075795054187178e-05	2307.579505418718	2102.615689820623	0.0	1
chr11	80719085	80720476	80719833.0	32	9	20	3.1193936322893023e-12	5.471059250083954e-08	3.136138805503532e-05	3136.138805503532	6.699424370570471e-06	669.9424370570471	2466.1963684464845	3.2838672294856485e-08	1
chr11	85029457	85030398	85030134.0	32	19	11	1.3278267374516872e-13	3.1807068020750506e-05	3.136138805503532e-05	3136.138805503532	1.4143229226759883e-05	1414.3229226759884	1721.8158828275434	1.7972201840655854e-09	1
chr11	86705662	86706446	86706147.5	34	12	6	4.9960036108132044e-15	2.6972190181329125e-07	3.332147480847502e-05	3332.1474808475023	8.932565827427295e-06	893.2565827427295	2438.8908981047725	8.560551204076718e-11	1
chr11	95320231	95320690	95320461.0	22	13	5	1.0587632215397491e-08	0.0032827656649928594	2.156095428783678e-05	2156.095428783678	9.676946313046236e-06	967.6946313046236	1188.4007974790543	4.83093262549759e-05	0
chr11	101033439	101034888	101034141.0	34	22	18	2.5646151868841116e-14	4.170497512978599e-05	3.332147480847502e-05	3332.1474808475023	1.6376370683616706e-05	1637.6370683616706	1694.5104124858317	3.842559355975646e-10	1
chr11	101695047	101695506	101695273.0	20	10	4	1.3966301293244499e-07	0.0023747777837698214	1.960086753439707e-05	1960.0867534397073	7.443804856189412e-06	744.3804856189412	1215.7062678207662	0.0004827278212508886	0
chr11	110362482	110363626	110363423.0	28	18	11	2.002609189588611e-11	0.0034225696098207914	2.74412145481559e-05	2744.12145481559	1.3398848741140941e-05	1339.8848741140941	1404.2365807014958	1.7202904245354014e-07	0
chr12	6363495	6364522	6364283.0	22	3	4	1.9751961732872303e-08	1.6764833217219888e-06	2.156095428783678e-05	2156.095428783678	2.2331414568568237e-06	223.31414568568238	1932.7812830979956	8.328249203206065e-05	1
chr12	14819906	14820876	14820291.0	56	57	16	0.0	9.483262429244022e-05	5.48824290963118e-05	5488.24290963118	4.242968768027965e-05	4242.968768027965	1245.274141603215	0.0	1
chr12	14832895	14834053	14833747.0	23	12	10	3.5125677477765294e-08	0.00010071870045758047	2.2540997664556634e-05	2254.0997664556635	8.932565827427295e-06	893.2565827427295	1360.843183712934	0.00014073609469848186	0
chr12	15216025	15217216	15216716.0	31	30	14	3.1108449149996886e-12	0.0022379384584123585	3.0381344678315463e-05	3038.1344678315463	2.2331414568568236e-05	2233.1414568568234	804.9930109747229	3.2838672294856485e-08	2
chr12	46208749	46210047	46209551.0	36	22	15	1.1501910535116622e-13	2.4299874060718096e-06	3.528156156191473e-05	3528.156156191473	1.6376370683616706e-05	1637.6370683616706	1890.5190878298026	1.590196887854663e-09	2
chr12	46664432	46665256	46665053.0	22	16	7	1.0571115272028919e-07	0.008021617586830398	2.156095428783678e-05	2156.095428783678	1.191008776990306e-05	1191.008776990306	965.0866517933721	0.00037711160146875063	1
chr12	46949770	46950879	46950216.0	23	6	8	2.5788981616869933e-08	8.49405284331084e-06	2.2540997664556634e-05	2254.0997664556635	4.466282913713647e-06	446.62829137136475	1807.4714750842986	0.00010569354913441606	1
chr12	52247146	52247912	52247619.0	32	18	5	1.9761969838327786e-13	0.002918183466662283	3.136138805503532e-05	3136.138805503532	1.3398848741140941e-05	1339.8848741140941	1796.2539313894376	2.6090189935630536e-09	1
chr12	52279915	52280705	52280502.0	22	10	3	2.7282101688896887e-08	0.0031222247663473812	2.156095428783678e-05	2156.095428783678	7.443804856189412e-06	744.3804856189412	1411.7149431647367	0.00011096588386201322	1
chr12	52330483	52331656	52331294.0	30	15	6	6.5391025927397095e-12	0.001387320087226529	2.940130130159561e-05	2940.130130159561	1.1165707284284118e-05	1116.5707284284117	1823.5594017311491	6.19549583067686e-08	0
chr12	53871484	53872528	53871952.0	42	25	9	0.0	2.9359482612290044e-05	4.116182182223385e-05	4116.182182223385	1.860951214047353e-05	1860.951214047353	2255.230968176032	0.0	0
chr12	93522705	93523316	93522919.0	24	14	5	2.448526603693324e-09	0.0016533597132069033	2.3521041041276488e-05	2352.1041041276485	1.0421326798665176e-05	1042.1326798665177	1309.9714242611308	1.3037258820817618e-05	0
chr12	118059088	118060284	118059764.0	39	18	9	0.0	1.6137521681613975e-05	3.822169169207429e-05	3822.169169207429	1.3398848741140941e-05	1339.8848741140941	2482.284295093335	0.0	0
chr12	118105961	118106846	118106217.0	27	12	6	5.3640647479369363e-11	0.00040109012390709964	2.6461171171436047e-05	2646.117117143605	8.932565827427295e-06	893.2565827427295	1752.8605344008754	4.287713911476096e-07	1
chr12	120473918	120474788	120474522.0	21	11	6	1.2922867598241794e-07	0.00782496834588342	2.0580910911116924e-05	2058.0910911116925	8.188185341808353e-06	818.8185341808353	1239.2725569308573	0.0004515073335645924	0
chr12	121202732	121203568	121202953.0	31	12	4	1.6897594434794883e-13	2.041231341642913e-05	3.0381344678315463e-05	3038.1344678315463	8.932565827427295e-06	893.2565827427295	2144.8778850888166	2.258627827874316e-09	1
chr12	122111182	122112542	122112107.0	23	6	11	6.346491887576633e-08	4.374610516422184e-05	2.2540997664556634e-05	2254.0997664556635	4.466282913713647e-06	446.62829137136475	1807.4714750842986	0.00023744739686538778	1
chr12	124729782	124731013	124730495.0	26	5	5	2.8105662241983964e-10	9.031160841110886e-05	2.5481127794716194e-05	2548.1127794716194	3.721902428094706e-06	372.1902428094706	2175.922536662149	1.8862072962066064e-06	1
chr13	20021202	20022419	20021826.0	24	4	10	7.473502705579449e-09	6.055373841240552e-07	2.3521041041276488e-05	2352.1041041276485	2.977521942475765e-06	297.7521942475765	2054.351909880072	3.593240022775629e-05	1
chr13	108919157	108919980	108919388.0	27	6	9	3.4817815297572e-11	2.4034868073563587e-07	2.6461171171436047e-05	2646.117117143605	4.466282913713647e-06	446.62829137136475	2199.48882577224	2.883292821756071e-07	2
chr13	112913588	112914055	112913788.0	20	2	4	1.3847808122413596e-07	5.583641664574923e-05	1.960086753439707e-05	1960.0867534397073	1.4887609712378825e-06	148.87609712378824	1811.210656315919	0.0004791463578160264	2
chr14	23664768	23665894	23665464.0	30	8	10	1.175870512071242e-11	4.494186828241098e-07	2.940130130159561e-05	2940.130130159561	5.95504388495153e-06	595.504388495153	2344.625741664408	1.0640115357012918e-07	2
chr14	35356068	35356707	35356268.0	21	5	3	5.1473978412985844e-08	3.4519828938539554e-05	2.0580910911116924e-05	2058.0910911116925	3.721902428094706e-06	372.1902428094706	1685.900848302222	0.0001962311107323605	0
chr14	37566280	37567508	37567021.0	74	80	16	0.0	7.784038257629966e-06	7.252320987726917e-05	7252.320987726916	5.95504388495153e-05	5955.043884951529	1297.277102775387	0.0	1
chr14	39218374	39218892	39218689.0	21	11	4	4.4481743621815895e-08	0.002819063758494389	2.0580910911116924e-05	2058.0910911116925	8.188185341808353e-06	818.8185341808353	1239.2725569308573	0.00017347567670967032	0
chr14	40367553	40368741	40367874.0	23	15	16	1.6565506744115055e-08	0.00423035019002993	2.2540997664556634e-05	2254.0997664556635	1.1165707284284118e-05	1116.5707284284117	1137.5290380272518	7.11508835014681e-05	1
chr14	43307650	43309054	43308453.0	26	12	18	3.4001865767407935e-09	9.376936653149315e-06	2.5481127794716194e-05	2548.1127794716194	8.932565827427295e-06	893.2565827427295	1654.85619672889	1.7694933485446433e-05	0
chr14	43448826	43449623	43449420.0	23	8	6	9.030941328092013e-09	6.121567448613696e-06	2.2540997664556634e-05	2254.0997664556635	5.95504388495153e-06	595.504388495153	1658.5953779605106	4.234607074194844e-05	0
chr14	44771588	44772984	44772121.0	31	14	9	4.107825191113079e-13	8.80851212547995e-06	3.0381344678315463e-05	3038.1344678315463	1.0421326798665176e-05	1042.1326798665177	1996.0017879650286	5.05065260182847e-09	0
chr14	45705176	45706583	45706145.0	33	18	19	4.96269692007445e-14	9.368217474137186e-05	3.234143143175517e-05	3234.143143175517	1.3398848741140941e-05	1339.8848741140941	1894.2582690614227	7.168853821482721e-10	0
chr14	49911585	49912376	49911870.0	26	17	9	1.5447154666503593e-09	0.0043250001941890215	2.5481127794716194e-05	2548.1127794716194	1.2654468255522001e-05	1265.4468255522002	1282.6659539194193	8.729924229421759e-06	0
chr14	50013325	50014223	50013758.0	22	11	6	5.536076652656874e-08	0.0015616882694021728	2.156095428783678e-05	2156.095428783678	8.188185341808353e-06	818.8185341808353	1337.2768946028427	0.00021005413706034156	1
chr14	51534034	51535458	51534609.0	23	10	8	1.177364894466848e-08	0.0007341718949334108	2.2540997664556634e-05	2254.0997664556635	7.443804856189412e-06	744.3804856189412	1509.7192808367222	5.297060033340259e-05	1
chr14	60861224	60862582	60861903.0	34	23	21	2.0183854587685346e-13	0.00038424297426775667	3.332147480847502e-05	3332.1474808475023	1.7120751169235648e-05	1712.0751169235648	1620.0723639239375	2.644506609178431e-09	1
chr14	61514006	61516133	61514938.0	49	16	14	0.0	7.45229433718464e-11	4.802212545927283e-05	4802.212545927283	1.191008776990306e-05	1191.008776990306	3611.203768936977	0.0	2
chr14	61553557	61554175	61553953.0	29	3	4	3.262945469373335e-12	4.782405582659521e-10	2.8421257924875754e-05	2842.1257924875754	2.2331414568568237e-06	223.31414568568238	2618.811646801893	3.412682884481181e-08	1
chr14	63671719	63673069	63672474.0	34	19	19	1.290079154614432e-13	0.0001305271636705685	3.332147480847502e-05	3332.1474808475023	1.4143229226759883e-05	1414.3229226759884	1917.824558171514	1.7609263407135436e-09	0
chr14	65598899	65600350	65599802.0	25	8	14	1.264820970181546e-08	2.2034005105808774e-05	2.450108441799634e-05	2450.108441799634	5.95504388495153e-06	595.504388495153	1854.604053304481	5.62765319575492e-05	0
chr14	66536545	66537800	66537047.0	29	8	12	7.475353669406104e-12	6.400163667930059e-07	2.8421257924875754e-05	2842.1257924875754	5.95504388495153e-06	595.504388495153	2246.6214039924225	7.020603714318367e-08	1
chr14	68046804	68048339	68047908.0	31	21	17	1.2939048721349877e-09	0.004679369943428102	3.0381344678315463e-05	3038.1344678315463	1.5631990197997764e-05	1563.1990197997766	1474.9354480317697	7.4966009147717005e-06	0
chr14	68139862	68142533	68140506.0	81	30	31	0.0	3.3306690738754696e-16	7.938351351430814e-05	7938.351351430814	2.2331414568568236e-05	2233.1414568568234	5705.209894573991	0.0	1
chr14	68177473	68178692	68177862.0	29	16	12	1.5935236463704427e-09	0.0009392002473940231	2.8421257924875754e-05	2842.1257924875754	1.191008776990306e-05	1191.008776990306	1651.1170154972694	8.958611954705505e-06	1
chr14	68190864	68192280	68191735.0	36	13	19	2.321154379814061e-11	5.061694628993862e-07	3.528156156191473e-05	3528.156156191473	9.676946313046236e-06	967.6946313046236	2560.4615248868495	1.9728844570393106e-07	0
chr14	68210225	68211137	68210578.5	24	6	6	2.0754751139939742e-08	6.682658475809511e-06	2.3521041041276488e-05	2352.1041041276485	4.466282913713647e-06	446.62829137136475	1905.4758127562836	8.705488482634866e-05	1
chr14	73227650	73229134	73228563.0	30	2	7	2.0827783941967937e-12	2.449396241388513e-11	2.940130130159561e-05	2940.130130159561	1.4887609712378825e-06	148.87609712378824	2791.2540330357724	2.274353056921589e-08	0
chr14	73695713	73697136	73696743.0	27	6	14	1.2927229287029718e-09	6.796030496136751e-07	2.6461171171436047e-05	2646.117117143605	4.466282913713647e-06	446.62829137136475	2199.48882577224	7.4966009147717005e-06	0
chr14	74018178	74018681	74018478.0	23	12	4	7.911473698385407e-09	0.009461775497787261	2.2540997664556634e-05	2254.0997664556635	8.932565827427295e-06	893.2565827427295	1360.843183712934	3.761414117730957e-05	1
chr14	75282867	75283909	75283376.0	40	16	9	0.0	1.8858068187355137e-05	3.920173506879414e-05	3920.1735068794146	1.191008776990306e-05	1191.008776990306	2729.1647298891085	0.0	1
chr14	75521163	75522339	75521910.0	23	6	8	2.0429608671435062e-08	3.827168987768914e-05	2.2540997664556634e-05	2254.0997664556635	4.466282913713647e-06	446.62829137136475	1807.4714750842986	8.580281154740282e-05	1
chr14	76904896	76905615	76905258.0	28	7	5	3.5306757517616916e-11	7.91231930585834e-06	2.74412145481559e-05	2744.12145481559	5.210663399332588e-06	521.0663399332589	2223.055114882331	2.916285663469618e-07	1
chr14	76919197	76919959	76919568.0	22	7	4	3.725922037567386e-08	0.0007470784673860864	2.156095428783678e-05	2156.095428783678	5.210663399332588e-06	521.0663399332589	1635.0290888504192	0.0001483617941698566	1
chr14	77111104	77111808	77111408.0	30	8	6	4.0644154708502356e-12	5.336543180023412e-06	2.940130130159561e-05	2940.130130159561	5.95504388495153e-06	595.504388495153	2344.625741664408	4.1697045419425606e-08	1
chr14	82813656	82814115	82813886.0	21	13	4	2.7387784262700166e-08	0.0014025558783343772	2.0580910911116924e-05	2058.0910911116925	9.676946313046236e-06	967.6946313046236	1090.3964598070688	0.00011111513820198372	0
chr14	95273452	95274212	95273825.0	25	7	3	4.1431735819941196e-10	3.567227126799466e-05	2.450108441799634e-05	2450.108441799634	5.210663399332588e-06	521.0663399332589	1929.042101866375	2.675576089701517e-06	1
chr14	96116361	96117877	96117241.0	28	8	6	1.6468382213474797e-11	0.00012090222271821105	2.74412145481559e-05	2744.12145481559	5.95504388495153e-06	595.504388495153	2148.617066320437	1.441584002617373e-07	1
chr14	98806204	98807162	98806795.0	21	8	7	6.495516380322641e-08	0.0059442778497930115	2.0580910911116924e-05	2058.0910911116925	5.95504388495153e-06	595.504388495153	1462.5867026165397	0.00024189918760255836	0
chr14	98822859	98823462	98823059.0	22	4	4	1.3413522736982486e-08	5.992779031316342e-05	2.156095428783678e-05	2156.095428783678	2.977521942475765e-06	297.7521942475765	1858.3432345361016	5.9110183530227957e-05	1
chr14	103880025	103880574	103880232.0	26	3	3	1.0865208732724341e-10	9.033089052312704e-07	2.5481127794716194e-05	2548.1127794716194	2.2331414568568237e-06	223.31414568568238	2324.798633785937	7.990993888011802e-07	1
chr15	50854382	50854838	50854582.0	36	16	3	1.1102230246251565e-16	1.1186164831533674e-05	3.528156156191473e-05	3528.156156191473	1.191008776990306e-05	1191.008776990306	2337.1473792011675	2.483616707355591e-12	1
chr15	64072612	64073121	64072847.0	29	4	7	2.736255666491161e-12	4.327388114511166e-09	2.8421257924875754e-05	2842.1257924875754	2.977521942475765e-06	297.7521942475765	2544.373598239999	2.9381384337353232e-08	0
chr15	64521522	64522862	64522326.0	35	10	13	2.1094237467877974e-15	1.0602631299594378e-06	3.4301518185194876e-05	3430.1518185194877	7.443804856189412e-06	744.3804856189412	2685.7713329005464	3.9052731674281016e-11	1
chr15	65226637	65227523	65227294.0	25	13	5	3.71062625070806e-10	0.0005129968675560148	2.450108441799634e-05	2450.108441799634	9.676946313046236e-06	967.6946313046236	1482.4138104950102	2.4295114202659354e-06	1
chr15	67038613	67039506	67039026.0	29	17	6	4.0000225354219765e-12	0.0035842957396373665	2.8421257924875754e-05	2842.1257924875754	1.2654468255522001e-05	1265.4468255522002	1576.6789669353752	4.116754183482844e-08	0
chr15	70323770	70324718	70324331.0	23	10	9	1.8089081343930502e-08	0.004727425538530672	2.2540997664556634e-05	2254.0997664556635	7.443804856189412e-06	744.3804856189412	1509.7192808367222	7.705105506457004e-05	1
chr15	71104299	71105287	71104837.0	46	35	10	0.0	0.0030229595922085517	4.508199532911327e-05	4508.199532911327	2.605331699666294e-05	2605.3316996662943	1902.8678332450327	0.0	2
chr15	71679076	71680344	71680141.0	22	6	5	2.3012957872659e-08	0.0011311953571553346	2.156095428783678e-05	2156.095428783678	4.466282913713647e-06	446.62829137136475	1709.4671374123131	9.516380967834031e-05	2
chr15	71691915	71693207	71692688.0	23	4	13	3.981779816975006e-08	5.992779031316342e-05	2.2540997664556634e-05	2254.0997664556635	2.977521942475765e-06	297.7521942475765	1956.347572208087	0.00015680531245933864	1
chr15	73918594	73919455	73919047.0	31	14	5	1.7252865802674933e-13	4.427711477394958e-05	3.0381344678315463e-05	3038.1344678315463	1.0421326798665176e-05	1042.1326798665177	1996.0017879650286	2.2965860012611764e-09	1
chr15	78265903	78266911	78266357.0	23	10	9	1.1441293024105903e-08	0.00021998658267230464	2.2540997664556634e-05	2254.0997664556635	7.443804856189412e-06	744.3804856189412	1509.7192808367222	5.176449122592606e-05	0
chr15	80669743	80670232	80669976.0	23	9	3	4.300947042956693e-09	0.0008879659793580297	2.2540997664556634e-05	2254.0997664556635	6.699424370570471e-06	669.9424370570471	1584.1573293986164	2.1784310297566352e-05	1
chr15	92803654	92804536	92803854.0	23	14	5	1.2725893894227625e-08	0.0002866655023971987	2.2540997664556634e-05	2254.0997664556635	1.0421326798665176e-05	1042.1326798665177	1211.9670865891458	5.654407791588828e-05	1
chr15	92868708	92869927	92869658.0	30	12	6	2.7112756484370948e-12	2.1278836193072692e-07	2.940130130159561e-05	2940.130130159561	8.932565827427295e-06	893.2565827427295	2046.8735474168313	2.921052214009247e-08	1
chr15	95246276	95247669	95247466.0	35	9	15	1.0769163338864018e-14	2.6058595281597263e-09	3.4301518185194876e-05	3430.1518185194877	6.699424370570471e-06	669.9424370570471	2760.2093814624404	1.7699570494052497e-10	1
chr15	95318590	95319752	95319367.0	24	4	13	1.2284290584752e-08	2.8082102720983215e-07	2.3521041041276488e-05	2352.1041041276485	2.977521942475765e-06	297.7521942475765	2054.351909880072	5.484446921497638e-05	1
chr15	95895223	95896503	95895693.0	41	40	12	0.0	0.0005888846427071215	4.0181778445513996e-05	4018.1778445513996	2.977521942475765e-05	2977.5219424757647	1040.655902075635	0.0	2
chr15	96052978	96054149	96053566.0	27	22	16	1.3868667547711766e-08	0.0010680006629424366	2.6461171171436047e-05	2646.117117143605	1.6376370683616706e-05	1637.6370683616706	1008.4800487819343	6.053620766325327e-05	0
chr15	96209378	96210089	96209778.0	25	8	8	4.203185577367208e-09	7.907872819901129e-07	2.450108441799634e-05	2450.108441799634	5.95504388495153e-06	595.504388495153	1854.604053304481	2.1423889611024106e-05	1
chr15	96230578	96231322	96230823.0	28	16	5	2.9192648298703716e-11	1.4742301174597294e-05	2.74412145481559e-05	2744.12145481559	1.191008776990306e-05	1191.008776990306	1553.112677825284	2.442584520930983e-07	0
chr15	98748597	98750073	98749214.0	58	65	19	0.0	0.00021116424928979693	5.684251584975151e-05	5684.251584975151	4.838473156523118e-05	4838.473156523118	845.778428452033	0.0	1
chr16	1296800	1297509	1297220.5	30	12	5	2.3081536681957004e-12	0.0037550152669919568	2.940130130159561e-05	2940.130130159561	8.932565827427295e-06	893.2565827427295	2046.8735474168313	2.503485641014436e-08	1
chr16	2846185	2847238	2847030.0	34	7	6	1.1435297153639112e-14	5.514109724380489e-09	3.332147480847502e-05	3332.1474808475023	5.210663399332588e-06	521.0663399332589	2811.0811409142434	1.8604546971463699e-10	1
chr16	10590116	10590821	10590618.0	21	4	4	5.0317293109891637e-08	1.4469219190016425e-05	2.0580910911116924e-05	2058.0910911116925	2.977521942475765e-06	297.7521942475765	1760.3388968641161	0.0001926486594444217	1
chr16	11127783	11128342	11128099.0	28	0	3	8.325895528571436e-12	2.9598545836506673e-12	2.74412145481559e-05	2744.12145481559	0.0	0.0	2744.12145481559	7.796673533081211e-08	1
chr16	70205507	70205966	70205733.0	25	12	5	6.72387590050505e-10	0.0004754279999340527	2.450108441799634e-05	2450.108441799634	8.932565827427295e-06	893.2565827427295	1556.8518590569045	4.181448617970026e-06	0
chr16	71707682	71708714	71708187.0	44	19	6	0.0	2.1302299925363144e-05	4.312190857567356e-05	4312.190857567356	1.4143229226759883e-05	1414.3229226759884	2897.8679348913674	0.0	0
chr16	72996319	72997551	72996855.0	27	12	5	4.168909661927955e-11	2.730795020033927e-05	2.6461171171436047e-05	2646.117117143605	8.932565827427295e-06	893.2565827427295	1752.8605344008754	3.417171447372601e-07	1
chr16	85465422	85466478	85465978.0	29	13	4	1.4856560426323995e-11	0.0072612493895425345	2.8421257924875754e-05	2842.1257924875754	9.676946313046236e-06	967.6946313046236	1874.4311611829517	1.3075973245042456e-07	2
chr16	86901539	86901951	86901739.0	20	4	2	1.3271077292653644e-07	5.605273109399178e-05	1.960086753439707e-05	1960.0867534397073	2.977521942475765e-06	297.7521942475765	1662.3345591921309	0.00046083096692363666	1
chr16	87789520	87790455	87789735.0	48	21	4	0.0	9.558834005884975e-06	4.7042082082552975e-05	4704.208208255297	1.5631990197997764e-05	1563.1990197997766	3141.0091884555204	0.0	2
chr16	87807104	87807913	87807304.0	25	11	4	7.354635789269537e-10	0.0031981461095801356	2.450108441799634e-05	2450.108441799634	8.188185341808353e-06	818.8185341808353	1631.2899076187987	4.529980337031952e-06	2
chr17	7951324	7952536	7952163.0	24	11	7	2.3048608577269647e-09	0.0010727131453980299	2.3521041041276488e-05	2352.1041041276485	8.188185341808353e-06	818.8185341808353	1533.2855699468132	1.2395233865028206e-05	1
chr17	13181789	13183134	13182931.0	26	5	8	1.4989165464385223e-10	1.735601208574522e-05	2.5481127794716194e-05	2548.1127794716194	3.721902428094706e-06	372.1902428094706	2175.922536662149	1.0682572622870273e-06	1
chr17	13187621	13188817	13187906.0	22	8	12	3.369993095692081e-08	0.0059442778497930115	2.156095428783678e-05	2156.095428783678	5.95504388495153e-06	595.504388495153	1560.5910402885252	0.00013519178454374743	1
chr17	50950089	50951253	50950816.0	28	11	4	1.6400769631275125e-11	0.00010537139939337248	2.74412145481559e-05	2744.12145481559	8.188185341808353e-06	818.8185341808353	1925.3029206347546	1.439577330941446e-07	3
chr17	57166377	57166992	57166649.0	21	5	4	1.0988297161063088e-07	0.00019731314968829405	2.0580910911116924e-05	2058.0910911116925	3.721902428094706e-06	372.1902428094706	1685.900848302222	0.0003908366516336226	1
chr17	58575300	58576345	58575914.0	27	14	9	4.217371007975146e-09	0.00022363750176435104	2.6461171171436047e-05	2646.117117143605	1.0421326798665176e-05	1042.1326798665177	1603.9844372770872	2.1462234372152723e-05	1
chr17	58639510	58640703	58639876.0	33	2	6	7.781553179597722e-13	1.8496315590255108e-13	3.234143143175517e-05	3234.143143175517	1.4887609712378825e-06	148.87609712378824	3085.2670460517284	9.14855623455171e-09	1
chr17	58740898	58741634	58741118.0	49	23	5	0.0	6.4392353671394176e-09	4.802212545927283e-05	4802.212545927283	1.7120751169235648e-05	1712.0751169235648	3090.1374290037184	0.0	1
chr17	58900128	58901397	58900705.0	44	33	10	0.0	0.0005146734823130439	4.312190857567356e-05	4312.190857567356	2.456455602542506e-05	2456.455602542506	1855.7352550248502	0.0	1
chr17	59093003	59095705	59094612.0	75	37	21	0.0	4.784284080017187e-12	7.350325325398902e-05	7350.325325398902	2.7542077967900824e-05	2754.2077967900823	4596.11752860882	0.0	2
chr17	59621015	59622293	59622029.0	38	23	18	1.0422353724504063e-07	7.877406289280575e-05	3.7241648315354436e-05	3724.1648315354437	1.7120751169235648e-05	1712.0751169235648	2012.089714611879	0.00037221691564968257	0
chr17	59832730	59833500	59833124.0	51	34	9	0.0	2.739968679976723e-05	4.9982212212712535e-05	4998.221221271254	2.5308936511044003e-05	2530.8936511044003	2467.3275701668535	0.0	1
chr17	59844857	59846419	59845778.0	206	221	16	0.0	0.001286152743058211	0.00020188893560428985	20188.893560428984	0.000164508087321786	16450.8087321786	3738.084828250383	0.0	1
chr17	59855630	59856543	59855938.0	55	49	5	0.0	0.00440652193853075	5.390238571959195e-05	5390.238571959195	3.647464379532812e-05	3647.464379532812	1742.7741924263828	0.0	3
chr17	59962548	59965656	59963324.0	43	23	19	1.1099428154359714e-08	2.8771132657423593e-06	4.214186519895371e-05	4214.186519895371	1.7120751169235648e-05	1712.0751169235648	2502.1114029718065	5.0359231112142855e-05	1
chr17	60030854	60031476	60031092.0	64	48	4	0.0	2.5326640642919784e-05	6.272277611007063e-05	6272.277611007064	3.573026330970918e-05	3573.026330970918	2699.2512800361455	0.0	0
chr17	60115068	60115690	60115449.0	52	48	4	0.0	0.008041637403127577	5.096225558943239e-05	5096.225558943239	3.573026330970918e-05	3573.026330970918	1523.1992279723208	0.0	0
chr17	60344695	60345600	60345133.0	48	26	12	3.552713678800501e-15	2.710152344653771e-06	4.7042082082552975e-05	4704.208208255297	1.9353892626092473e-05	1935.3892626092472	2768.8189456460495	6.288189993128881e-11	1
chr17	60356056	60357064	60356683.0	35	19	9	5.6887161647978246e-11	7.533686321559152e-05	3.4301518185194876e-05	3430.1518185194877	1.4143229226759883e-05	1414.3229226759884	2015.8288958434994	4.513620765453733e-07	2
chr17	60567361	60568518	60568041.0	53	24	13	0.0	9.19952991562667e-09	5.194229896615224e-05	5194.229896615224	1.786513165485459e-05	1786.513165485459	3407.716731129765	0.0	1
chr17	61219424	61220631	61219635.0	30	21	9	2.5857610830293254e-08	0.005182611402260284	2.940130130159561e-05	2940.130130159561	1.5631990197997764e-05	1563.1990197997766	1376.9311103597843	0.0001058401623726538	1
chr17	61230645	61231758	61231298.0	78	72	7	0.0	0.005904171796586866	7.644338338414858e-05	7644.338338414858	5.3595394964563765e-05	5359.539496456377	2284.7988419584817	0.0	1
chr17	61249768	61250932	61250443.0	35	24	10	1.2768550661235167e-09	0.0019650518815694795	3.4301518185194876e-05	3430.1518185194877	1.786513165485459e-05	1786.513165485459	1643.6386530340287	7.424525004361844e-06	0
chr17	61253852	61255254	61254306.0	37	24	12	1.6013563808314757e-09	0.0006672997804186842	3.626160493863458e-05	3626.160493863458	1.786513165485459e-05	1786.513165485459	1839.6473283779992	8.986962659478097e-06	1
chr17	61289911	61290921	61290196.0	52	38	10	0.0	0.000353280375346654	5.096225558943239e-05	5096.225558943239	2.8286458453519766e-05	2828.6458453519767	2267.579713591262	0.0	1
chr17	61360113	61361506	61360713.0	74	47	13	0.0	7.037365890028013e-08	7.252320987726917e-05	7252.320987726916	3.498588282409024e-05	3498.5882824090236	3753.732705317893	0.0	0
chr17	61499548	61500357	61500154.0	29	22	6	2.029427048633181e-08	0.007313665193715679	2.8421257924875754e-05	2842.1257924875754	1.6376370683616706e-05	1637.6370683616706	1204.4887241259048	8.534567346864372e-05	0
chr17	61517038	61519774	61518045.0	57	38	29	7.568793036760724e-09	7.690124132708753e-06	5.5862472473031654e-05	5586.247247303166	2.8286458453519766e-05	2828.6458453519767	2757.601401951189	3.622833714505923e-05	0
chr17	61554911	61555998	61555550.0	55	43	13	1.1102230246251565e-16	0.0003076677446650633	5.390238571959195e-05	5390.238571959195	3.200836088161447e-05	3200.836088161447	2189.4024837977477	2.483616707355591e-12	0
chr17	61564123	61565575	61565117.0	29	15	6	2.1398866678623563e-08	0.00014851487938460917	2.8421257924875754e-05	2842.1257924875754	1.1165707284284118e-05	1116.5707284284117	1725.5550640591637	8.93371866853056e-05	0
chr17	61722546	61724027	61723257.0	209	201	25	0.0	1.6326528056165301e-06	0.00020482906573444942	20482.90657344494	0.00014962047760940718	14962.047760940719	5520.858812504221	0.0	1
chr17	61724911	61726217	61725214.0	93	96	16	0.0	0.006827550140233729	9.114403403494639e-05	9114.403403494638	7.146052661941836e-05	7146.052661941836	1968.350741552802	0.0	0
chr17	61861213	61862427	61862066.0	30	11	9	4.6539464060302294e-08	1.781833203873262e-06	2.940130130159561e-05	2940.130130159561	8.188185341808353e-06	818.8185341808353	2121.3115959787256	0.00018019174307084412	2
chr17	62725632	62726425	62726008.0	23	1	3	1.0026367180948625e-08	1.590149645291916e-08	2.2540997664556634e-05	2254.0997664556635	7.443804856189412e-07	74.43804856189412	2179.6617178937695	4.614051101058772e-05	1
chr17	62804339	62805615	62805223.0	49	33	10	0.0	0.0010212711446483391	4.802212545927283e-05	4802.212545927283	2.456455602542506e-05	2456.455602542506	2345.756943384777	0.0	1
chr17	62819591	62820392	62820027.0	29	14	6	2.604483295698401e-11	0.0004671515557934658	2.8421257924875754e-05	2842.1257924875754	1.0421326798665176e-05	1042.1326798665177	1799.9931126210577	2.184877976232208e-07	1
chr17	62888083	62889624	62888544.0	53	29	13	0.0	9.083212121008266e-06	5.194229896615224e-05	5194.229896615224	2.1587034082949294e-05	2158.7034082949294	3035.5264883202944	0.0	1
chr17	62950153	62950877	62950461.0	35	13	6	7.993605777301127e-15	2.796020426187873e-06	3.4301518185194876e-05	3430.1518185194877	9.676946313046236e-06	967.6946313046236	2462.457187214864	1.3411530219720191e-10	1
chr17	64073977	64075214	64074872.0	38	9	10	4.440892098500626e-16	2.8487732173232416e-09	3.7241648315354436e-05	3724.1648315354437	6.699424370570471e-06	669.9424370570471	3054.2223944783964	9.473928632031923e-12	2
chr17	64083653	64084856	64084635.0	24	13	10	3.0657816396661985e-08	0.0073318253204006645	2.3521041041276488e-05	2352.1041041276485	9.676946313046236e-06	967.6946313046236	1384.4094728230248	0.00012329502070768529	1
chr17	64148224	64149389	64148857.0	31	18	6	8.729683642627606e-13	0.004217667667474889	3.0381344678315463e-05	3038.1344678315463	1.3398848741140941e-05	1339.8848741140941	1698.2495937174522	1.0188875566923659e-08	1
chr17	66269516	66270326	66269751.0	32	21	10	3.9412917374193057e-13	0.006495713151972504	3.136138805503532e-05	3136.138805503532	1.5631990197997764e-05	1563.1990197997766	1572.9397857037552	4.864463068199917e-09	0
chr17	66312304	66313650	66313210.0	24	10	12	1.4741895371095382e-08	0.00047576229776546963	2.3521041041276488e-05	2352.1041041276485	7.443804856189412e-06	744.3804856189412	1607.7236185087072	6.37432036490136e-05	0
chr17	67246373	67246963	67246760.0	23	14	2	4.403843623101977e-09	0.009136314658806044	2.2540997664556634e-05	2254.0997664556635	1.0421326798665176e-05	1042.1326798665177	1211.9670865891458	2.2200761227747372e-05	0
chr17	67490893	67491749	67491356.0	24	3	3	1.7999707280225152e-09	1.646129764720783e-07	2.3521041041276488e-05	2352.1041041276485	2.2331414568568237e-06	223.31414568568238	2128.789958441966	9.979898975816704e-06	2
chr17	67990741	67991931	67991490.0	29	20	14	3.919571334165539e-10	0.006064607276541234	2.8421257924875754e-05	2842.1257924875754	1.4887609712378825e-05	1488.7609712378824	1353.364821249693	2.550763588028987e-06	0
chr17	72126602	72127478	72126931.0	21	4	7	5.691494731063784e-08	2.0817256304539455e-05	2.0580910911116924e-05	2058.0910911116925	2.977521942475765e-06	297.7521942475765	1760.3388968641161	0.0002146867800931437	1
chr17	75644912	75646223	75645494.0	28	19	9	1.5208834192037557e-10	0.00744496123260141	2.74412145481559e-05	2744.12145481559	1.4143229226759883e-05	1414.3229226759884	1329.7985321396015	1.0791378051508072e-06	1
chr17	78592091	78592982	78592779.0	23	6	5	7.609811225606222e-09	3.523567062957422e-05	2.2540997664556634e-05	2254.0997664556635	4.466282913713647e-06	446.62829137136475	1807.4714750842986	3.63167474268397e-05	1
chr17	81897882	81898953	81898745.0	28	13	13	4.262463715321019e-10	0.0025531741999780255	2.74412145481559e-05	2744.12145481559	9.676946313046236e-06	967.6946313046236	1776.4268235109662	2.7461706779279283e-06	1
chr17	83055793	83056526	83056261.0	31	16	6	8.805178808302117e-13	0.003941791047791909	3.0381344678315463e-05	3038.1344678315463	1.191008776990306e-05	1191.008776990306	1847.1256908412404	1.023988892155002e-08	1
chr17	83189598	83190219	83189798.0	21	6	3	8.959646802253474e-08	0.0005672621168001379	2.0580910911116924e-05	2058.0910911116925	4.466282913713647e-06	446.62829137136475	1611.4627997403277	0.0003250234971764055	1
chr18	10892850	10894031	10893220.0	23	13	11	9.690649949156693e-09	0.007596401722431034	2.2540997664556634e-05	2254.0997664556635	9.676946313046236e-06	967.6946313046236	1286.4051351510398	4.491639955182204e-05	1
chr18	22872897	22873602	22873276.0	23	12	6	7.087229025870556e-09	0.002274989798614735	2.2540997664556634e-05	2254.0997664556635	8.932565827427295e-06	893.2565827427295	1360.843183712934	3.42798626496335e-05	2
chr18	23684290	23685085	23684782.0	27	6	9	7.197920037782524e-11	1.1148874657918029e-06	2.6461171171436047e-05	2646.117117143605	4.466282913713647e-06	446.62829137136475	2199.48882577224	5.587219790445887e-07	1
chr18	49203406	49204186	49203632.0	26	13	8	1.454205644790818e-10	0.00116430282715696	2.5481127794716194e-05	2548.1127794716194	9.676946313046236e-06	967.6946313046236	1580.4181481669957	1.0409986044892764e-06	0
chr18	54344118	54344586	54344353.0	21	10	5	4.965884081720162e-08	0.0004768315230759823	2.0580910911116924e-05	2058.0910911116925	7.443804856189412e-06	744.3804856189412	1313.7106054927513	0.00019043822570924513	0
chr18	60053754	60054776	60054108.0	33	16	12	1.2656542480726785e-14	0.0001569072502090041	3.234143143175517e-05	3234.143143175517	1.191008776990306e-05	1191.008776990306	2043.1343661852109	2.01836890435393e-10	1
chr18	62485349	62487216	62486108.0	49	17	13	0.0	5.478695275229484e-11	4.802212545927283e-05	4802.212545927283	1.2654468255522001e-05	1265.4468255522002	3536.7657203750828	0.0	1
chr19	16003389	16004660	16003869.5	26	11	15	9.056274619112514e-10	0.0007005230453910327	2.5481127794716194e-05	2548.1127794716194	8.188185341808353e-06	818.8185341808353	1729.2942452907841	5.473425477313536e-06	1
chr2	11498705	11499816	11498977.5	54	48	9	0.0	0.000129484459825302	5.2922342342872094e-05	5292.23423428721	3.573026330970918e-05	3573.026330970918	1719.2079033162918	0.0	2
chr2	11654388	11656833	11654634.0	31	13	11	3.4540148519113245e-12	8.75677636624772e-07	3.0381344678315463e-05	3038.1344678315463	9.676946313046236e-06	967.6946313046236	2070.4398365269226	3.589213906801849e-08	1
chr2	28341890	28342896	28342399.0	24	10	6	2.1185319054595197e-09	0.0011318118839219737	2.3521041041276488e-05	2352.1041041276485	7.443804856189412e-06	744.3804856189412	1607.7236185087072	1.1527898319926993e-05	1
chr2	30613994	30614462	30614224.0	31	15	5	1.1091128016005314e-13	0.002035599280982181	3.0381344678315463e-05	3038.1344678315463	1.1165707284284118e-05	1116.5707284284117	1921.5637394031346	1.5400136424713185e-09	0
chr2	33069793	33070690	33070286.0	24	7	6	1.5815815324060623e-09	1.957402189267654e-05	2.3521041041276488e-05	2352.1041041276485	5.210663399332588e-06	521.0663399332589	1831.0377641943896	8.90701926007694e-06	1
chr2	33219627	33220589	33220067.0	22	4	15	6.073972425024721e-08	3.6956428751677706e-06	2.156095428783678e-05	2156.095428783678	2.977521942475765e-06	297.7521942475765	1858.3432345361016	0.00022804594964538443	1
chr2	35297046	35298203	35297530.0	34	20	18	4.107825191113079e-15	0.00013134408596449099	3.332147480847502e-05	3332.1474808475023	1.4887609712378825e-05	1488.7609712378824	1843.38650960962	7.230988970923819e-11	2
chr2	37225302	37225761	37225528.0	29	16	4	1.5188961199896767e-12	0.001372637187274206	2.8421257924875754e-05	2842.1257924875754	1.191008776990306e-05	1191.008776990306	1651.1170154972694	1.687571305992194e-08	0
chr2	37585887	37586807	37586268.0	23	8	7	8.921616667656451e-09	0.00029239203197817254	2.2540997664556634e-05	2254.0997664556635	5.95504388495153e-06	595.504388495153	1658.5953779605106	4.195558902105368e-05	0
chr2	38461928	38463018	38462406.0	35	10	7	2.3314683517128287e-15	1.4928658453872146e-07	3.4301518185194876e-05	3430.1518185194877	7.443804856189412e-06	744.3804856189412	2685.7713329005464	4.2431960017193824e-11	1
chr2	46966263	46967525	46967266.0	25	7	8	9.721747851187956e-10	1.5287726676471713e-05	2.450108441799634e-05	2450.108441799634	5.210663399332588e-06	521.0663399332589	1929.042101866375	5.8102179344047334e-06	1
chr2	86263352	86264022	86263666.0	22	10	5	2.3070931720603483e-08	0.0034810824435260734	2.156095428783678e-05	2156.095428783678	7.443804856189412e-06	744.3804856189412	1411.7149431647367	9.528123247527213e-05	1
chr2	105454827	105455764	105455388.0	23	12	6	5.3894367857409975e-09	0.005268324248325462	2.2540997664556634e-05	2254.0997664556635	8.932565827427295e-06	893.2565827427295	1360.843183712934	2.6668539284566015e-05	2
chr2	137507060	137508429	137508110.0	21	14	12	1.1257247667373349e-07	0.006214221972106859	2.0580910911116924e-05	2058.0910911116925	1.0421326798665176e-05	1042.1326798665177	1015.9584112451748	0.00039849939247595383	1
chr2	158723367	158725908	158725071.0	37	18	8	0.0	5.6484272181966944e-05	3.626160493863458e-05	3626.160493863458	1.3398848741140941e-05	1339.8848741140941	2286.275619749364	0.0	2
chr2	161871307	161872650	161872138.0	32	31	13	2.0550228185811648e-13	0.0003742608906314171	3.136138805503532e-05	3136.138805503532	2.3075795054187178e-05	2307.579505418718	828.5593000848139	2.680134136216148e-09	1
chr2	163856143	163857397	163857125.0	37	13	13	5.551115123125783e-16	1.9576862353432034e-10	3.626160493863458e-05	3626.160493863458	9.676946313046236e-06	967.6946313046236	2658.4658625588345	1.1611714475948217e-11	0
chr2	173652802	173653283	173653002.0	23	11	4	4.974191614159906e-09	0.002497310970496436	2.2540997664556634e-05	2254.0997664556635	8.188185341808353e-06	818.8185341808353	1435.2812322748282	2.480429158319056e-05	0
chr2	190786529	190787358	190786940.0	28	3	4	8.733791467818719e-12	1.4322130148514134e-09	2.74412145481559e-05	2744.12145481559	2.2331414568568237e-06	223.31414568568238	2520.8073091299075	8.13136684234858e-08	2
chr2	225842365	225843585	225843264.0	35	39	20	1.0513812043200232e-13	0.0017970755690368545	3.4301518185194876e-05	3430.1518185194877	2.9030838939138707e-05	2903.0838939138707	527.067924605617	1.4661724811630616e-09	2
chr2	231576760	231577219	231576986.0	34	15	3	9.992007221626409e-16	7.91749602624403e-06	3.332147480847502e-05	3332.1474808475023	1.1165707284284118e-05	1116.5707284284117	2215.5767524190906	1.9747038360324207e-11	0
chr2	236611369	236612167	236611876.0	23	8	4	1.7289450982005405e-08	3.0991217495612844e-06	2.2540997664556634e-05	2254.0997664556635	5.95504388495153e-06	595.504388495153	1658.5953779605106	7.406281197510007e-05	2
chr2	236717680	236718495	236718014.0	28	29	6	1.1209144723522968e-10	0.0027445653535638215	2.74412145481559e-05	2744.12145481559	2.1587034082949294e-05	2158.7034082949294	585.4180465206605	8.151804573135112e-07	1
chr2	236812952	236814138	236813596.0	36	45	6	2.4424906541753444e-15	0.007713270142760464	3.528156156191473e-05	3528.156156191473	3.3497121852852354e-05	3349.7121852852356	178.4439709062376	4.420279622978939e-11	2
chr2	237501663	237503020	237502548.0	35	33	12	1.2878587085651816e-14	0.0035856632024282575	3.4301518185194876e-05	3430.1518185194877	2.456455602542506e-05	2456.455602542506	973.6962159769819	2.0436617477668864e-10	3
chr20	45342968	45344349	45344146.0	21	12	9	9.374547393914412e-08	0.008943621977890226	2.0580910911116924e-05	2058.0910911116925	8.932565827427295e-06	893.2565827427295	1164.834508368963	0.0003377922063871034	2
chr20	47174132	47174980	47174645.0	32	16	4	2.5854762775168183e-11	0.00024874563428489704	3.136138805503532e-05	3136.138805503532	1.191008776990306e-05	1191.008776990306	1945.1300285132259	2.1745961678246953e-07	0
chr20	47204101	47205125	47204301.0	31	12	3	1.8103296639537803e-11	1.7877809169064562e-05	3.0381344678315463e-05	3038.1344678315463	8.932565827427295e-06	893.2565827427295	2144.8778850888166	1.5634560269008576e-07	2
chr20	47273360	47274772	47274477.0	50	39	15	1.258881887622465e-12	0.008039760079190494	4.900216883599268e-05	4900.216883599268	2.9030838939138707e-05	2903.0838939138707	1997.1329896853972	1.4310669428816925e-08	0
chr20	47389896	47390422	47390096.0	23	9	2	8.466620904368227e-08	0.00043230499451007987	2.2540997664556634e-05	2254.0997664556635	6.699424370570471e-06	669.9424370570471	1584.1573293986164	0.0003078316198343042	1
chr20	47452738	47453936	47453470.0	39	24	8	8.333433942908641e-11	0.0010308358518191785	3.822169169207429e-05	3822.169169207429	1.786513165485459e-05	1786.513165485459	2035.6560037219701	6.316433121062873e-07	1
chr20	47455081	47456422	47455496.0	77	61	7	0.0	0.0020001827947857542	7.546334000742873e-05	7546.334000742873	4.5407209622755414e-05	4540.720962275542	3005.6130384673315	0.0	1
chr20	47487169	47488460	47487635.0	42	14	8	4.1175951537297806e-12	2.2162173762829696e-08	4.116182182223385e-05	4116.182182223385	1.0421326798665176e-05	1042.1326798665177	3074.0495023568674	4.184284608109211e-08	1
chr20	47492925	47494047	47493361.0	60	45	8	0.0	0.002066631532504859	5.880260260319122e-05	5880.260260319122	3.3497121852852354e-05	3349.7121852852356	2530.548075033886	0.0	2
chr20	47567807	47568705	47568019.0	33	19	6	4.9724777628767924e-09	0.0014509011027813434	3.234143143175517e-05	3234.143143175517	1.4143229226759883e-05	1414.3229226759884	1819.8202204995284	2.480429158319056e-05	0
chr20	47598893	47600173	47599702.0	48	26	12	9.554146362944493e-11	3.3403859320824125e-05	4.7042082082552975e-05	4704.208208255297	1.9353892626092473e-05	1935.3892626092472	2768.8189456460495	7.157482082116359e-07	0
chr20	47791576	47792309	47792071.0	48	33	5	0.0	0.002566701858213394	4.7042082082552975e-05	4704.208208255297	2.456455602542506e-05	2456.455602542506	2247.752605712791	0.0	2
chr20	48064666	48065994	48065276.0	83	45	15	0.0	1.8971614935692216e-06	8.134360026774784e-05	8134.360026774785	3.3497121852852354e-05	3349.7121852852356	4784.64784148955	0.0	1
chr20	48294998	48295981	48295594.0	38	11	8	1.1335377081422848e-12	3.6371557192715898e-06	3.7241648315354436e-05	3724.1648315354437	8.188185341808353e-06	818.8185341808353	2905.3462973546084	1.2994706860578235e-08	1
chr20	48863714	48865108	48864897.0	42	13	6	0.0	7.409314888295881e-07	4.116182182223385e-05	4116.182182223385	9.676946313046236e-06	967.6946313046236	3148.4875509187614	0.0	2
chr20	50414897	50415313	50415110.0	25	12	2	5.144511039389954e-09	0.0031286465351837434	2.450108441799634e-05	2450.108441799634	8.932565827427295e-06	893.2565827427295	1556.8518590569045	2.5574428210880423e-05	1
chr20	50726922	50728459	50727576.0	115	87	13	0.0	0.0004564969853448897	0.00011270498832278316	11270.498832278317	6.476110224884788e-05	6476.110224884788	4794.388607393529	0.0	1
chr20	50763878	50764381	50764085.0	34	15	3	1.1690648449302898e-13	8.327879572322949e-05	3.332147480847502e-05	3332.1474808475023	1.1165707284284118e-05	1116.5707284284117	2215.5767524190906	1.6025351854031615e-09	3
chr20	50798171	50799631	50799210.0	55	26	9	0.0	9.839804352429482e-07	5.390238571959195e-05	5390.238571959195	1.9353892626092473e-05	1935.3892626092472	3454.8493093499474	0.0	1
chr20	51387204	51387807	51387496.0	30	11	6	9.357181696145744e-12	2.9200796190398393e-05	2.940130130159561e-05	2940.130130159561	8.188185341808353e-06	818.8185341808353	2121.3115959787256	8.612194971264436e-08	1
chr20	51446902	51447942	51447447.0	39	21	6	1.1102230246251565e-16	0.0005786213083281977	3.822169169207429e-05	3822.169169207429	1.5631990197997764e-05	1563.1990197997766	2258.9701494076526	2.483616707355591e-12	1
chr20	51910293	51911615	51910902.0	50	33	13	0.0	0.0016059682801936592	4.900216883599268e-05	4900.216883599268	2.456455602542506e-05	2456.455602542506	2443.761281056762	0.0	0
chr20	51984622	51985760	51985314.0	66	46	14	0.0	0.00042915054218239934	6.468286286351034e-05	6468.286286351034	3.4241502338471296e-05	3424.1502338471296	3044.136052503904	0.0	0
chr20	53642363	53643443	53642828.0	72	69	8	0.0	0.0041474628793954915	7.056312312382946e-05	7056.312312382946	5.136225350770694e-05	5136.225350770695	1920.0869616122518	0.0	0
chr20	53661303	53662617	53662400.0	30	19	5	9.108626042308998e-08	0.0011024124046774553	2.940130130159561e-05	2940.130130159561	1.4143229226759883e-05	1414.3229226759884	1525.8072074835725	0.0003293153718561589	2
chr20	53680048	53680868	53680368.0	44	31	4	6.661338147750939e-16	0.00029422007392598815	4.312190857567356e-05	4312.190857567356	2.3075795054187178e-05	2307.579505418718	2004.6113521486382	1.384416022680794e-11	1
chr20	53786107	53787582	53786561.0	129	132	10	0.0	0.003219043378739128	0.0001264255955968611	12642.559559686111	9.825822410170024e-05	9825.822410170023	2816.737149516088	0.0	1
chr20	53800662	53802064	53801190.0	69	52	9	0.0	3.6672730616582605e-05	6.76229929936699e-05	6762.2992993669895	3.8707785252184945e-05	3870.7785252184945	2891.520774148495	0.0	0
chr20	53905426	53906854	53906651.0	35	14	5	8.667018214225664e-10	1.0557188778737014e-06	3.4301518185194876e-05	3430.1518185194877	1.0421326798665176e-05	1042.1326798665177	2388.01913865297	5.26781694117927e-06	1
chr20	54067444	54071336	54069392.0	110	63	14	0.0	1.8707257964933888e-13	0.0001078047714391839	10780.47714391839	4.68959705939933e-05	4689.59705939933	6090.88008451906	0.0	2
chr20	54132506	54133263	54132894.0	34	18	6	2.0793784472061816e-09	7.045908177472082e-05	3.332147480847502e-05	3332.1474808475023	1.3398848741140941e-05	1339.8848741140941	1992.2626067334081	1.1353201908271279e-05	1
chr20	54148485	54149901	54149116.0	31	16	6	3.580331831010142e-08	0.00012148866406724856	3.0381344678315463e-05	3038.1344678315463	1.191008776990306e-05	1191.008776990306	1847.1256908412404	0.00014309520224776515	1
chr20	54194696	54197066	54195413.0	83	28	17	0.0	0.0	8.134360026774784e-05	8134.360026774785	2.0842653597330353e-05	2084.2653597330354	6050.09466704175	0.0	3
chr20	54268646	54269932	54269166.0	37	26	11	1.1483366479936308e-09	0.0015601685295941747	3.626160493863458e-05	3626.160493863458	1.9353892626092473e-05	1935.3892626092472	1690.771231254211	6.7380420297287766e-06	1
chr20	56758122	56759615	56758797.0	27	10	10	6.721124645725496e-08	0.00011151074288029417	2.6461171171436047e-05	2646.117117143605	7.443804856189412e-06	744.3804856189412	1901.7366315246636	0.000248862541477134	1
chr20	56813466	56814800	56814521.0	33	12	15	2.1944404293705588e-08	9.826687491720776e-06	3.234143143175517e-05	3234.143143175517	8.932565827427295e-06	893.2565827427295	2340.8865604327875	9.133130648100019e-05	0
chr20	56935796	56936989	56936706.0	35	18	8	5.9259264162392356e-12	0.0005260348542471815	3.4301518185194876e-05	3430.1518185194877	1.3398848741140941e-05	1339.8848741140941	2090.2669444053936	5.7105444149840344e-08	2
chr20	57108477	57109353	57108913.5	36	20	2	5.551115123125783e-16	0.0016411518132453118	3.528156156191473e-05	3528.156156191473	1.4887609712378825e-05	1488.7609712378824	2039.3951849535908	1.1611714475948217e-11	1
chr20	57710573	57711352	57710879.0	30	10	10	5.755057541634301e-10	2.292426092476152e-05	2.940130130159561e-05	2940.130130159561	7.443804856189412e-06	744.3804856189412	2195.7496445406196	3.620900111578774e-06	0
chr21	14876856	14878121	14877825.0	30	13	22	1.4759227173755107e-10	9.887992218904351e-06	2.940130130159561e-05	2940.130130159561	9.676946313046236e-06	967.6946313046236	1972.4354988549371	1.0542021814270204e-06	2
chr21	15164556	15165523	15164756.0	24	14	8	6.816885722571442e-09	0.0009168749766553796	2.3521041041276488e-05	2352.1041041276485	1.0421326798665176e-05	1042.1326798665177	1309.9714242611308	3.302183501852592e-05	0
chr21	35898153	35898621	35898375.0	20	10	5	1.3171649881904557e-07	0.003765806735246624	1.960086753439707e-05	1960.0867534397073	7.443804856189412e-06	744.3804856189412	1215.7062678207662	0.0004595072301820758	0
chr21	37268160	37268817	37268462.0	35	15	10	1.4432899320127035e-15	4.777613836315364e-05	3.4301518185194876e-05	3430.1518185194877	1.1165707284284118e-05	1116.5707284284117	2313.581090091076	2.7349002800998036e-11	2
chr21	39592931	39594035	39593765.0	42	16	16	0.0	1.2227136581000053e-07	4.116182182223385e-05	4116.182182223385	1.191008776990306e-05	1191.008776990306	2925.1734052330794	0.0	1
chr21	40324038	40325328	40324769.0	70	114	11	0.0	0.0019991886687451554	6.860303637038975e-05	6860.3036370389755	8.48593753605593e-05	8485.93753605593	-1625.6338990169543	0.0	4
chr21	40367285	40368481	40367961.0	43	47	11	0.0	3.272784642305293e-05	4.214186519895371e-05	4214.186519895371	3.498588282409024e-05	3498.5882824090236	715.5982374863474	0.0	1
chr22	24211411	24211879	24211641.0	25	5	4	4.121504248999486e-10	0.00019731314968829405	2.450108441799634e-05	2450.108441799634	3.721902428094706e-06	372.1902428094706	2077.9181989901635	2.6713832475815896e-06	0
chr3	12371811	12372692	12372153.5	32	16	7	1.7696955012524995e-13	0.00048484520970804024	3.136138805503532e-05	3136.138805503532	1.191008776990306e-05	1191.008776990306	1945.1300285132259	2.346005944607296e-09	1
chr3	61626824	61628419	61627776.0	85	43	18	0.0	1.862784060335798e-08	8.330368702118755e-05	8330.368702118756	3.200836088161447e-05	3200.836088161447	5129.532613957309	0.0	1
chr3	61707307	61709987	61708216.0	33	10	14	6.332934177066818e-12	1.1054917595787472e-06	3.234143143175517e-05	3234.143143175517	7.443804856189412e-06	744.3804856189412	2489.7626575565755	6.03566474787597e-08	3
chr3	62006113	62007533	62007139.0	52	14	19	0.0	2.388977904388412e-12	5.096225558943239e-05	5096.225558943239	1.0421326798665176e-05	1042.1326798665177	4054.092879076721	0.0	1
chr3	64490992	64491613	64491410.0	41	10	7	1.1102230246251565e-16	4.435685152515134e-11	4.0181778445513996e-05	4018.1778445513996	7.443804856189412e-06	744.3804856189412	3273.7973589324583	2.483616707355591e-12	0
chr3	66473555	66474169	66473873.0	21	8	7	6.759561765878885e-08	0.0009022329813195284	2.0580910911116924e-05	2058.0910911116925	5.95504388495153e-06	595.504388495153	1462.5867026165397	0.0002497116997479337	1
chr3	107986221	107989182	107987035.0	83	35	20	0.0	3.2307490016592055e-14	8.134360026774784e-05	8134.360026774785	2.605331699666294e-05	2605.3316996662943	5529.028327108491	0.0	1
chr3	150253288	150254315	150253990.0	26	4	13	3.6386462731741176e-09	5.352583187789861e-08	2.5481127794716194e-05	2548.1127794716194	2.977521942475765e-06	297.7521942475765	2250.360585224043	1.8754118500670814e-05	0
chr3	150316665	150318022	150317390.0	30	20	14	6.364186955210016e-11	0.004943217161578417	2.940130130159561e-05	2940.130130159561	1.4887609712378825e-05	1488.7609712378824	1451.3691589216785	4.988132052231178e-07	1
chr3	150497308	150498695	150498143.0	24	7	10	2.284679923025834e-08	2.045420786123131e-05	2.3521041041276488e-05	2352.1041041276485	5.210663399332588e-06	521.0663399332589	1831.0377641943896	9.459814129305766e-05	1
chr3	150755950	150757009	150756694.0	36	29	8	1.1102230246251565e-15	0.009610913352821049	3.528156156191473e-05	3528.156156191473	2.1587034082949294e-05	2158.7034082949294	1369.4527478965438	2.141561711731767e-11	2
chr3	150819378	150819872	150819634.0	22	12	6	3.8369288191120177e-08	0.002445103318553965	2.156095428783678e-05	2156.095428783678	8.932565827427295e-06	893.2565827427295	1262.8388460409485	0.00015221748714305353	0
chr3	151855630	151856865	151856491.0	23	4	12	1.861421994320267e-08	2.8056555664290883e-06	2.2540997664556634e-05	2254.0997664556635	2.977521942475765e-06	297.7521942475765	1956.347572208087	7.900233003988983e-05	0
chr3	152018855	152020252	152019846.0	24	11	16	9.83636105900132e-09	0.0012269879913879844	2.3521041041276488e-05	2352.1041041276485	8.188185341808353e-06	818.8185341808353	1533.2855699468132	4.546095122887436e-05	0
chr3	153138268	153139413	153139128.0	39	18	6	0.0	1.0542935685253774e-05	3.822169169207429e-05	3822.169169207429	1.3398848741140941e-05	1339.8848741140941	2482.284295093335	0.0	0
chr3	158725130	158727546	158725484.5	40	29	18	0.0	8.714818689714576e-05	3.920173506879414e-05	3920.1735068794146	2.1587034082949294e-05	2158.7034082949294	1761.4700985844852	0.0	0
chr3	160935060	160935995	160935460.0	29	24	11	5.560993887598897e-10	0.00029078098620549664	2.8421257924875754e-05	2842.1257924875754	1.786513165485459e-05	1786.513165485459	1055.6126270021164	3.5056483702281033e-06	1
chr3	161290591	161291457	161291221.0	52	50	6	0.0	4.5909464648774545e-06	5.096225558943239e-05	5096.225558943239	3.721902428094706e-05	3721.902428094706	1374.3231308485329	0.0	1
chr3	161338999	161340395	161340002.0	27	19	8	8.838733078775363e-10	8.283197392977559e-05	2.6461171171436047e-05	2646.117117143605	1.4143229226759883e-05	1414.3229226759884	1231.7941944676165	5.362068190856569e-06	1
chr3	161402300	161403591	161402573.0	31	33	12	4.685296595141608e-11	0.0018939682272443026	3.0381344678315463e-05	3038.1344678315463	2.456455602542506e-05	2456.455602542506	581.6788652890405	3.792196659393632e-07	2
chr3	168870137	168871522	168870949.0	38	26	14	0.0	0.009035730374925666	3.7241648315354436e-05	3724.1648315354437	1.9353892626092473e-05	1935.3892626092472	1788.7755689261965	0.0	1
chr3	168877667	168878580	168878044.0	29	14	11	6.2303495695914535e-12	0.0007173239692532807	2.8421257924875754e-05	2842.1257924875754	1.0421326798665176e-05	1042.1326798665177	1799.9931126210577	5.955515354067321e-08	1
chr3	169758448	169759166	169758894.0	24	3	8	3.4926517233913046e-09	1.4928828906413116e-07	2.3521041041276488e-05	2352.1041041276485	2.2331414568568237e-06	223.31414568568238	2128.789958441966	1.8088465736226356e-05	1
chr3	187913587	187914539	187914187.0	26	14	6	1.6307466488285627e-10	0.005665580756443189	2.5481127794716194e-05	2548.1127794716194	1.0421326798665176e-05	1042.1326798665177	1505.9800996051017	1.1469852993953494e-06	0
chr3	189641509	189642604	189642097.0	29	6	18	2.3224300260693553e-10	4.9460365025844055e-08	2.8421257924875754e-05	2842.1257924875754	4.466282913713647e-06	446.62829137136475	2395.4975011162105	1.5850299544572687e-06	1
chr3	189755990	189757143	189756827.0	31	20	14	5.3299586966204515e-12	0.0026383384508138485	3.0381344678315463e-05	3038.1344678315463	1.4887609712378825e-05	1488.7609712378824	1549.373496593664	5.234640185270951e-08	1
chr3	189943640	189944630	189944295.0	22	4	5	2.1793598814490167e-08	4.284505488061363e-06	2.156095428783678e-05	2156.095428783678	2.977521942475765e-06	297.7521942475765	1858.3432345361016	9.082100283605095e-05	2
chr3	190585651	190586813	190586364.0	71	22	8	0.0	2.220446049250313e-16	6.95830797471096e-05	6958.3079747109605	1.6376370683616706e-05	1637.6370683616706	5320.67090634929	0.0	1
chr3	192818432	192819430	192818805.0	25	6	9	8.361157322056556e-10	5.825726558050803e-06	2.450108441799634e-05	2450.108441799634	4.466282913713647e-06	446.62829137136475	2003.480150428269	5.101164251922029e-06	1
chr3	192927871	192929187	192928816.0	22	1	12	4.6144348564425286e-08	5.7169876943596876e-08	2.156095428783678e-05	2156.095428783678	7.443804856189412e-07	74.43804856189412	2081.657380221784	0.00017887692911338493	0
chr3	194871720	194873103	194872707.0	24	7	5	1.711686792305045e-09	0.00018260490116184247	2.3521041041276488e-05	2352.1041041276485	5.210663399332588e-06	521.0663399332589	1831.0377641943896	9.550870733644971e-06	0
chr4	6750098	6751062	6750859.0	21	2	3	5.138210479316285e-08	5.583641664574923e-05	2.0580910911116924e-05	2058.0910911116925	1.4887609712378825e-06	148.87609712378824	1909.2149939879043	0.00019611295286565972	1
chr4	67928326	67929589	67928987.0	29	19	14	5.71032110485703e-12	0.00037879492672387993	2.8421257924875754e-05	2842.1257924875754	1.4143229226759883e-05	1414.3229226759884	1427.802869811587	5.54063168932601e-08	2
chr4	100779350	100780747	100780425.0	24	14	13	1.3845045554461421e-08	0.0008745440300446106	2.3521041041276488e-05	2352.1041041276485	1.0421326798665176e-05	1042.1326798665177	1309.9714242611308	6.051509733582071e-05	3
chr4	114326003	114327060	114326389.5	32	26	9	3.26405569239796e-14	0.0025593589408208217	3.136138805503532e-05	3136.138805503532	1.9353892626092473e-05	1935.3892626092472	1200.7495428942846	4.801205338931794e-10	1
chr4	142614511	142616024	142615483.0	72	95	20	0.0	0.0019277752226644074	7.056312312382946e-05	7056.312312382946	7.071614613379942e-05	7071.614613379941	-15.302300996994745	0.0	1
chr4	163447699	163448844	163448578.0	27	13	8	3.024935857354194e-11	0.00010367836457636503	2.6461171171436047e-05	2646.117117143605	9.676946313046236e-06	967.6946313046236	1678.4224858389812	2.524443762850019e-07	2
chr5	15007661	15009168	15008880.0	26	13	18	9.13952913350613e-10	0.0031492469981738713	2.5481127794716194e-05	2548.1127794716194	9.676946313046236e-06	967.6946313046236	1580.4181481669957	5.503093281866712e-06	2
chr5	56350235	56351391	56351073.0	29	18	5	5.365818900315844e-12	0.005740730717399223	2.8421257924875754e-05	2842.1257924875754	1.3398848741140941e-05	1339.8848741140941	1502.2409183734812	5.253841272942626e-08	1
chr5	61304473	61305207	61304836.0	35	4	8	5.551115123125783e-16	2.879030347457956e-12	3.4301518185194876e-05	3430.1518185194877	2.977521942475765e-06	297.7521942475765	3132.3996242719113	1.1611714475948217e-11	1
chr5	67248830	67249862	67249170.0	31	10	7	3.838040996129166e-13	1.8239686871979188e-08	3.0381344678315463e-05	3038.1344678315463	7.443804856189412e-06	744.3804856189412	2293.753982212605	4.7552471763664304e-09	0
chr5	103408931	103409758	103409269.0	39	15	8	0.0	1.392906801012117e-07	3.822169169207429e-05	3822.169169207429	1.1165707284284118e-05	1116.5707284284117	2705.5984407790174	0.0	1
chr5	129133313	129134295	129134009.0	21	20	9	1.0760427360256841e-07	0.0009557985735034746	2.0580910911116924e-05	2058.0910911116925	1.4887609712378825e-05	1488.7609712378824	569.3301198738102	0.0003834404490436338	0
chr5	132371076	132371574	132371276.0	26	8	3	7.727984918659558e-11	5.121816628261833e-06	2.5481127794716194e-05	2548.1127794716194	5.95504388495153e-06	595.504388495153	1952.6083909764666	5.927257712820147e-07	2
chr5	133434214	133434704	133434501.0	21	6	6	7.256987721859787e-08	9.80948908559931e-05	2.0580910911116924e-05	2058.0910911116925	4.466282913713647e-06	446.62829137136475	1611.4627997403277	0.0002662555733702876	0
chr5	137890098	137891347	137891124.0	36	9	12	3.3306690738754696e-16	2.9383194655174805e-08	3.528156156191473e-05	3528.156156191473	6.699424370570471e-06	669.9424370570471	2858.2137191344264	7.20082159448064e-12	0
chr5	156665308	156666843	156666640.0	23	10	11	3.2777188740951146e-09	0.0004377892357886326	2.2540997664556634e-05	2254.0997664556635	7.443804856189412e-06	744.3804856189412	1509.7192808367222	1.711289055642675e-05	0
chr5	173472480	173473033	173472830.0	25	18	2	4.6044734691719214e-10	0.0004977466631879146	2.450108441799634e-05	2450.108441799634	1.3398848741140941e-05	1339.8848741140941	1110.2235676855398	2.9325097140431082e-06	2
chr5	173535003	173536148	173535774.0	59	56	7	0.0	5.728188543718815e-06	5.782255922647136e-05	5782.255922647137	4.1685307194660705e-05	4168.530719466071	1613.7252031810658	0.0	2
chr6	10000041	10001084	10000811.0	23	2	13	1.8818828495525963e-08	6.692509668670965e-08	2.2540997664556634e-05	2254.0997664556635	1.4887609712378825e-06	148.87609712378824	2105.223669331875	7.9765635030835e-05	1
chr6	14731704	14733174	14732953.0	24	7	8	7.167371807170753e-09	3.705582521296158e-05	2.3521041041276488e-05	2352.1041041276485	5.210663399332588e-06	521.0663399332589	1831.0377641943896	3.461552598509002e-05	1
chr6	15221670	15222687	15221962.0	22	7	5	2.9126331568818387e-08	0.00019554904397334205	2.156095428783678e-05	2156.095428783678	5.210663399332588e-06	521.0663399332589	1635.0290888504192	0.0001175762846974443	1
chr6	33810482	33810941	33810712.0	27	16	3	4.031830425077487e-11	0.007754967846311245	2.6461171171436047e-05	2646.117117143605	1.191008776990306e-05	1191.008776990306	1455.108340153299	3.3132409911173373e-07	0
chr6	38390566	38391618	38391189.0	21	8	12	1.235105632213518e-07	0.0004846009878644031	2.0580910911116924e-05	2058.0910911116925	5.95504388495153e-06	595.504388495153	1462.5867026165397	0.0004343556383718295	1
chr6	44203270	44204499	44204026.0	23	8	4	5.4082782696696086e-09	0.0033308265966903727	2.2540997664556634e-05	2254.0997664556635	5.95504388495153e-06	595.504388495153	1658.5953779605106	2.670130264030995e-05	0
chr6	53672905	53674079	53673436.0	25	15	16	3.0093252334495446e-09	0.00285025992490362	2.450108441799634e-05	2450.108441799634	1.1165707284284118e-05	1116.5707284284117	1333.5377133712223	1.5839976742109186e-05	1
chr6	83089475	83090772	83090277.0	41	12	21	0.0	5.749889453454671e-10	4.0181778445513996e-05	4018.1778445513996	8.932565827427295e-06	893.2565827427295	3124.9212618086704	0.0	1
chr6	106129116	106130035	106129478.0	25	13	6	4.919834539762746e-10	0.0011186946523883412	2.450108441799634e-05	2450.108441799634	9.676946313046236e-06	967.6946313046236	1482.4138104950102	3.1075430658800792e-06	1
chr6	122651839	122653156	122652444.0	35	26	11	3.4416913763379853e-15	0.0005870581374842754	3.4301518185194876e-05	3430.1518185194877	1.9353892626092473e-05	1935.3892626092472	1494.7625559102405	6.125339768859314e-11	0
chr6	125154654	125155132	125154854.0	25	18	2	2.8066537982596174e-10	0.005185551674374067	2.450108441799634e-05	2450.108441799634	1.3398848741140941e-05	1339.8848741140941	1110.2235676855398	1.8862072962066064e-06	2
chr6	125197419	125198189	125197860.0	23	16	3	4.4382920671992565e-09	0.0051066411663189815	2.2540997664556634e-05	2254.0997664556635	1.191008776990306e-05	1191.008776990306	1063.0909894653576	2.2339463506774666e-05	1
chr6	135210231	135212860	135211566.0	78	47	27	0.0	2.477166249903462e-10	7.644338338414858e-05	7644.338338414858	3.498588282409024e-05	3498.5882824090236	4145.750056005834	0.0	2
chr6	138555219	138556231	138555817.0	30	9	10	4.342859405426225e-12	2.8945024582727186e-06	2.940130130159561e-05	2940.130130159561	6.699424370570471e-06	669.9424370570471	2270.1876931025135	4.371823563373289e-08	1
chr6	138582161	138583147	138582923.0	22	5	8	5.057742136216348e-08	2.3761115065523697e-05	2.156095428783678e-05	2156.095428783678	3.721902428094706e-06	372.1902428094706	1783.9051859742074	0.00019327066629375378	1
chr6	154167461	154168189	154167755.0	27	11	5	2.51749732171902e-11	5.8108206788198835e-05	2.6461171171436047e-05	2646.117117143605	8.188185341808353e-06	818.8185341808353	1827.2985829627696	2.1285353956275567e-07	1
chr7	80941893	80943085	80942180.0	37	34	8	3.3306690738754696e-16	0.0005951284321837891	3.626160493863458e-05	3626.160493863458	2.5308936511044003e-05	2530.8936511044003	1095.266842759058	7.20082159448064e-12	2
chr7	84528830	84530078	84529432.0	24	15	16	3.113946767108189e-09	0.0021828513385280246	2.3521041041276488e-05	2352.1041041276485	1.1165707284284118e-05	1116.5707284284117	1235.5333756992368	1.633727606946226e-05	1
chr7	102992716	102993514	102993260.0	27	5	7	4.91284790626878e-11	7.680045932545454e-08	2.6461171171436047e-05	2646.117117143605	3.721902428094706e-06	372.1902428094706	2273.9268743341345	3.9564908250189215e-07	1
chr7	104747835	104748365	104748132.0	28	17	6	8.96993590515649e-12	0.0013995489858596999	2.74412145481559e-05	2744.12145481559	1.2654468255522001e-05	1265.4468255522002	1478.6746292633898	8.279435893578401e-08	0
chr7	117124325	117125524	117124729.0	28	8	15	1.0042855436154241e-10	5.129583488416856e-06	2.74412145481559e-05	2744.12145481559	5.95504388495153e-06	595.504388495153	2148.617066320437	7.488766670465735e-07	1
chr7	151736088	151736965	151736406.0	24	9	6	2.2479151873255887e-09	0.0005526748937002557	2.3521041041276488e-05	2352.1041041276485	6.699424370570471e-06	669.9424370570471	1682.1616670706014	1.2149838264043267e-05	0
chr7	156747156	156748580	156747760.0	25	32	18	2.318661318501114e-08	0.009777481994327708	2.450108441799634e-05	2450.108441799634	2.382017553980612e-05	2382.017553980612	68.0908878190221	9.563637758083246e-05	2
chr8	8289353	8290798	8290235.0	28	11	14	3.322475627953736e-11	0.0005356161519428637	2.74412145481559e-05	2744.12145481559	8.188185341808353e-06	818.8185341808353	1925.3029206347546	2.758461413480346e-07	2
chr8	9099844	9101171	9100346.0	37	12	15	1.1102230246251565e-16	9.024778502286779e-08	3.626160493863458e-05	3626.160493863458	8.932565827427295e-06	893.2565827427295	2732.9039111207285	2.483616707355591e-12	1
chr8	66713241	66714777	66714071.0	66	46	12	0.0	2.3374116531194034e-08	6.468286286351034e-05	6468.286286351034	3.4241502338471296e-05	3424.1502338471296	3044.136052503904	0.0	3
chr8	68934954	68936002	68935249.0	32	33	16	1.2668754933997661e-12	0.0010813473693780384	3.136138805503532e-05	3136.138805503532	2.456455602542506e-05	2456.455602542506	679.6832029610259	1.431943591459435e-08	1
chr8	90586884	90588108	90587682.0	40	29	18	1.9872992140790302e-14	3.541658541994508e-07	3.920173506879414e-05	3920.1735068794146	2.1587034082949294e-05	2158.7034082949294	1761.4700985844852	3.0630480501817085e-10	0
chr8	90649439	90650730	90650431.0	27	18	13	1.0955933826828357e-08	2.9092385473328264e-05	2.6461171171436047e-05	2646.117117143605	1.3398848741140941e-05	1339.8848741140941	1306.2322430295108	4.977829306852315e-05	0
chr8	90691648	90693186	90692342.5	90	106	21	0.0	1.1070860039819053e-07	8.820390390478683e-05	8820.390390478682	7.890433147560777e-05	7890.433147560777	929.9572429179052	0.0	1
chr8	90887704	90888715	90888267.0	42	32	9	0.0	2.764324994464218e-07	4.116182182223385e-05	4116.182182223385	2.382017553980612e-05	2382.017553980612	1734.1646282427732	0.0	1
chr8	95112450	95113490	95113248.0	23	16	7	2.98965312506283e-08	0.007327062155598751	2.2540997664556634e-05	2254.0997664556635	1.191008776990306e-05	1191.008776990306	1063.0909894653576	0.00012053435766202938	2
chr8	96359102	96360308	96359691.0	23	7	11	1.3576964330574981e-08	8.88155894596121e-05	2.2540997664556634e-05	2254.0997664556635	5.210663399332588e-06	521.0663399332589	1733.0334265224046	5.958589295719764e-05	1
chr8	96364889	96365991	96365468.0	21	6	10	1.1727273507844416e-07	0.0001530916324337106	2.0580910911116924e-05	2058.0910911116925	4.466282913713647e-06	446.62829137136475	1611.4627997403277	0.0004137739178127771	1
chr8	97424036	97425182	97424329.0	25	4	11	3.4410869709233793e-09	1.0674818045397494e-05	2.450108441799634e-05	2450.108441799634	2.977521942475765e-06	297.7521942475765	2152.3562475520575	1.7878899975948807e-05	0
chr8	99705359	99706542	99705946.0	26	21	12	7.844724869698894e-10	0.0070592487494998135	2.5481127794716194e-05	2548.1127794716194	1.5631990197997764e-05	1563.1990197997766	984.9137596718429	4.8042854945257745e-06	2
chr8	99798831	99800353	99799256.0	29	24	24	3.7264702434924857e-10	0.0073430813756589774	2.8421257924875754e-05	2842.1257924875754	1.786513165485459e-05	1786.513165485459	1055.6126270021164	2.4349361272033612e-06	0
chr8	99904498	99905850	99905300.0	55	25	11	0.0	1.952095152191191e-10	5.390238571959195e-05	5390.238571959195	1.860951214047353e-05	1860.951214047353	3529.287357911842	0.0	1
chr8	100006039	100007556	100007301.0	32	15	14	2.839839474688688e-12	2.6946727413768023e-05	3.136138805503532e-05	3136.138805503532	1.1165707284284118e-05	1116.5707284284117	2019.56807707512	3.0392339445423946e-08	1
chr8	100416505	100417828	100417465.0	22	6	5	4.4666615628408124e-08	4.792868245095949e-05	2.156095428783678e-05	2156.095428783678	4.466282913713647e-06	446.62829137136475	1709.4671374123131	0.00017377589966382546	2
chr8	101009705	101010624	101009905.0	23	4	4	4.367923289727571e-08	7.443584758570765e-07	2.2540997664556634e-05	2254.0997664556635	2.977521942475765e-06	297.7521942475765	1956.347572208087	0.00017096688634237657	0
chr8	101408817	101410018	101409705.0	38	24	9	3.2529534621517087e-14	5.75040866569454e-05	3.7241648315354436e-05	3724.1648315354437	1.786513165485459e-05	1786.513165485459	1937.6516660499847	4.801205338931794e-10	0
chr8	101451339	101452044	101451772.0	30	19	6	6.144651454320638e-11	0.0004069229450238687	2.940130130159561e-05	2940.130130159561	1.4143229226759883e-05	1414.3229226759884	1525.8072074835725	4.839614622289523e-07	1
chr8	101466044	101467520	101467148.0	54	44	15	0.0	0.00016367399993499898	5.2922342342872094e-05	5292.23423428721	3.275274136723341e-05	3275.274136723341	2016.9600975638687	0.0	1
chr8	101607066	101608382	101607751.0	31	27	14	2.195089665590899e-09	0.006245325393939738	3.0381344678315463e-05	3038.1344678315463	2.009827311171141e-05	2009.8273111711412	1028.307156660405	1.1884259720225073e-05	2
chr8	101610458	101611438	101610958.0	31	22	7	1.8625101461111626e-11	0.0006896290302211838	3.0381344678315463e-05	3038.1344678315463	1.6376370683616706e-05	1637.6370683616706	1400.4973994698757	1.604219828634766e-07	1
chr8	102928876	102929562	102929102.0	24	9	6	8.039480747790151e-09	0.003998222647582428	2.3521041041276488e-05	2352.1041041276485	6.699424370570471e-06	669.9424370570471	1682.1616670706014	3.802924668288961e-05	0
chr8	122785659	122786724	122786315.0	21	5	4	6.7007964954513e-08	3.980612983689458e-05	2.0580910911116924e-05	2058.0910911116925	3.721902428094706e-06	372.1902428094706	1685.900848302222	0.00024839536460586974	1
chr8	123527768	123529182	123528459.0	31	9	11	6.5716321273612266e-12	1.7796962807903327e-05	3.0381344678315463e-05	3038.1344678315463	6.699424370570471e-06	669.9424370570471	2368.1920307744995	6.208057061706178e-08	0
chr8	123563440	123564365	123563806.0	46	6	9	0.0	7.216449660063518e-14	4.508199532911327e-05	4508.199532911327	4.466282913713647e-06	446.62829137136475	4061.571241539962	0.0	2
chr8	127870549	127871231	127870807.0	27	7	4	7.829159542893649e-11	3.1269595560656782e-06	2.6461171171436047e-05	2646.117117143605	5.210663399332588e-06	521.0663399332589	2125.050777210346	5.99059393354492e-07	3
chr8	138944830	138945650	138945159.0	22	8	7	1.0560601726439245e-08	0.0059442778497930115	2.156095428783678e-05	2156.095428783678	5.95504388495153e-06	595.504388495153	1560.5910402885252	4.825434026475355e-05	1
chr8	139460428	139461350	139460658.0	28	15	11	6.785239037299107e-12	0.002039217062892229	2.74412145481559e-05	2744.12145481559	1.1165707284284118e-05	1116.5707284284117	1627.5507263871782	6.391103944705023e-08	0
chr9	4865408	4866706	4866399.0	51	35	14	0.0	8.3890934130193e-05	4.9982212212712535e-05	4998.221221271254	2.605331699666294e-05	2605.3316996662943	2392.8895216049596	0.0	2
chr9	71928632	71929574	71929275.0	27	13	12	8.526979122791545e-11	0.0008196714950023942	2.6461171171436047e-05	2646.117117143605	9.676946313046236e-06	967.6946313046236	1678.4224858389812	6.417830836769056e-07	1
chr9	71987928	71988568	71988354.0	22	8	6	1.8106630306213845e-08	0.0004941487195487815	2.156095428783678e-05	2156.095428783678	5.95504388495153e-06	595.504388495153	1560.5910402885252	7.705105506457004e-05	1
chr9	77588600	77589959	77589280.0	50	29	6	0.0	3.303880924621083e-06	4.900216883599268e-05	4900.216883599268	2.1587034082949294e-05	2158.7034082949294	2741.5134753043385	0.0	1
chr9	89664551	89665921	89664933.0	21	3	5	8.005390106369248e-08	4.712553397734354e-06	2.0580910911116924e-05	2058.0910911116925	2.2331414568568237e-06	223.31414568568238	1834.7769454260101	0.00029139095340148844	1
chr9	94866911	94868061	94867545.0	30	11	7	3.702593787124897e-12	3.4424883793571226e-06	2.940130130159561e-05	2940.130130159561	8.188185341808353e-06	818.8185341808353	2121.3115959787256	3.835151406882473e-08	1
chr9	94991085	94993630	94992221.0	46	36	13	0.0	0.001444083295401799	4.508199532911327e-05	4508.199532911327	2.6797697482281882e-05	2679.7697482281883	1828.4297846831387	0.0	2
chr9	106952499	106953673	106952873.0	27	6	11	2.2370538754756808e-10	0.00013066864039601445	2.6461171171436047e-05	2646.117117143605	4.466282913713647e-06	446.62829137136475	2199.48882577224	1.539811026780466e-06	1
chr9	107245419	107246742	107245956.0	25	9	10	4.325198643684303e-09	0.0012067220124049038	2.450108441799634e-05	2450.108441799634	6.699424370570471e-06	669.9424370570471	1780.166004742587	2.1872753609487094e-05	1
chr9	108478587	108479603	108479166.0	41	17	10	0.0	4.864207590049574e-07	4.0181778445513996e-05	4018.1778445513996	1.2654468255522001e-05	1265.4468255522002	2752.7310189991995	0.0	2
chr9	114551702	114552880	114552247.0	24	14	4	1.5651582252473872e-09	0.006151135044522027	2.3521041041276488e-05	2352.1041041276485	1.0421326798665176e-05	1042.1326798665177	1309.9714242611308	8.829964846996267e-06	1
chr9	114557292	114558795	114558341.5	30	19	5	7.577272143066693e-13	0.0049827487191967945	2.940130130159561e-05	2940.130130159561	1.4143229226759883e-05	1414.3229226759884	1525.8072074835725	8.98966981492421e-09	1
chr9	125460528	125461309	125461106.0	23	0	3	5.983251782915033e-09	2.1437994712769637e-09	2.2540997664556634e-05	2254.0997664556635	0.0	0.0	2254.0997664556635	2.9336530083529803e-05	1
chr9	134895511	134896144	134895928.0	21	3	7	6.475291358665203e-08	5.235813096970965e-06	2.0580910911116924e-05	2058.0910911116925	2.2331414568568237e-06	223.31414568568238	1834.7769454260101	0.0002416902904711401	0
chrX	109951886	109953116	109952086.0	26	7	6	8.216283209350195e-11	1.2274508827125885e-06	2.5481127794716194e-05	2548.1127794716194	5.210663399332588e-06	521.0663399332589	2027.0464395383606	6.242325043909099e-07	2
