chr1	147669335	147717737	chr1:147141457..147142147-chr1:147188392..147189871,6	600	.	147669335	147717737	16711680	2	690,1479,	0,46923,	chr1	147675987	147677336	147676833	64	28	12	0	7.83945686144705e-10	6.27227761100706e-05	6272.27761100706	2.08426535973304e-05	2084.26535973304	4188.01225127403	0	0
chr1	183023828	183606172	chr1:182992963..182993599-chr1:183574680..183575307,3	300	.	183023828	183606172	16711680	2	636,627,	0,581717,	chr1	183461004	183462399	183461698	27	11	11	2.70821143288913e-10	0.000296960845262095	2.6461171171436e-05	2646.1171171436	8.18818534180835e-06	818.818534180835	1827.29858296277	2.22301559206307e-06	0
chr1	183023915	184373413	chr1:182993050..182993636-chr1:184341998..184342547,2	200	.	183023915	184373413	16711680	2	586,549,	0,1348949,	chr1	183461004	183462399	183461698	27	11	11	2.70821143288913e-10	0.000296960845262095	2.6461171171436e-05	2646.1171171436	8.18818534180835e-06	818.818534180835	1827.29858296277	2.22301559206307e-06	0
chr1	206903703	227329107	chr1:207077048..207077588-chr1:227515958..227516808,2	200	.	206903703	227329107	16711680	2	540,850,	0,20424554,	chr1	226114301	226114769	226114531	23	10	4	4.95594776328545e-09	0.000814415191309203	2.25409976645566e-05	2254.09976645566	7.44380485618941e-06	744.380485618941	1509.71928083672	3.06553933990509e-05	0
chr10	79128273	88108663	chr10:80888030..80888626-chr10:89867901..89868420,2	200	.	79128273	88108663	16711680	2	596,519,	0,8979871,	chr10	84401185	84402183	84401761	28	5	13	2.10859107951933e-11	2.98713150703733e-06	2.74412145481559e-05	2744.12145481559	3.72190242809471e-06	372.190242809471	2371.93121200612	2.2159307689438e-07	0
chr10	80436224	93435663	chr10:82195980..82196606-chr10:95194683..95195420,2	200	.	80436224	93435663	16711680	2	626,737,	0,12998702,	chr10	84401185	84402183	84401761	28	5	13	2.10859107951933e-11	2.98713150703733e-06	2.74412145481559e-05	2744.12145481559	3.72190242809471e-06	372.190242809471	2371.93121200612	2.2159307689438e-07	0
chr11	1796549	76773186	chr11:1817779..1818422-chr11:76483693..76484230,2	200	.	1796549	76773186	16711680	2	643,537,	0,74976100,	chr11	24446070	24446529	24446296	30	14	3	2.68229882749438e-13	3.3339958772638e-05	2.94013013015956e-05	2940.13013015956	1.04213267986652e-05	1042.13267986652	1897.99745029304	4.01303352234585e-09	0
chr11	1796549	76773186	chr11:1817779..1818422-chr11:76483693..76484230,2	200	.	1796549	76773186	16711680	2	643,537,	0,74976100,	chr11	47945982	47947262	47946961.5	28	11	10	2.70008460034887e-11	0.000109947093598572	2.74412145481559e-05	2744.12145481559	8.18818534180835e-06	818.818534180835	1925.30292063475	2.759237458233e-07	0
chr11	1796549	76773186	chr11:1817779..1818422-chr11:76483693..76484230,2	200	.	1796549	76773186	16711680	2	643,537,	0,74976100,	chr11	63528493	63528926	63528723	34	6	4	1.88737914186277e-15	1.31349586762752e-09	3.3321474808475e-05	3332.1474808475	4.46628291371365e-06	446.628291371365	2885.51918947614	3.84710950642682e-11	0
chr11	1796549	76773186	chr11:1817779..1818422-chr11:76483693..76484230,2	200	.	1796549	76773186	16711680	2	643,537,	0,74976100,	chr11	63530836	63531295	63531066	23	3	4	5.41263567299666e-09	7.17453648713118e-07	2.25409976645566e-05	2254.09976645566	2.23314145685682e-06	223.314145685682	2030.78562076998	3.32769498580977e-05	0
chr11	2483365	118058362	chr11:2504595..2505283-chr11:117928318..117929077,2	200	.	2483365	118058362	16711680	2	688,759,	0,115574238,	chr11	24446070	24446529	24446296	30	14	3	2.68229882749438e-13	3.3339958772638e-05	2.94013013015956e-05	2940.13013015956	1.04213267986652e-05	1042.13267986652	1897.99745029304	4.01303352234585e-09	0
chr11	2483365	118058362	chr11:2504595..2505283-chr11:117928318..117929077,2	200	.	2483365	118058362	16711680	2	688,759,	0,115574238,	chr11	47945982	47947262	47946961.5	28	11	10	2.70008460034887e-11	0.000109947093598572	2.74412145481559e-05	2744.12145481559	8.18818534180835e-06	818.818534180835	1925.30292063475	2.759237458233e-07	0
chr11	2483365	118058362	chr11:2504595..2505283-chr11:117928318..117929077,2	200	.	2483365	118058362	16711680	2	688,759,	0,115574238,	chr11	63528493	63528926	63528723	34	6	4	1.88737914186277e-15	1.31349586762752e-09	3.3321474808475e-05	3332.1474808475	4.46628291371365e-06	446.628291371365	2885.51918947614	3.84710950642682e-11	0
chr11	2483365	118058362	chr11:2504595..2505283-chr11:117928318..117929077,2	200	.	2483365	118058362	16711680	2	688,759,	0,115574238,	chr11	63530836	63531295	63531066	23	3	4	5.41263567299666e-09	7.17453648713118e-07	2.25409976645566e-05	2254.09976645566	2.23314145685682e-06	223.314145685682	2030.78562076998	3.32769498580977e-05	0
chr11	2483365	118058362	chr11:2504595..2505283-chr11:117928318..117929077,2	200	.	2483365	118058362	16711680	2	688,759,	0,115574238,	chr11	85029267	85030398	85030134	32	19	12	1.66200386786386e-13	3.18070680207505e-05	3.13613880550353e-05	3136.13880550353	1.41432292267599e-05	1414.32292267599	1721.81588282754	2.56228520972535e-09	0
chr11	7592311	71481690	chr11:7613542..7614042-chr11:71192235..71192736,2	200	.	7592311	71481690	16711680	2	500,501,	0,63888878,	chr11	24446070	24446529	24446296	30	14	3	2.68229882749438e-13	3.3339958772638e-05	2.94013013015956e-05	2940.13013015956	1.04213267986652e-05	1042.13267986652	1897.99745029304	4.01303352234585e-09	0
chr11	7592311	71481690	chr11:7613542..7614042-chr11:71192235..71192736,2	200	.	7592311	71481690	16711680	2	500,501,	0,63888878,	chr11	47945982	47947262	47946961.5	28	11	10	2.70008460034887e-11	0.000109947093598572	2.74412145481559e-05	2744.12145481559	8.18818534180835e-06	818.818534180835	1925.30292063475	2.759237458233e-07	0
chr11	7592311	71481690	chr11:7613542..7614042-chr11:71192235..71192736,2	200	.	7592311	71481690	16711680	2	500,501,	0,63888878,	chr11	63528493	63528926	63528723	34	6	4	1.88737914186277e-15	1.31349586762752e-09	3.3321474808475e-05	3332.1474808475	4.46628291371365e-06	446.628291371365	2885.51918947614	3.84710950642682e-11	0
chr11	7592311	71481690	chr11:7613542..7614042-chr11:71192235..71192736,2	200	.	7592311	71481690	16711680	2	500,501,	0,63888878,	chr11	63530836	63531295	63531066	23	3	4	5.41263567299666e-09	7.17453648713118e-07	2.25409976645566e-05	2254.09976645566	2.23314145685682e-06	223.314145685682	2030.78562076998	3.32769498580977e-05	0
chr11	16988979	69892051	chr11:17010526..17011427-chr11:69706034..69706819,2	200	.	16988979	69892051	16711680	2	901,785,	0,52902287,	chr11	24446070	24446529	24446296	30	14	3	2.68229882749438e-13	3.3339958772638e-05	2.94013013015956e-05	2940.13013015956	1.04213267986652e-05	1042.13267986652	1897.99745029304	4.01303352234585e-09	0
chr11	16988979	69892051	chr11:17010526..17011427-chr11:69706034..69706819,2	200	.	16988979	69892051	16711680	2	901,785,	0,52902287,	chr11	47945982	47947262	47946961.5	28	11	10	2.70008460034887e-11	0.000109947093598572	2.74412145481559e-05	2744.12145481559	8.18818534180835e-06	818.818534180835	1925.30292063475	2.759237458233e-07	0
chr11	16988979	69892051	chr11:17010526..17011427-chr11:69706034..69706819,2	200	.	16988979	69892051	16711680	2	901,785,	0,52902287,	chr11	63528493	63528926	63528723	34	6	4	1.88737914186277e-15	1.31349586762752e-09	3.3321474808475e-05	3332.1474808475	4.46628291371365e-06	446.628291371365	2885.51918947614	3.84710950642682e-11	0
chr11	16988979	69892051	chr11:17010526..17011427-chr11:69706034..69706819,2	200	.	16988979	69892051	16711680	2	901,785,	0,52902287,	chr11	63530836	63531295	63531066	23	3	4	5.41263567299666e-09	7.17453648713118e-07	2.25409976645566e-05	2254.09976645566	2.23314145685682e-06	223.314145685682	2030.78562076998	3.32769498580977e-05	0
chr11	76772303	117303647	chr11:76483347..76483982-chr11:117173786..117174363,3	300	.	76772303	117303647	16711680	2	635,577,	0,40530767,	chr11	85029267	85030398	85030134	32	19	12	1.66200386786386e-13	3.18070680207505e-05	3.13613880550353e-05	3136.13880550353	1.41432292267599e-05	1414.32292267599	1721.81588282754	2.56228520972535e-09	0
chr12	101697620	123070411	chr12:102091398..102092156-chr12:123554111..123554958,2	200	.	101697620	123070411	16711680	2	758,847,	0,21371944,	chr12	118059088	118060284	118059764	39	18	9	0	1.6137521681614e-05	3.82216916920743e-05	3822.16916920743	1.33988487411409e-05	1339.88487411409	2482.28429509334	0	0
chr12	101697620	123070411	chr12:102091398..102092156-chr12:123554111..123554958,2	200	.	101697620	123070411	16711680	2	758,847,	0,21371944,	chr12	118105961	118106846	118106217	27	12	6	5.36406474793694e-11	0.0004010901239071	2.6461171171436e-05	2646.1171171436	8.93256582742729e-06	893.25658274273	1752.86053440088	5.18831133730087e-07	0
chr12	101697620	123070411	chr12:102091398..102092156-chr12:123554111..123554958,2	200	.	101697620	123070411	16711680	2	758,847,	0,21371944,	chr12	122110940	122112310	122111140	27	10	11	6.06223182764154e-10	0.000141109819683405	2.6461171171436e-05	2646.1171171436	7.44380485618941e-06	744.380485618941	1901.73663152466	4.59144972665911e-06	0
chr12	110247213	119171688	chr12:110685018..110685819-chr12:119608744..119609493,3	300	.	110247213	119171688	16711680	2	801,749,	0,8923726,	chr12	118059088	118060284	118059764	39	18	9	0	1.6137521681614e-05	3.82216916920743e-05	3822.16916920743	1.33988487411409e-05	1339.88487411409	2482.28429509334	0	0
chr12	110247213	119171688	chr12:110685018..110685819-chr12:119608744..119609493,3	300	.	110247213	119171688	16711680	2	801,749,	0,8923726,	chr12	118105961	118106846	118106217	27	12	6	5.36406474793694e-11	0.0004010901239071	2.6461171171436e-05	2646.1171171436	8.93256582742729e-06	893.25658274273	1752.86053440088	5.18831133730087e-07	0
chr12	119170941	123070297	chr12:119608746..119609266-chr12:123553949..123554844,3	300	.	119170941	123070297	16711680	2	520,895,	0,3898461,	chr12	122110940	122112310	122111140	27	10	11	6.06223182764154e-10	0.000141109819683405	2.6461171171436e-05	2646.1171171436	7.44380485618941e-06	744.380485618941	1901.73663152466	4.59144972665911e-06	0
chr12	121748578	122191527	chr12:122186484..122187293-chr12:122675389..122676074,2	200	.	121748578	122191527	16711680	2	809,685,	0,442264,	chr12	122110940	122112310	122111140	27	10	11	6.06223182764154e-10	0.000141109819683405	2.6461171171436e-05	2646.1171171436	7.44380485618941e-06	744.380485618941	1901.73663152466	4.59144972665911e-06	0
chr14	34320475	93017787	chr14:34789681..34790201-chr14:93483516..93484132,2	200	.	34320475	93017787	16711680	2	520,616,	0,58696696,	chr14	45919598	45920685	45920099	24	6	12	2.15789996982352e-09	8.13415214484525e-06	2.35210410412765e-05	2352.10410412765	4.46628291371365e-06	446.628291371365	1905.47581275628	1.44995505321913e-05	0
chr14	34320475	93017787	chr14:34789681..34790201-chr14:93483516..93484132,2	200	.	34320475	93017787	16711680	2	520,616,	0,58696696,	chr14	73696048	73697136	73696743	25	4	10	4.20323187366733e-09	2.82377365046216e-07	2.45010844179963e-05	2450.10844179963	2.97752194247576e-06	297.752194247576	2152.35624755206	2.65399400866711e-05	0
chr14	34320475	93017787	chr14:34789681..34790201-chr14:93483516..93484132,2	200	.	34320475	93017787	16711680	2	520,616,	0,58696696,	chr14	68139261	68142265	68140506	82	34	33	0	2.58681964737661e-14	8.0363556891028e-05	8036.3556891028	2.5308936511044e-05	2530.8936511044	5505.4620379984	0	0
chr14	73601834	73787733	chr14:74068538..74069454-chr14:74253476..74254436,2	200	.	73601834	73787733	16711680	2	916,960,	0,184939,	chr14	73696048	73697136	73696743	25	4	10	4.20323187366733e-09	2.82377365046216e-07	2.45010844179963e-05	2450.10844179963	2.97752194247576e-06	297.752194247576	2152.35624755206	2.65399400866711e-05	0
chr14	73601883	73785352	chr14:74068587..74069172-chr14:74251195..74252055,3	300	.	73601883	73785352	16711680	2	585,860,	0,182609,	chr14	73696048	73697136	73696743	25	4	10	4.20323187366733e-09	2.82377365046216e-07	2.45010844179963e-05	2450.10844179963	2.97752194247576e-06	297.752194247576	2152.35624755206	2.65399400866711e-05	0
chr14	73601927	73783189	chr14:74068631..74069516-chr14:74248972..74249892,3	300	.	73601927	73783189	16711680	2	885,920,	0,180342,	chr14	73696048	73697136	73696743	25	4	10	4.20323187366733e-09	2.82377365046216e-07	2.45010844179963e-05	2450.10844179963	2.97752194247576e-06	297.752194247576	2152.35624755206	2.65399400866711e-05	0
chr14	73633518	73756793	chr14:74100222..74101041-chr14:74222987..74223496,2	200	.	73633518	73756793	16711680	2	820,509,	0,122766,	chr14	73696048	73697136	73696743	25	4	10	4.20323187366733e-09	2.82377365046216e-07	2.45010844179963e-05	2450.10844179963	2.97752194247576e-06	297.752194247576	2152.35624755206	2.65399400866711e-05	0
chr14	73633545	73785325	chr14:74100249..74101150-chr14:74251194..74252028,7	700	.	73633545	73785325	16711680	2	902,834,	0,150946,	chr14	73696048	73697136	73696743	25	4	10	4.20323187366733e-09	2.82377365046216e-07	2.45010844179963e-05	2450.10844179963	2.97752194247576e-06	297.752194247576	2152.35624755206	2.65399400866711e-05	0
chr14	73633585	73783215	chr14:74100289..74101054-chr14:74249179..74249918,4	400	.	73633585	73783215	16711680	2	766,739,	0,148891,	chr14	73696048	73697136	73696743	25	4	10	4.20323187366733e-09	2.82377365046216e-07	2.45010844179963e-05	2450.10844179963	2.97752194247576e-06	297.752194247576	2152.35624755206	2.65399400866711e-05	0
chr14	73633619	73776093	chr14:74100323..74100826-chr14:74242128..74242796,2	200	.	73633619	73776093	16711680	2	504,668,	0,141806,	chr14	73696048	73697136	73696743	25	4	10	4.20323187366733e-09	2.82377365046216e-07	2.45010844179963e-05	2450.10844179963	2.97752194247576e-06	297.752194247576	2152.35624755206	2.65399400866711e-05	0
chr15	57591269	73710734	chr15:57883467..57884028-chr15:74002521..74003075,2	200	.	57591269	73710734	16711680	2	561,554,	0,16118911,	chr15	64072612	64073121	64072847	29	4	7	2.73625566649116e-12	4.32738811451117e-09	2.84212579248758e-05	2842.12579248758	2.97752194247576e-06	297.752194247576	2544.37359824	3.50646891869295e-08	0
chr15	57591269	73710734	chr15:57883467..57884028-chr15:74002521..74003075,2	200	.	57591269	73710734	16711680	2	561,554,	0,16118911,	chr15	65226637	65227787	65227294	26	13	6	1.21134879904616e-10	0.000280204764136482	2.54811277947162e-05	2548.11277947162	9.67694631304624e-06	967.694631304624	1580.418148167	1.07573369645073e-06	0
chr15	92645269	98749439	chr15:93188499..93189069-chr15:99292139..99292668,2	200	.	92645269	98749439	16711680	2	570,529,	0,6103641,	chr15	96230123	96231322	96230823	30	27	11	2.82786016825298e-11	0.000833945490530397	2.94013013015956e-05	2940.13013015956	2.00982731117114e-05	2009.82731117114	930.30281898842	2.87242308310507e-07	0
chr15	96001273	96339919	chr15:96544502..96545045-chr15:96882251..96883148,2	200	.	96001273	96339919	16711680	2	543,897,	0,337749,	chr15	96230123	96231322	96230823	30	27	11	2.82786016825298e-11	0.000833945490530397	2.94013013015956e-05	2940.13013015956	2.00982731117114e-05	2009.82731117114	930.30281898842	2.87242308310507e-07	0
chr16	11457008	85306741	chr16:11550864..11551384-chr16:85339762..85340347,3	300	.	11457008	85306741	16711680	2	520,585,	0,73849148,	chr16	46693861	46694329	46694091	25	14	5	2.66957789207822e-10	0.000391338277452857	2.45010844179963e-05	2450.10844179963	1.04213267986652e-05	1042.13267986652	1407.97576193312	2.19724202396554e-06	0
chr16	11457008	85306741	chr16:11550864..11551384-chr16:85339762..85340347,3	300	.	11457008	85306741	16711680	2	520,585,	0,73849148,	chr16	68635836	68636740	68636315	29	12	6	5.08504349738814e-12	0.000289505479787788	2.84212579248758e-05	2842.12579248758	8.93256582742729e-06	893.25658274273	1948.86920974485	5.96288692536698e-08	0
chr16	11457008	85306741	chr16:11550864..11551384-chr16:85339762..85340347,3	300	.	11457008	85306741	16711680	2	520,585,	0,73849148,	chr16	70205507	70205966	70205733	25	12	5	6.72387590050505e-10	0.000475427999934053	2.45010844179963e-05	2450.10844179963	8.93256582742729e-06	893.25658274273	1556.8518590569	5.04227272276299e-06	0
chr16	29310776	88017294	chr16:29322097..29322894-chr16:88050372..88050900,4	400	.	29310776	88017294	16711680	2	797,528,	0,58705990,	chr16	46693861	46694329	46694091	25	14	5	2.66957789207822e-10	0.000391338277452857	2.45010844179963e-05	2450.10844179963	1.04213267986652e-05	1042.13267986652	1407.97576193312	2.19724202396554e-06	0
chr16	29310776	88017294	chr16:29322097..29322894-chr16:88050372..88050900,4	400	.	29310776	88017294	16711680	2	797,528,	0,58705990,	chr16	68635836	68636740	68636315	29	12	6	5.08504349738814e-12	0.000289505479787788	2.84212579248758e-05	2842.12579248758	8.93256582742729e-06	893.25658274273	1948.86920974485	5.96288692536698e-08	0
chr16	29310776	88017294	chr16:29322097..29322894-chr16:88050372..88050900,4	400	.	29310776	88017294	16711680	2	797,528,	0,58705990,	chr16	70205507	70205966	70205733	25	12	5	6.72387590050505e-10	0.000475427999934053	2.45010844179963e-05	2450.10844179963	8.93256582742729e-06	893.25658274273	1556.8518590569	5.04227272276299e-06	0
chr16	70136382	72930069	chr16:70170285..70171145-chr16:72963448..72963968,2	200	.	70136382	72930069	16711680	2	860,520,	0,2793167,	chr16	70205507	70205966	70205733	25	12	5	6.72387590050505e-10	0.000475427999934053	2.45010844179963e-05	2450.10844179963	8.93256582742729e-06	893.25658274273	1556.8518590569	5.04227272276299e-06	0
chr16	70136406	72913979	chr16:70170309..70171136-chr16:72947288..72947878,2	200	.	70136406	72913979	16711680	2	827,590,	0,2776983,	chr16	70205507	70205966	70205733	25	12	5	6.72387590050505e-10	0.000475427999934053	2.45010844179963e-05	2450.10844179963	8.93256582742729e-06	893.25658274273	1556.8518590569	5.04227272276299e-06	0
chr17	7951524	47693782	chr17:7854842..7855345-chr17:45770546..45771148,2	200	.	7951524	47693782	16711680	2	503,602,	0,39741656,	chr17	30700563	30701022	30700793	29	13	5	1.51922918689706e-12	1.13638915882897e-05	2.84212579248758e-05	2842.12579248758	9.67694631304624e-06	967.694631304624	1874.43116118295	2.0690934123993e-08	0
chr17	7957595	40449254	chr17:7860913..7861620-chr17:38604584..38605506,2	200	.	7957595	40449254	16711680	2	707,922,	0,32490737,	chr17	30700563	30701022	30700793	29	13	5	1.51922918689706e-12	1.13638915882897e-05	2.84212579248758e-05	2842.12579248758	9.67694631304624e-06	967.694631304624	1874.43116118295	2.0690934123993e-08	0
chr17	50944302	66952576	chr17:49021663..49022369-chr17:64948068..64948692,2	200	.	50944302	66952576	16711680	2	706,624,	0,16007650,	chr17	58740898	58741634	58741118	49	23	5	0	6.43923536713942e-09	4.80221254592728e-05	4802.21254592728	1.71207511692356e-05	1712.07511692356	3090.13742900372	0	0
chr17	50944302	66952576	chr17:49021663..49022369-chr17:64948068..64948692,2	200	.	50944302	66952576	16711680	2	706,624,	0,16007650,	chr17	59093106	59095705	59094612	75	37	21	0	4.78428408001719e-12	7.3503253253989e-05	7350.3253253989	2.75420779679008e-05	2754.20779679008	4596.11752860882	0	0
chr17	50944302	66952576	chr17:49021663..49022369-chr17:64948068..64948692,2	200	.	50944302	66952576	16711680	2	706,624,	0,16007650,	chr17	59832730	59833500	59833124	51	34	9	0	2.73996867997672e-05	4.99822122127125e-05	4998.22122127125	2.5308936511044e-05	2530.8936511044	2467.32757016685	0	0
chr17	50944302	66952576	chr17:49021663..49022369-chr17:64948068..64948692,2	200	.	50944302	66952576	16711680	2	706,624,	0,16007650,	chr17	61360113	61361506	61360713	74	47	13	0	7.03736589002801e-08	7.25232098772692e-05	7252.32098772692	3.49858828240902e-05	3498.58828240902	3753.73270531789	0	0
chr17	50944302	66952576	chr17:49021663..49022369-chr17:64948068..64948692,2	200	.	50944302	66952576	16711680	2	706,624,	0,16007650,	chr17	62887764	62888999	62888544	52	29	11	0	1.67502484299531e-05	5.09622555894324e-05	5096.22555894324	2.15870340829493e-05	2158.70340829493	2937.52215064831	0	0
chr17	50944302	66952576	chr17:49021663..49022369-chr17:64948068..64948692,2	200	.	50944302	66952576	16711680	2	706,624,	0,16007650,	chr17	62950153	62950877	62950461	35	13	6	7.99360577730113e-15	2.79602042618787e-06	3.43015181851949e-05	3430.15181851949	9.67694631304624e-06	967.694631304624	2462.45718721486	1.48033682872837e-10	0
chr17	50944302	66952576	chr17:49021663..49022369-chr17:64948068..64948692,2	200	.	50944302	66952576	16711680	2	706,624,	0,16007650,	chr17	60030854	60031476	60031092	64	48	4	0	2.53266406429198e-05	6.27227761100706e-05	6272.27761100706	3.57302633097092e-05	3573.02633097092	2699.25128003615	0	0
chr17	58639337	61399697	chr17:56716698..56717561-chr17:59476173..59477058,3	300	.	58639337	61399697	16711680	2	863,885,	0,2759475,	chr17	58740898	58741634	58741118	49	23	5	0	6.43923536713942e-09	4.80221254592728e-05	4802.21254592728	1.71207511692356e-05	1712.07511692356	3090.13742900372	0	0
chr17	58639337	61399697	chr17:56716698..56717561-chr17:59476173..59477058,3	300	.	58639337	61399697	16711680	2	863,885,	0,2759475,	chr17	59093106	59095705	59094612	75	37	21	0	4.78428408001719e-12	7.3503253253989e-05	7350.3253253989	2.75420779679008e-05	2754.20779679008	4596.11752860882	0	0
chr17	58639337	61399697	chr17:56716698..56717561-chr17:59476173..59477058,3	300	.	58639337	61399697	16711680	2	863,885,	0,2759475,	chr17	59832730	59833500	59833124	51	34	9	0	2.73996867997672e-05	4.99822122127125e-05	4998.22122127125	2.5308936511044e-05	2530.8936511044	2467.32757016685	0	0
chr17	58639337	61399697	chr17:56716698..56717561-chr17:59476173..59477058,3	300	.	58639337	61399697	16711680	2	863,885,	0,2759475,	chr17	61360113	61361506	61360713	74	47	13	0	7.03736589002801e-08	7.25232098772692e-05	7252.32098772692	3.49858828240902e-05	3498.58828240902	3753.73270531789	0	0
chr17	58639337	61399697	chr17:56716698..56717561-chr17:59476173..59477058,3	300	.	58639337	61399697	16711680	2	863,885,	0,2759475,	chr17	60030854	60031476	60031092	64	48	4	0	2.53266406429198e-05	6.27227761100706e-05	6272.27761100706	3.57302633097092e-05	3573.02633097092	2699.25128003615	0	0
chr17	58639367	74770381	chr17:56716728..56717836-chr17:72765636..72766520,4	400	.	58639367	74770381	16711680	2	1108,884,	0,16130130,	chr17	58740898	58741634	58741118	49	23	5	0	6.43923536713942e-09	4.80221254592728e-05	4802.21254592728	1.71207511692356e-05	1712.07511692356	3090.13742900372	0	0
chr17	58639367	74770381	chr17:56716728..56717836-chr17:72765636..72766520,4	400	.	58639367	74770381	16711680	2	1108,884,	0,16130130,	chr17	59093106	59095705	59094612	75	37	21	0	4.78428408001719e-12	7.3503253253989e-05	7350.3253253989	2.75420779679008e-05	2754.20779679008	4596.11752860882	0	0
chr17	58639367	74770381	chr17:56716728..56717836-chr17:72765636..72766520,4	400	.	58639367	74770381	16711680	2	1108,884,	0,16130130,	chr17	59832730	59833500	59833124	51	34	9	0	2.73996867997672e-05	4.99822122127125e-05	4998.22122127125	2.5308936511044e-05	2530.8936511044	2467.32757016685	0	0
chr17	58639367	74770381	chr17:56716728..56717836-chr17:72765636..72766520,4	400	.	58639367	74770381	16711680	2	1108,884,	0,16130130,	chr17	61360113	61361506	61360713	74	47	13	0	7.03736589002801e-08	7.25232098772692e-05	7252.32098772692	3.49858828240902e-05	3498.58828240902	3753.73270531789	0	0
chr17	58639367	74770381	chr17:56716728..56717836-chr17:72765636..72766520,4	400	.	58639367	74770381	16711680	2	1108,884,	0,16130130,	chr17	62887764	62888999	62888544	52	29	11	0	1.67502484299531e-05	5.09622555894324e-05	5096.22555894324	2.15870340829493e-05	2158.70340829493	2937.52215064831	0	0
chr17	58639367	74770381	chr17:56716728..56717836-chr17:72765636..72766520,4	400	.	58639367	74770381	16711680	2	1108,884,	0,16130130,	chr17	62950153	62950877	62950461	35	13	6	7.99360577730113e-15	2.79602042618787e-06	3.43015181851949e-05	3430.15181851949	9.67694631304624e-06	967.694631304624	2462.45718721486	1.48033682872837e-10	0
chr17	58639367	74770381	chr17:56716728..56717836-chr17:72765636..72766520,4	400	.	58639367	74770381	16711680	2	1108,884,	0,16130130,	chr17	60030854	60031476	60031092	64	48	4	0	2.53266406429198e-05	6.27227761100706e-05	6272.27761100706	3.57302633097092e-05	3573.02633097092	2699.25128003615	0	0
chr17	58639388	60295342	chr17:56716749..56717302-chr17:58371716..58372703,2	200	.	58639388	60295342	16711680	2	553,987,	0,1654967,	chr17	58740898	58741634	58741118	49	23	5	0	6.43923536713942e-09	4.80221254592728e-05	4802.21254592728	1.71207511692356e-05	1712.07511692356	3090.13742900372	0	0
chr17	58639388	60295342	chr17:56716749..56717302-chr17:58371716..58372703,2	200	.	58639388	60295342	16711680	2	553,987,	0,1654967,	chr17	59093106	59095705	59094612	75	37	21	0	4.78428408001719e-12	7.3503253253989e-05	7350.3253253989	2.75420779679008e-05	2754.20779679008	4596.11752860882	0	0
chr17	58639388	60295342	chr17:56716749..56717302-chr17:58371716..58372703,2	200	.	58639388	60295342	16711680	2	553,987,	0,1654967,	chr17	59832730	59833500	59833124	51	34	9	0	2.73996867997672e-05	4.99822122127125e-05	4998.22122127125	2.5308936511044e-05	2530.8936511044	2467.32757016685	0	0
chr17	58639388	60295342	chr17:56716749..56717302-chr17:58371716..58372703,2	200	.	58639388	60295342	16711680	2	553,987,	0,1654967,	chr17	60030854	60031476	60031092	64	48	4	0	2.53266406429198e-05	6.27227761100706e-05	6272.27761100706	3.57302633097092e-05	3573.02633097092	2699.25128003615	0	0
chr17	58639404	59107281	chr17:56716765..56717627-chr17:57183709..57184642,2	200	.	58639404	59107281	16711680	2	862,933,	0,466944,	chr17	58740898	58741634	58741118	49	23	5	0	6.43923536713942e-09	4.80221254592728e-05	4802.21254592728	1.71207511692356e-05	1712.07511692356	3090.13742900372	0	0
chr17	58639404	59107281	chr17:56716765..56717627-chr17:57183709..57184642,2	200	.	58639404	59107281	16711680	2	862,933,	0,466944,	chr17	59093106	59095705	59094612	75	37	21	0	4.78428408001719e-12	7.3503253253989e-05	7350.3253253989	2.75420779679008e-05	2754.20779679008	4596.11752860882	0	0
chr17	58639404	74761324	chr17:56716765..56717651-chr17:72756497..72757463,3	300	.	58639404	74761324	16711680	2	886,966,	0,16120954,	chr17	58740898	58741634	58741118	49	23	5	0	6.43923536713942e-09	4.80221254592728e-05	4802.21254592728	1.71207511692356e-05	1712.07511692356	3090.13742900372	0	0
chr17	58639404	74761324	chr17:56716765..56717651-chr17:72756497..72757463,3	300	.	58639404	74761324	16711680	2	886,966,	0,16120954,	chr17	59093106	59095705	59094612	75	37	21	0	4.78428408001719e-12	7.3503253253989e-05	7350.3253253989	2.75420779679008e-05	2754.20779679008	4596.11752860882	0	0
chr17	58639404	74761324	chr17:56716765..56717651-chr17:72756497..72757463,3	300	.	58639404	74761324	16711680	2	886,966,	0,16120954,	chr17	59832730	59833500	59833124	51	34	9	0	2.73996867997672e-05	4.99822122127125e-05	4998.22122127125	2.5308936511044e-05	2530.8936511044	2467.32757016685	0	0
chr17	58639404	74761324	chr17:56716765..56717651-chr17:72756497..72757463,3	300	.	58639404	74761324	16711680	2	886,966,	0,16120954,	chr17	61360113	61361506	61360713	74	47	13	0	7.03736589002801e-08	7.25232098772692e-05	7252.32098772692	3.49858828240902e-05	3498.58828240902	3753.73270531789	0	0
chr17	58639404	74761324	chr17:56716765..56717651-chr17:72756497..72757463,3	300	.	58639404	74761324	16711680	2	886,966,	0,16120954,	chr17	62887764	62888999	62888544	52	29	11	0	1.67502484299531e-05	5.09622555894324e-05	5096.22555894324	2.15870340829493e-05	2158.70340829493	2937.52215064831	0	0
chr17	58639404	74761324	chr17:56716765..56717651-chr17:72756497..72757463,3	300	.	58639404	74761324	16711680	2	886,966,	0,16120954,	chr17	62950153	62950877	62950461	35	13	6	7.99360577730113e-15	2.79602042618787e-06	3.43015181851949e-05	3430.15181851949	9.67694631304624e-06	967.694631304624	2462.45718721486	1.48033682872837e-10	0
chr17	58639404	74761324	chr17:56716765..56717651-chr17:72756497..72757463,3	300	.	58639404	74761324	16711680	2	886,966,	0,16120954,	chr17	60030854	60031476	60031092	64	48	4	0	2.53266406429198e-05	6.27227761100706e-05	6272.27761100706	3.57302633097092e-05	3573.02633097092	2699.25128003615	0	0
chr17	58639416	61723887	chr17:56716777..56717664-chr17:59800437..59801248,5	500	.	58639416	61723887	16711680	2	887,811,	0,3083660,	chr17	58740898	58741634	58741118	49	23	5	0	6.43923536713942e-09	4.80221254592728e-05	4802.21254592728	1.71207511692356e-05	1712.07511692356	3090.13742900372	0	0
chr17	58639416	61723887	chr17:56716777..56717664-chr17:59800437..59801248,5	500	.	58639416	61723887	16711680	2	887,811,	0,3083660,	chr17	59093106	59095705	59094612	75	37	21	0	4.78428408001719e-12	7.3503253253989e-05	7350.3253253989	2.75420779679008e-05	2754.20779679008	4596.11752860882	0	0
chr17	58639416	61723887	chr17:56716777..56717664-chr17:59800437..59801248,5	500	.	58639416	61723887	16711680	2	887,811,	0,3083660,	chr17	59832730	59833500	59833124	51	34	9	0	2.73996867997672e-05	4.99822122127125e-05	4998.22122127125	2.5308936511044e-05	2530.8936511044	2467.32757016685	0	0
chr17	58639416	61723887	chr17:56716777..56717664-chr17:59800437..59801248,5	500	.	58639416	61723887	16711680	2	887,811,	0,3083660,	chr17	61360113	61361506	61360713	74	47	13	0	7.03736589002801e-08	7.25232098772692e-05	7252.32098772692	3.49858828240902e-05	3498.58828240902	3753.73270531789	0	0
chr17	58639416	61723887	chr17:56716777..56717664-chr17:59800437..59801248,5	500	.	58639416	61723887	16711680	2	887,811,	0,3083660,	chr17	60030854	60031476	60031092	64	48	4	0	2.53266406429198e-05	6.27227761100706e-05	6272.27761100706	3.57302633097092e-05	3573.02633097092	2699.25128003615	0	0
chr17	58639425	67555840	chr17:56716786..56717582-chr17:65551383..65551956,2	200	.	58639425	67555840	16711680	2	796,573,	0,8915842,	chr17	58740898	58741634	58741118	49	23	5	0	6.43923536713942e-09	4.80221254592728e-05	4802.21254592728	1.71207511692356e-05	1712.07511692356	3090.13742900372	0	0
chr17	58639425	67555840	chr17:56716786..56717582-chr17:65551383..65551956,2	200	.	58639425	67555840	16711680	2	796,573,	0,8915842,	chr17	59093106	59095705	59094612	75	37	21	0	4.78428408001719e-12	7.3503253253989e-05	7350.3253253989	2.75420779679008e-05	2754.20779679008	4596.11752860882	0	0
chr17	58639425	67555840	chr17:56716786..56717582-chr17:65551383..65551956,2	200	.	58639425	67555840	16711680	2	796,573,	0,8915842,	chr17	59832730	59833500	59833124	51	34	9	0	2.73996867997672e-05	4.99822122127125e-05	4998.22122127125	2.5308936511044e-05	2530.8936511044	2467.32757016685	0	0
chr17	58639425	67555840	chr17:56716786..56717582-chr17:65551383..65551956,2	200	.	58639425	67555840	16711680	2	796,573,	0,8915842,	chr17	61360113	61361506	61360713	74	47	13	0	7.03736589002801e-08	7.25232098772692e-05	7252.32098772692	3.49858828240902e-05	3498.58828240902	3753.73270531789	0	0
chr17	58639425	67555840	chr17:56716786..56717582-chr17:65551383..65551956,2	200	.	58639425	67555840	16711680	2	796,573,	0,8915842,	chr17	62887764	62888999	62888544	52	29	11	0	1.67502484299531e-05	5.09622555894324e-05	5096.22555894324	2.15870340829493e-05	2158.70340829493	2937.52215064831	0	0
chr17	58639425	67555840	chr17:56716786..56717582-chr17:65551383..65551956,2	200	.	58639425	67555840	16711680	2	796,573,	0,8915842,	chr17	62950153	62950877	62950461	35	13	6	7.99360577730113e-15	2.79602042618787e-06	3.43015181851949e-05	3430.15181851949	9.67694631304624e-06	967.694631304624	2462.45718721486	1.48033682872837e-10	0
chr17	58639425	67555840	chr17:56716786..56717582-chr17:65551383..65551956,2	200	.	58639425	67555840	16711680	2	796,573,	0,8915842,	chr17	60030854	60031476	60031092	64	48	4	0	2.53266406429198e-05	6.27227761100706e-05	6272.27761100706	3.57302633097092e-05	3573.02633097092	2699.25128003615	0	0
chr17	58639496	60345826	chr17:56716857..56717548-chr17:58422241..58423187,2	200	.	58639496	60345826	16711680	2	691,946,	0,1705384,	chr17	58740898	58741634	58741118	49	23	5	0	6.43923536713942e-09	4.80221254592728e-05	4802.21254592728	1.71207511692356e-05	1712.07511692356	3090.13742900372	0	0
chr17	58639496	60345826	chr17:56716857..56717548-chr17:58422241..58423187,2	200	.	58639496	60345826	16711680	2	691,946,	0,1705384,	chr17	59093106	59095705	59094612	75	37	21	0	4.78428408001719e-12	7.3503253253989e-05	7350.3253253989	2.75420779679008e-05	2754.20779679008	4596.11752860882	0	0
chr17	58639496	60345826	chr17:56716857..56717548-chr17:58422241..58423187,2	200	.	58639496	60345826	16711680	2	691,946,	0,1705384,	chr17	59832730	59833500	59833124	51	34	9	0	2.73996867997672e-05	4.99822122127125e-05	4998.22122127125	2.5308936511044e-05	2530.8936511044	2467.32757016685	0	0
chr17	58639496	60345826	chr17:56716857..56717548-chr17:58422241..58423187,2	200	.	58639496	60345826	16711680	2	691,946,	0,1705384,	chr17	60030854	60031476	60031092	64	48	4	0	2.53266406429198e-05	6.27227761100706e-05	6272.27761100706	3.57302633097092e-05	3573.02633097092	2699.25128003615	0	0
chr17	58639707	83068190	chr17:56717068..56717611-chr17:81025144..81026066,2	200	.	58639707	83068190	16711680	2	543,922,	0,24427561,	chr17	58740898	58741634	58741118	49	23	5	0	6.43923536713942e-09	4.80221254592728e-05	4802.21254592728	1.71207511692356e-05	1712.07511692356	3090.13742900372	0	0
chr17	58639707	83068190	chr17:56717068..56717611-chr17:81025144..81026066,2	200	.	58639707	83068190	16711680	2	543,922,	0,24427561,	chr17	59093106	59095705	59094612	75	37	21	0	4.78428408001719e-12	7.3503253253989e-05	7350.3253253989	2.75420779679008e-05	2754.20779679008	4596.11752860882	0	0
chr17	58639707	83068190	chr17:56717068..56717611-chr17:81025144..81026066,2	200	.	58639707	83068190	16711680	2	543,922,	0,24427561,	chr17	59832730	59833500	59833124	51	34	9	0	2.73996867997672e-05	4.99822122127125e-05	4998.22122127125	2.5308936511044e-05	2530.8936511044	2467.32757016685	0	0
chr17	58639707	83068190	chr17:56717068..56717611-chr17:81025144..81026066,2	200	.	58639707	83068190	16711680	2	543,922,	0,24427561,	chr17	61360113	61361506	61360713	74	47	13	0	7.03736589002801e-08	7.25232098772692e-05	7252.32098772692	3.49858828240902e-05	3498.58828240902	3753.73270531789	0	0
chr17	58639707	83068190	chr17:56717068..56717611-chr17:81025144..81026066,2	200	.	58639707	83068190	16711680	2	543,922,	0,24427561,	chr17	62887764	62888999	62888544	52	29	11	0	1.67502484299531e-05	5.09622555894324e-05	5096.22555894324	2.15870340829493e-05	2158.70340829493	2937.52215064831	0	0
chr17	58639707	83068190	chr17:56717068..56717611-chr17:81025144..81026066,2	200	.	58639707	83068190	16711680	2	543,922,	0,24427561,	chr17	62950153	62950877	62950461	35	13	6	7.99360577730113e-15	2.79602042618787e-06	3.43015181851949e-05	3430.15181851949	9.67694631304624e-06	967.694631304624	2462.45718721486	1.48033682872837e-10	0
chr17	58639707	83068190	chr17:56717068..56717611-chr17:81025144..81026066,2	200	.	58639707	83068190	16711680	2	543,922,	0,24427561,	chr17	60030854	60031476	60031092	64	48	4	0	2.53266406429198e-05	6.27227761100706e-05	6272.27761100706	3.57302633097092e-05	3573.02633097092	2699.25128003615	0	0
chr17	58639721	60019464	chr17:56717082..56717673-chr17:58095880..58096825,2	200	.	58639721	60019464	16711680	2	591,945,	0,1378798,	chr17	58740898	58741634	58741118	49	23	5	0	6.43923536713942e-09	4.80221254592728e-05	4802.21254592728	1.71207511692356e-05	1712.07511692356	3090.13742900372	0	0
chr17	58639721	60019464	chr17:56717082..56717673-chr17:58095880..58096825,2	200	.	58639721	60019464	16711680	2	591,945,	0,1378798,	chr17	59093106	59095705	59094612	75	37	21	0	4.78428408001719e-12	7.3503253253989e-05	7350.3253253989	2.75420779679008e-05	2754.20779679008	4596.11752860882	0	0
chr17	58639721	60019464	chr17:56717082..56717673-chr17:58095880..58096825,2	200	.	58639721	60019464	16711680	2	591,945,	0,1378798,	chr17	59832730	59833500	59833124	51	34	9	0	2.73996867997672e-05	4.99822122127125e-05	4998.22122127125	2.5308936511044e-05	2530.8936511044	2467.32757016685	0	0
chr17	62135216	62962162	chr17:60212577..60214017-chr17:61038798..61039523,4	400	.	62135216	62962162	16711680	2	1440,725,	0,826221,	chr17	62887764	62888999	62888544	52	29	11	0	1.67502484299531e-05	5.09622555894324e-05	5096.22555894324	2.15870340829493e-05	2158.70340829493	2937.52215064831	0	0
chr17	62135216	62962162	chr17:60212577..60214017-chr17:61038798..61039523,4	400	.	62135216	62962162	16711680	2	1440,725,	0,826221,	chr17	62950153	62950877	62950461	35	13	6	7.99360577730113e-15	2.79602042618787e-06	3.43015181851949e-05	3430.15181851949	9.67694631304624e-06	967.694631304624	2462.45718721486	1.48033682872837e-10	0
chr18	45802422	63242230	chr18:43382387..43383233-chr18:60908770..60909463,2	200	.	45802422	63242230	16711680	2	846,693,	0,17439115,	chr18	62485349	62486193	62485910	29	9	5	1.63813407283442e-12	9.15480387053691e-07	2.84212579248758e-05	2842.12579248758	6.69942437057047e-06	669.942437057047	2172.18335543053	2.21120287956388e-08	0
chr18	45802768	74243342	chr18:43382733..43383273-chr18:71909946..71910577,2	200	.	45802768	74243342	16711680	2	540,631,	0,28439943,	chr18	62485349	62486193	62485910	29	9	5	1.63813407283442e-12	9.15480387053691e-07	2.84212579248758e-05	2842.12579248758	6.69942437057047e-06	669.942437057047	2172.18335543053	2.21120287956388e-08	0
chr18	60053698	63241940	chr18:57720930..57721658-chr18:60908550..60909173,3	300	.	60053698	63241940	16711680	2	728,623,	0,3187619,	chr18	62485349	62486193	62485910	29	9	5	1.63813407283442e-12	9.15480387053691e-07	2.84212579248758e-05	2842.12579248758	6.69942437057047e-06	669.942437057047	2172.18335543053	2.21120287956388e-08	0
chr19	35317095	40466727	chr19:35807998..35809046-chr19:40971871..40972634,3	300	.	35317095	40466727	16711680	2	1048,763,	0,5148869,	chr19	37331375	37332275	37331601	23	15	6	3.23012927516686e-09	0.000919768813022137	2.25409976645566e-05	2254.09976645566	1.11657072842841e-05	1116.57072842841	1137.52903802725	2.08729441785877e-05	0
chr20	32040436	36587874	chr20:30628239..30629118-chr20:35215360..35216277,3	300	.	32040436	36587874	16711680	2	879,917,	0,4546521,	chr20	35154592	35155060	35154827	23	8	5	4.75750783213158e-09	0.000160284301768066	2.25409976645566e-05	2254.09976645566	5.95504388495153e-06	595.504388495153	1658.59537796051	2.97306845105099e-05	0
chr20	32040436	36587874	chr20:30628239..30629118-chr20:35215360..35216277,3	300	.	32040436	36587874	16711680	2	879,917,	0,4546521,	chr20	36000069	36001217	36000979	24	8	8	2.8300880527965e-09	4.29770704177823e-05	2.35210410412765e-05	2352.10410412765	5.95504388495153e-06	595.504388495153	1756.5997156325	1.84357678857238e-05	0
chr20	32040656	50764407	chr20:30628459..30629130-chr20:49380377..49380944,2	200	.	32040656	50764407	16711680	2	671,567,	0,18723184,	chr20	35154592	35155060	35154827	23	8	5	4.75750783213158e-09	0.000160284301768066	2.25409976645566e-05	2254.09976645566	5.95504388495153e-06	595.504388495153	1658.59537796051	2.97306845105099e-05	0
chr20	32040656	50764407	chr20:30628459..30629130-chr20:49380377..49380944,2	200	.	32040656	50764407	16711680	2	671,567,	0,18723184,	chr20	36000069	36001217	36000979	24	8	8	2.8300880527965e-09	4.29770704177823e-05	2.35210410412765e-05	2352.10410412765	5.95504388495153e-06	595.504388495153	1756.5997156325	1.84357678857238e-05	0
chr20	32040656	50764407	chr20:30628459..30629130-chr20:49380377..49380944,2	200	.	32040656	50764407	16711680	2	671,567,	0,18723184,	chr20	42190407	42191190	42190898	29	10	9	3.92408328053762e-12	1.62095936779849e-05	2.84212579248758e-05	2842.12579248758	7.44380485618941e-06	744.380485618941	2097.74530686863	4.82506233393516e-08	0
chr20	32040656	50764407	chr20:30628459..30629130-chr20:49380377..49380944,2	200	.	32040656	50764407	16711680	2	671,567,	0,18723184,	chr20	47173853	47174980	47174645	35	20	5	3.38995498339045e-12	0.00064127152232718	3.43015181851949e-05	3430.15181851949	1.48876097123788e-05	1488.76097123788	1941.39084728161	4.2369108227345e-08	0
chr20	32040656	50764407	chr20:30628459..30629130-chr20:49380377..49380944,2	200	.	32040656	50764407	16711680	2	671,567,	0,18723184,	chr20	47598805	47600173	47599702	48	26	12	9.55414636294449e-11	3.34038593208241e-05	4.7042082082553e-05	4704.2082082553	1.93538926260925e-05	1935.38926260925	2768.81894564605	8.68774547710576e-07	0
chr20	32040656	50764407	chr20:30628459..30629130-chr20:49380377..49380944,2	200	.	32040656	50764407	16711680	2	671,567,	0,18723184,	chr20	48051537	48052758	48051934	29	9	4	7.53443862855363e-10	1.66483435540821e-05	2.84212579248758e-05	2842.12579248758	6.69942437057047e-06	669.942437057047	2172.18335543053	5.594860434884e-06	0
chr20	32040656	50764407	chr20:30628459..30629130-chr20:49380377..49380944,2	200	.	32040656	50764407	16711680	2	671,567,	0,18723184,	chr20	48064666	48065627	48065258	60	29	9	0	4.97350728712043e-06	5.88026026031912e-05	5880.26026031912	2.15870340829493e-05	2158.70340829493	3721.55685202419	0	0
chr20	44765394	50727608	chr20:43394035..43394712-chr20:49343636..49344145,2	200	.	44765394	50727608	16711680	2	677,509,	0,5961705,	chr20	47173853	47174980	47174645	35	20	5	3.38995498339045e-12	0.00064127152232718	3.43015181851949e-05	3430.15181851949	1.48876097123788e-05	1488.76097123788	1941.39084728161	4.2369108227345e-08	0
chr20	44765394	50727608	chr20:43394035..43394712-chr20:49343636..49344145,2	200	.	44765394	50727608	16711680	2	677,509,	0,5961705,	chr20	47598805	47600173	47599702	48	26	12	9.55414636294449e-11	3.34038593208241e-05	4.7042082082553e-05	4704.2082082553	1.93538926260925e-05	1935.38926260925	2768.81894564605	8.68774547710576e-07	0
chr20	44765394	50727608	chr20:43394035..43394712-chr20:49343636..49344145,2	200	.	44765394	50727608	16711680	2	677,509,	0,5961705,	chr20	48051537	48052758	48051934	29	9	4	7.53443862855363e-10	1.66483435540821e-05	2.84212579248758e-05	2842.12579248758	6.69942437057047e-06	669.942437057047	2172.18335543053	5.594860434884e-06	0
chr20	44765394	50727608	chr20:43394035..43394712-chr20:49343636..49344145,2	200	.	44765394	50727608	16711680	2	677,509,	0,5961705,	chr20	48064666	48065627	48065258	60	29	9	0	4.97350728712043e-06	5.88026026031912e-05	5880.26026031912	2.15870340829493e-05	2158.70340829493	3721.55685202419	0	0
chr20	47231548	50728068	chr20:45860293..45861141-chr20:49344055..49344605,3	300	.	47231548	50728068	16711680	2	848,550,	0,3495970,	chr20	47598805	47600173	47599702	48	26	12	9.55414636294449e-11	3.34038593208241e-05	4.7042082082553e-05	4704.2082082553	1.93538926260925e-05	1935.38926260925	2768.81894564605	8.68774547710576e-07	0
chr20	47231548	50728068	chr20:45860293..45861141-chr20:49344055..49344605,3	300	.	47231548	50728068	16711680	2	848,550,	0,3495970,	chr20	48051537	48052758	48051934	29	9	4	7.53443862855363e-10	1.66483435540821e-05	2.84212579248758e-05	2842.12579248758	6.69942437057047e-06	669.942437057047	2172.18335543053	5.594860434884e-06	0
chr20	47231548	50728068	chr20:45860293..45861141-chr20:49344055..49344605,3	300	.	47231548	50728068	16711680	2	848,550,	0,3495970,	chr20	48064666	48065627	48065258	60	29	9	0	4.97350728712043e-06	5.88026026031912e-05	5880.26026031912	2.15870340829493e-05	2158.70340829493	3721.55685202419	0	0
chr20	47344960	50764745	chr20:45973704..45974631-chr20:49380515..49381282,2	200	.	47344960	50764745	16711680	2	927,767,	0,3419018,	chr20	47598805	47600173	47599702	48	26	12	9.55414636294449e-11	3.34038593208241e-05	4.7042082082553e-05	4704.2082082553	1.93538926260925e-05	1935.38926260925	2768.81894564605	8.68774547710576e-07	0
chr20	47344960	50764745	chr20:45973704..45974631-chr20:49380515..49381282,2	200	.	47344960	50764745	16711680	2	927,767,	0,3419018,	chr20	48051537	48052758	48051934	29	9	4	7.53443862855363e-10	1.66483435540821e-05	2.84212579248758e-05	2842.12579248758	6.69942437057047e-06	669.942437057047	2172.18335543053	5.594860434884e-06	0
chr20	47344960	50764745	chr20:45973704..45974631-chr20:49380515..49381282,2	200	.	47344960	50764745	16711680	2	927,767,	0,3419018,	chr20	48064666	48065627	48065258	60	29	9	0	4.97350728712043e-06	5.88026026031912e-05	5880.26026031912	2.15870340829493e-05	2158.70340829493	3721.55685202419	0	0
chr20	47344966	50727991	chr20:45973710..45974638-chr20:49343585..49344528,5	500	.	47344966	50727991	16711680	2	928,943,	0,3382082,	chr20	47598805	47600173	47599702	48	26	12	9.55414636294449e-11	3.34038593208241e-05	4.7042082082553e-05	4704.2082082553	1.93538926260925e-05	1935.38926260925	2768.81894564605	8.68774547710576e-07	0
chr20	47344966	50727991	chr20:45973710..45974638-chr20:49343585..49344528,5	500	.	47344966	50727991	16711680	2	928,943,	0,3382082,	chr20	48051537	48052758	48051934	29	9	4	7.53443862855363e-10	1.66483435540821e-05	2.84212579248758e-05	2842.12579248758	6.69942437057047e-06	669.942437057047	2172.18335543053	5.594860434884e-06	0
chr20	47344966	50727991	chr20:45973710..45974638-chr20:49343585..49344528,5	500	.	47344966	50727991	16711680	2	928,943,	0,3382082,	chr20	48064666	48065627	48065258	60	29	9	0	4.97350728712043e-06	5.88026026031912e-05	5880.26026031912	2.15870340829493e-05	2158.70340829493	3721.55685202419	0	0
chr20	47344997	54149590	chr20:45973741..45974624-chr20:52765376..52766129,2	200	.	47344997	54149590	16711680	2	883,753,	0,6803840,	chr20	47598805	47600173	47599702	48	26	12	9.55414636294449e-11	3.34038593208241e-05	4.7042082082553e-05	4704.2082082553	1.93538926260925e-05	1935.38926260925	2768.81894564605	8.68774547710576e-07	0
chr20	47344997	54149590	chr20:45973741..45974624-chr20:52765376..52766129,2	200	.	47344997	54149590	16711680	2	883,753,	0,6803840,	chr20	48051537	48052758	48051934	29	9	4	7.53443862855363e-10	1.66483435540821e-05	2.84212579248758e-05	2842.12579248758	6.69942437057047e-06	669.942437057047	2172.18335543053	5.594860434884e-06	0
chr20	47344997	54149590	chr20:45973741..45974624-chr20:52765376..52766129,2	200	.	47344997	54149590	16711680	2	883,753,	0,6803840,	chr20	48064666	48065627	48065258	60	29	9	0	4.97350728712043e-06	5.88026026031912e-05	5880.26026031912	2.15870340829493e-05	2158.70340829493	3721.55685202419	0	0
chr20	47344997	54149590	chr20:45973741..45974624-chr20:52765376..52766129,2	200	.	47344997	54149590	16711680	2	883,753,	0,6803840,	chr20	53800320	53801731	53801003	66	47	12	0	1.33446625316669e-05	6.46828628635103e-05	6468.28628635103	3.49858828240902e-05	3498.58828240902	2969.69800394201	0	0
chr20	47344997	54149590	chr20:45973741..45974624-chr20:52765376..52766129,2	200	.	47344997	54149590	16711680	2	883,753,	0,6803840,	chr20	54132506	54133263	54132894	34	18	6	2.07937844720618e-09	7.04590817747208e-05	3.3321474808475e-05	3332.1474808475	1.33988487411409e-05	1339.88487411409	1992.26260673341	1.40652955697593e-05	0
chr20	47382321	50728017	chr20:46011065..46012101-chr20:49343601..49344554,10	1000	.	47382321	50728017	16711680	2	1036,953,	0,3344743,	chr20	47598805	47600173	47599702	48	26	12	9.55414636294449e-11	3.34038593208241e-05	4.7042082082553e-05	4704.2082082553	1.93538926260925e-05	1935.38926260925	2768.81894564605	8.68774547710576e-07	0
chr20	47382321	50728017	chr20:46011065..46012101-chr20:49343601..49344554,10	1000	.	47382321	50728017	16711680	2	1036,953,	0,3344743,	chr20	48051537	48052758	48051934	29	9	4	7.53443862855363e-10	1.66483435540821e-05	2.84212579248758e-05	2842.12579248758	6.69942437057047e-06	669.942437057047	2172.18335543053	5.594860434884e-06	0
chr20	47382321	50728017	chr20:46011065..46012101-chr20:49343601..49344554,10	1000	.	47382321	50728017	16711680	2	1036,953,	0,3344743,	chr20	48064666	48065627	48065258	60	29	9	0	4.97350728712043e-06	5.88026026031912e-05	5880.26026031912	2.15870340829493e-05	2158.70340829493	3721.55685202419	0	0
chr20	47801056	48572824	chr20:46429800..46430727-chr20:47188493..47189362,3	300	.	47801056	48572824	16711680	2	927,869,	0,770899,	chr20	48051537	48052758	48051934	29	9	4	7.53443862855363e-10	1.66483435540821e-05	2.84212579248758e-05	2842.12579248758	6.69942437057047e-06	669.942437057047	2172.18335543053	5.594860434884e-06	0
chr20	47801056	48572824	chr20:46429800..46430727-chr20:47188493..47189362,3	300	.	47801056	48572824	16711680	2	927,869,	0,770899,	chr20	48064666	48065627	48065258	60	29	9	0	4.97350728712043e-06	5.88026026031912e-05	5880.26026031912	2.15870340829493e-05	2158.70340829493	3721.55685202419	0	0
chr20	47801082	48076538	chr20:46429826..46430688-chr20:46704454..46705281,2	200	.	47801082	48076538	16711680	2	862,827,	0,274629,	chr20	48051537	48052758	48051934	29	9	4	7.53443862855363e-10	1.66483435540821e-05	2.84212579248758e-05	2842.12579248758	6.69942437057047e-06	669.942437057047	2172.18335543053	5.594860434884e-06	0
chr20	47801082	48076538	chr20:46429826..46430688-chr20:46704454..46705281,2	200	.	47801082	48076538	16711680	2	862,827,	0,274629,	chr20	48064666	48065627	48065258	60	29	9	0	4.97350728712043e-06	5.88026026031912e-05	5880.26026031912	2.15870340829493e-05	2158.70340829493	3721.55685202419	0	0
chr20	47954170	48076444	chr20:46582914..46583760-chr20:46704536..46705187,2	200	.	47954170	48076444	16711680	2	846,651,	0,121623,	chr20	48051537	48052758	48051934	29	9	4	7.53443862855363e-10	1.66483435540821e-05	2.84212579248758e-05	2842.12579248758	6.69942437057047e-06	669.942437057047	2172.18335543053	5.594860434884e-06	0
chr20	47954170	48076444	chr20:46582914..46583760-chr20:46704536..46705187,2	200	.	47954170	48076444	16711680	2	846,651,	0,121623,	chr20	48064666	48065627	48065258	60	29	9	0	4.97350728712043e-06	5.88026026031912e-05	5880.26026031912	2.15870340829493e-05	2158.70340829493	3721.55685202419	0	0
chr20	48075662	54195929	chr20:46704405..46705661-chr20:52811576..52812468,11	1000	.	48075662	54195929	16711680	2	1256,892,	0,6119375,	chr20	53800320	53801731	53801003	66	47	12	0	1.33446625316669e-05	6.46828628635103e-05	6468.28628635103	3.49858828240902e-05	3498.58828240902	2969.69800394201	0	0
chr20	48075662	54195929	chr20:46704405..46705661-chr20:52811576..52812468,11	1000	.	48075662	54195929	16711680	2	1256,892,	0,6119375,	chr20	54132506	54133263	54132894	34	18	6	2.07937844720618e-09	7.04590817747208e-05	3.3321474808475e-05	3332.1474808475	1.33988487411409e-05	1339.88487411409	1992.26260673341	1.40652955697593e-05	0
chr20	48075953	54149660	chr20:46704696..46705362-chr20:52765431..52766199,3	300	.	48075953	54149660	16711680	2	666,768,	0,6072939,	chr20	53800320	53801731	53801003	66	47	12	0	1.33446625316669e-05	6.46828628635103e-05	6468.28628635103	3.49858828240902e-05	3498.58828240902	2969.69800394201	0	0
chr20	48075953	54149660	chr20:46704696..46705362-chr20:52765431..52766199,3	300	.	48075953	54149660	16711680	2	666,768,	0,6072939,	chr20	54132506	54133263	54132894	34	18	6	2.07937844720618e-09	7.04590817747208e-05	3.3321474808475e-05	3332.1474808475	1.33988487411409e-05	1339.88487411409	1992.26260673341	1.40652955697593e-05	0
chr20	48075983	54124240	chr20:46704726..46705304-chr20:52739986..52740779,2	200	.	48075983	54124240	16711680	2	578,793,	0,6047464,	chr20	53800320	53801731	53801003	66	47	12	0	1.33446625316669e-05	6.46828628635103e-05	6468.28628635103	3.49858828240902e-05	3498.58828240902	2969.69800394201	0	0
chr20	48571904	54124017	chr20:47188442..47188973-chr20:52739962..52740556,2	200	.	48571904	54124017	16711680	2	531,594,	0,5551519,	chr20	53800320	53801731	53801003	66	47	12	0	1.33446625316669e-05	6.46828628635103e-05	6468.28628635103	3.49858828240902e-05	3498.58828240902	2969.69800394201	0	0
chr20	48571915	54149631	chr20:47188453..47188965-chr20:52765584..52766170,2	200	.	48571915	54149631	16711680	2	512,586,	0,5577130,	chr20	53800320	53801731	53801003	66	47	12	0	1.33446625316669e-05	6.46828628635103e-05	6468.28628635103	3.49858828240902e-05	3498.58828240902	2969.69800394201	0	0
chr20	48571915	54149631	chr20:47188453..47188965-chr20:52765584..52766170,2	200	.	48571915	54149631	16711680	2	512,586,	0,5577130,	chr20	54132506	54133263	54132894	34	18	6	2.07937844720618e-09	7.04590817747208e-05	3.3321474808475e-05	3332.1474808475	1.33988487411409e-05	1339.88487411409	1992.26260673341	1.40652955697593e-05	0
chr20	48572031	54195941	chr20:47188569..47189430-chr20:52811887..52812480,3	300	.	48572031	54195941	16711680	2	861,593,	0,5623317,	chr20	53800320	53801731	53801003	66	47	12	0	1.33446625316669e-05	6.46828628635103e-05	6468.28628635103	3.49858828240902e-05	3498.58828240902	2969.69800394201	0	0
chr20	48572031	54195941	chr20:47188569..47189430-chr20:52811887..52812480,3	300	.	48572031	54195941	16711680	2	861,593,	0,5623317,	chr20	54132506	54133263	54132894	34	18	6	2.07937844720618e-09	7.04590817747208e-05	3.3321474808475e-05	3332.1474808475	1.33988487411409e-05	1339.88487411409	1992.26260673341	1.40652955697593e-05	0
chr20	48864158	54124360	chr20:47480695..47481839-chr20:52739928..52740899,4	400	.	48864158	54124360	16711680	2	1144,971,	0,5259231,	chr20	53800320	53801731	53801003	66	47	12	0	1.33446625316669e-05	6.46828628635103e-05	6468.28628635103	3.49858828240902e-05	3498.58828240902	2969.69800394201	0	0
chr20	48864488	54149669	chr20:47481025..47481946-chr20:52765386..52766208,6	600	.	48864488	54149669	16711680	2	921,822,	0,5284359,	chr20	53800320	53801731	53801003	66	47	12	0	1.33446625316669e-05	6.46828628635103e-05	6468.28628635103	3.49858828240902e-05	3498.58828240902	2969.69800394201	0	0
chr20	48864488	54149669	chr20:47481025..47481946-chr20:52765386..52766208,6	600	.	48864488	54149669	16711680	2	921,822,	0,5284359,	chr20	54132506	54133263	54132894	34	18	6	2.07937844720618e-09	7.04590817747208e-05	3.3321474808475e-05	3332.1474808475	1.33988487411409e-05	1339.88487411409	1992.26260673341	1.40652955697593e-05	0
chr20	50656835	63666015	chr20:49273372..49273971-chr20:62296826..62297368,2	200	.	50656835	63666015	16711680	2	599,542,	0,13008638,	chr20	53800320	53801731	53801003	66	47	12	0	1.33446625316669e-05	6.46828628635103e-05	6468.28628635103	3.49858828240902e-05	3498.58828240902	2969.69800394201	0	0
chr20	50656835	63666015	chr20:49273372..49273971-chr20:62296826..62297368,2	200	.	50656835	63666015	16711680	2	599,542,	0,13008638,	chr20	56814321	56814910	56814597	29	12	5	2.76119349607029e-10	0.000172465711892555	2.84212579248758e-05	2842.12579248758	8.93256582742729e-06	893.25658274273	1948.86920974485	2.25007158680042e-06	0
chr20	50656835	63666015	chr20:49273372..49273971-chr20:62296826..62297368,2	200	.	50656835	63666015	16711680	2	599,542,	0,13008638,	chr20	57710573	57711143	57710829	27	7	8	4.87521167880089e-09	7.26935535200202e-06	2.6461171171436e-05	2646.1171171436	5.21066339933259e-06	521.066339933259	2125.05077721035	3.02793315817923e-05	0
chr20	50656835	63666015	chr20:49273372..49273971-chr20:62296826..62297368,2	200	.	50656835	63666015	16711680	2	599,542,	0,13008638,	chr20	58111855	58112575	58112102	25	9	6	2.35024844030818e-09	0.00026380920384006	2.45010844179963e-05	2450.10844179963	6.69942437057047e-06	669.942437057047	1780.16600474259	1.55511586983266e-05	0
chr20	50656835	63666015	chr20:49273372..49273971-chr20:62296826..62297368,2	200	.	50656835	63666015	16711680	2	599,542,	0,13008638,	chr20	54132506	54133263	54132894	34	18	6	2.07937844720618e-09	7.04590817747208e-05	3.3321474808475e-05	3332.1474808475	1.33988487411409e-05	1339.88487411409	1992.26260673341	1.40652955697593e-05	0
chr20	50678080	63864442	chr20:49294617..49295196-chr20:62495119..62495795,2	200	.	50678080	63864442	16711680	2	579,676,	0,13185686,	chr20	53800320	53801731	53801003	66	47	12	0	1.33446625316669e-05	6.46828628635103e-05	6468.28628635103	3.49858828240902e-05	3498.58828240902	2969.69800394201	0	0
chr20	50678080	63864442	chr20:49294617..49295196-chr20:62495119..62495795,2	200	.	50678080	63864442	16711680	2	579,676,	0,13185686,	chr20	56814321	56814910	56814597	29	12	5	2.76119349607029e-10	0.000172465711892555	2.84212579248758e-05	2842.12579248758	8.93256582742729e-06	893.25658274273	1948.86920974485	2.25007158680042e-06	0
chr20	50678080	63864442	chr20:49294617..49295196-chr20:62495119..62495795,2	200	.	50678080	63864442	16711680	2	579,676,	0,13185686,	chr20	57710573	57711143	57710829	27	7	8	4.87521167880089e-09	7.26935535200202e-06	2.6461171171436e-05	2646.1171171436	5.21066339933259e-06	521.066339933259	2125.05077721035	3.02793315817923e-05	0
chr20	50678080	63864442	chr20:49294617..49295196-chr20:62495119..62495795,2	200	.	50678080	63864442	16711680	2	579,676,	0,13185686,	chr20	58111855	58112575	58112102	25	9	6	2.35024844030818e-09	0.00026380920384006	2.45010844179963e-05	2450.10844179963	6.69942437057047e-06	669.942437057047	1780.16600474259	1.55511586983266e-05	0
chr20	50678080	63864442	chr20:49294617..49295196-chr20:62495119..62495795,2	200	.	50678080	63864442	16711680	2	579,676,	0,13185686,	chr20	54132506	54133263	54132894	34	18	6	2.07937844720618e-09	7.04590817747208e-05	3.3321474808475e-05	3332.1474808475	1.33988487411409e-05	1339.88487411409	1992.26260673341	1.40652955697593e-05	0
chr20	50727036	54127706	chr20:49343573..49344377-chr20:52743412..52744245,3	300	.	50727036	54127706	16711680	2	804,833,	0,3399837,	chr20	53800320	53801731	53801003	66	47	12	0	1.33446625316669e-05	6.46828628635103e-05	6468.28628635103	3.49858828240902e-05	3498.58828240902	2969.69800394201	0	0
chr20	50727073	54124300	chr20:49343610..49344768-chr20:52739740..52740839,12	1000	.	50727073	54124300	16711680	2	1158,1099,	0,3396128,	chr20	53800320	53801731	53801003	66	47	12	0	1.33446625316669e-05	6.46828628635103e-05	6468.28628635103	3.49858828240902e-05	3498.58828240902	2969.69800394201	0	0
chr20	50727090	54195928	chr20:49343627..49344448-chr20:52811576..52812467,8	800	.	50727090	54195928	16711680	2	821,891,	0,3467947,	chr20	53800320	53801731	53801003	66	47	12	0	1.33446625316669e-05	6.46828628635103e-05	6468.28628635103	3.49858828240902e-05	3498.58828240902	2969.69800394201	0	0
chr20	50727090	54195928	chr20:49343627..49344448-chr20:52811576..52812467,8	800	.	50727090	54195928	16711680	2	821,891,	0,3467947,	chr20	54132506	54133263	54132894	34	18	6	2.07937844720618e-09	7.04590817747208e-05	3.3321474808475e-05	3332.1474808475	1.33988487411409e-05	1339.88487411409	1992.26260673341	1.40652955697593e-05	0
chr20	50727091	63864384	chr20:49343628..49344471-chr20:62495132..62495737,3	300	.	50727091	63864384	16711680	2	843,605,	0,13136688,	chr20	53800320	53801731	53801003	66	47	12	0	1.33446625316669e-05	6.46828628635103e-05	6468.28628635103	3.49858828240902e-05	3498.58828240902	2969.69800394201	0	0
chr20	50727091	63864384	chr20:49343628..49344471-chr20:62495132..62495737,3	300	.	50727091	63864384	16711680	2	843,605,	0,13136688,	chr20	56814321	56814910	56814597	29	12	5	2.76119349607029e-10	0.000172465711892555	2.84212579248758e-05	2842.12579248758	8.93256582742729e-06	893.25658274273	1948.86920974485	2.25007158680042e-06	0
chr20	50727091	63864384	chr20:49343628..49344471-chr20:62495132..62495737,3	300	.	50727091	63864384	16711680	2	843,605,	0,13136688,	chr20	57710573	57711143	57710829	27	7	8	4.87521167880089e-09	7.26935535200202e-06	2.6461171171436e-05	2646.1171171436	5.21066339933259e-06	521.066339933259	2125.05077721035	3.02793315817923e-05	0
chr20	50727091	63864384	chr20:49343628..49344471-chr20:62495132..62495737,3	300	.	50727091	63864384	16711680	2	843,605,	0,13136688,	chr20	58111855	58112575	58112102	25	9	6	2.35024844030818e-09	0.00026380920384006	2.45010844179963e-05	2450.10844179963	6.69942437057047e-06	669.942437057047	1780.16600474259	1.55511586983266e-05	0
chr20	50727091	63864384	chr20:49343628..49344471-chr20:62495132..62495737,3	300	.	50727091	63864384	16711680	2	843,605,	0,13136688,	chr20	54132506	54133263	54132894	34	18	6	2.07937844720618e-09	7.04590817747208e-05	3.3321474808475e-05	3332.1474808475	1.33988487411409e-05	1339.88487411409	1992.26260673341	1.40652955697593e-05	0
chr20	50727102	57263124	chr20:49343639..49344493-chr20:55837411..55838180,2	200	.	50727102	57263124	16711680	2	854,769,	0,6535253,	chr20	53800320	53801731	53801003	66	47	12	0	1.33446625316669e-05	6.46828628635103e-05	6468.28628635103	3.49858828240902e-05	3498.58828240902	2969.69800394201	0	0
chr20	50727102	57263124	chr20:49343639..49344493-chr20:55837411..55838180,2	200	.	50727102	57263124	16711680	2	854,769,	0,6535253,	chr20	56814321	56814910	56814597	29	12	5	2.76119349607029e-10	0.000172465711892555	2.84212579248758e-05	2842.12579248758	8.93256582742729e-06	893.25658274273	1948.86920974485	2.25007158680042e-06	0
chr20	50727102	57263124	chr20:49343639..49344493-chr20:55837411..55838180,2	200	.	50727102	57263124	16711680	2	854,769,	0,6535253,	chr20	54132506	54133263	54132894	34	18	6	2.07937844720618e-09	7.04590817747208e-05	3.3321474808475e-05	3332.1474808475	1.33988487411409e-05	1339.88487411409	1992.26260673341	1.40652955697593e-05	0
chr20	50727106	54149736	chr20:49343643..49344527-chr20:52765356..52766275,9	900	.	50727106	54149736	16711680	2	884,919,	0,3421711,	chr20	53800320	53801731	53801003	66	47	12	0	1.33446625316669e-05	6.46828628635103e-05	6468.28628635103	3.49858828240902e-05	3498.58828240902	2969.69800394201	0	0
chr20	50727106	54149736	chr20:49343643..49344527-chr20:52765356..52766275,9	900	.	50727106	54149736	16711680	2	884,919,	0,3421711,	chr20	54132506	54133263	54132894	34	18	6	2.07937844720618e-09	7.04590817747208e-05	3.3321474808475e-05	3332.1474808475	1.33988487411409e-05	1339.88487411409	1992.26260673341	1.40652955697593e-05	0
chr20	50763776	54149750	chr20:49380313..49381331-chr20:52765364..52766289,7	700	.	50763776	54149750	16711680	2	1018,925,	0,3385049,	chr20	53800320	53801731	53801003	66	47	12	0	1.33446625316669e-05	6.46828628635103e-05	6468.28628635103	3.49858828240902e-05	3498.58828240902	2969.69800394201	0	0
chr20	50763776	54149750	chr20:49380313..49381331-chr20:52765364..52766289,7	700	.	50763776	54149750	16711680	2	1018,925,	0,3385049,	chr20	54132506	54133263	54132894	34	18	6	2.07937844720618e-09	7.04590817747208e-05	3.3321474808475e-05	3332.1474808475	1.33988487411409e-05	1339.88487411409	1992.26260673341	1.40652955697593e-05	0
chr20	50763971	54124518	chr20:49380508..49381298-chr20:52739964..52741057,3	300	.	50763971	54124518	16711680	2	790,1093,	0,3359454,	chr20	53800320	53801731	53801003	66	47	12	0	1.33446625316669e-05	6.46828628635103e-05	6468.28628635103	3.49858828240902e-05	3498.58828240902	2969.69800394201	0	0
chr20	50764210	54195906	chr20:49380747..49381254-chr20:52811935..52812445,2	200	.	50764210	54195906	16711680	2	507,510,	0,3431186,	chr20	53800320	53801731	53801003	66	47	12	0	1.33446625316669e-05	6.46828628635103e-05	6468.28628635103	3.49858828240902e-05	3498.58828240902	2969.69800394201	0	0
chr20	50764210	54195906	chr20:49380747..49381254-chr20:52811935..52812445,2	200	.	50764210	54195906	16711680	2	507,510,	0,3431186,	chr20	54132506	54133263	54132894	34	18	6	2.07937844720618e-09	7.04590817747208e-05	3.3321474808475e-05	3332.1474808475	1.33988487411409e-05	1339.88487411409	1992.26260673341	1.40652955697593e-05	0
chr20	53607971	54124322	chr20:52224510..52225382-chr20:52740058..52740861,3	300	.	53607971	54124322	16711680	2	872,803,	0,515548,	chr20	53800320	53801731	53801003	66	47	12	0	1.33446625316669e-05	6.46828628635103e-05	6468.28628635103	3.49858828240902e-05	3498.58828240902	2969.69800394201	0	0
chr20	53607993	54149627	chr20:52224532..52225329-chr20:52765348..52766166,4	400	.	53607993	54149627	16711680	2	797,818,	0,540816,	chr20	53800320	53801731	53801003	66	47	12	0	1.33446625316669e-05	6.46828628635103e-05	6468.28628635103	3.49858828240902e-05	3498.58828240902	2969.69800394201	0	0
chr20	53607993	54149627	chr20:52224532..52225329-chr20:52765348..52766166,4	400	.	53607993	54149627	16711680	2	797,818,	0,540816,	chr20	54132506	54133263	54132894	34	18	6	2.07937844720618e-09	7.04590817747208e-05	3.3321474808475e-05	3332.1474808475	1.33988487411409e-05	1339.88487411409	1992.26260673341	1.40652955697593e-05	0
chr20	53608039	54195876	chr20:52224578..52225376-chr20:52811636..52812415,3	300	.	53608039	54195876	16711680	2	798,779,	0,587058,	chr20	53800320	53801731	53801003	66	47	12	0	1.33446625316669e-05	6.46828628635103e-05	6468.28628635103	3.49858828240902e-05	3498.58828240902	2969.69800394201	0	0
chr20	53608039	54195876	chr20:52224578..52225376-chr20:52811636..52812415,3	300	.	53608039	54195876	16711680	2	798,779,	0,587058,	chr20	54132506	54133263	54132894	34	18	6	2.07937844720618e-09	7.04590817747208e-05	3.3321474808475e-05	3332.1474808475	1.33988487411409e-05	1339.88487411409	1992.26260673341	1.40652955697593e-05	0
chr20	53660808	54149739	chr20:52277347..52278945-chr20:52765329..52766278,10	1000	.	53660808	54149739	16711680	2	1598,949,	0,487982,	chr20	53800320	53801731	53801003	66	47	12	0	1.33446625316669e-05	6.46828628635103e-05	6468.28628635103	3.49858828240902e-05	3498.58828240902	2969.69800394201	0	0
chr20	53660808	54149739	chr20:52277347..52278945-chr20:52765329..52766278,10	1000	.	53660808	54149739	16711680	2	1598,949,	0,487982,	chr20	54132506	54133263	54132894	34	18	6	2.07937844720618e-09	7.04590817747208e-05	3.3321474808475e-05	3332.1474808475	1.33988487411409e-05	1339.88487411409	1992.26260673341	1.40652955697593e-05	0
chr20	53661489	54195963	chr20:52278028..52278954-chr20:52811294..52812502,10	1000	.	53661489	54195963	16711680	2	926,1208,	0,533266,	chr20	53800320	53801731	53801003	66	47	12	0	1.33446625316669e-05	6.46828628635103e-05	6468.28628635103	3.49858828240902e-05	3498.58828240902	2969.69800394201	0	0
chr20	53661489	54195963	chr20:52278028..52278954-chr20:52811294..52812502,10	1000	.	53661489	54195963	16711680	2	926,1208,	0,533266,	chr20	54132506	54133263	54132894	34	18	6	2.07937844720618e-09	7.04590817747208e-05	3.3321474808475e-05	3332.1474808475	1.33988487411409e-05	1339.88487411409	1992.26260673341	1.40652955697593e-05	0
chr20	53661511	54124310	chr20:52278050..52278914-chr20:52739934..52740849,4	400	.	53661511	54124310	16711680	2	864,915,	0,461884,	chr20	53800320	53801731	53801003	66	47	12	0	1.33446625316669e-05	6.46828628635103e-05	6468.28628635103	3.49858828240902e-05	3498.58828240902	2969.69800394201	0	0
chr20	53661522	53983567	chr20:52278061..52278601-chr20:52599248..52600106,2	200	.	53661522	53983567	16711680	2	540,858,	0,321187,	chr20	53800320	53801731	53801003	66	47	12	0	1.33446625316669e-05	6.46828628635103e-05	6468.28628635103	3.49858828240902e-05	3498.58828240902	2969.69800394201	0	0
chr20	53661529	57264083	chr20:52278068..52279052-chr20:55837939..55839139,4	400	.	53661529	57264083	16711680	2	984,1200,	0,3601354,	chr20	53800320	53801731	53801003	66	47	12	0	1.33446625316669e-05	6.46828628635103e-05	6468.28628635103	3.49858828240902e-05	3498.58828240902	2969.69800394201	0	0
chr20	53661529	57264083	chr20:52278068..52279052-chr20:55837939..55839139,4	400	.	53661529	57264083	16711680	2	984,1200,	0,3601354,	chr20	56814321	56814910	56814597	29	12	5	2.76119349607029e-10	0.000172465711892555	2.84212579248758e-05	2842.12579248758	8.93256582742729e-06	893.25658274273	1948.86920974485	2.25007158680042e-06	0
chr20	53661529	57264083	chr20:52278068..52279052-chr20:55837939..55839139,4	400	.	53661529	57264083	16711680	2	984,1200,	0,3601354,	chr20	54132506	54133263	54132894	34	18	6	2.07937844720618e-09	7.04590817747208e-05	3.3321474808475e-05	3332.1474808475	1.33988487411409e-05	1339.88487411409	1992.26260673341	1.40652955697593e-05	0
chr20	53661844	53866878	chr20:52278383..52278965-chr20:52482508..52483417,2	200	.	53661844	53866878	16711680	2	582,909,	0,204125,	chr20	53800320	53801731	53801003	66	47	12	0	1.33446625316669e-05	6.46828628635103e-05	6468.28628635103	3.49858828240902e-05	3498.58828240902	2969.69800394201	0	0
chr20	53724848	57263619	chr20:52341387..52341931-chr20:55838149..55838675,2	200	.	53724848	57263619	16711680	2	544,526,	0,3538245,	chr20	53800320	53801731	53801003	66	47	12	0	1.33446625316669e-05	6.46828628635103e-05	6468.28628635103	3.49858828240902e-05	3498.58828240902	2969.69800394201	0	0
chr20	53724848	57263619	chr20:52341387..52341931-chr20:55838149..55838675,2	200	.	53724848	57263619	16711680	2	544,526,	0,3538245,	chr20	56814321	56814910	56814597	29	12	5	2.76119349607029e-10	0.000172465711892555	2.84212579248758e-05	2842.12579248758	8.93256582742729e-06	893.25658274273	1948.86920974485	2.25007158680042e-06	0
chr20	53724848	57263619	chr20:52341387..52341931-chr20:55838149..55838675,2	200	.	53724848	57263619	16711680	2	544,526,	0,3538245,	chr20	54132506	54133263	54132894	34	18	6	2.07937844720618e-09	7.04590817747208e-05	3.3321474808475e-05	3332.1474808475	1.33988487411409e-05	1339.88487411409	1992.26260673341	1.40652955697593e-05	0
chr20	53724928	54195800	chr20:52341467..52342256-chr20:52811552..52812339,2	200	.	53724928	54195800	16711680	2	789,787,	0,470085,	chr20	53800320	53801731	53801003	66	47	12	0	1.33446625316669e-05	6.46828628635103e-05	6468.28628635103	3.49858828240902e-05	3498.58828240902	2969.69800394201	0	0
chr20	53724928	54195800	chr20:52341467..52342256-chr20:52811552..52812339,2	200	.	53724928	54195800	16711680	2	789,787,	0,470085,	chr20	54132506	54133263	54132894	34	18	6	2.07937844720618e-09	7.04590817747208e-05	3.3321474808475e-05	3332.1474808475	1.33988487411409e-05	1339.88487411409	1992.26260673341	1.40652955697593e-05	0
chr20	53805002	54149422	chr20:52421541..52422373-chr20:52765421..52765961,2	200	.	53805002	54149422	16711680	2	832,540,	0,343880,	chr20	54132506	54133263	54132894	34	18	6	2.07937844720618e-09	7.04590817747208e-05	3.3321474808475e-05	3332.1474808475	1.33988487411409e-05	1339.88487411409	1992.26260673341	1.40652955697593e-05	0
chr20	53979666	54149385	chr20:52596205..52597011-chr20:52765364..52765924,2	200	.	53979666	54149385	16711680	2	806,560,	0,169159,	chr20	54132506	54133263	54132894	34	18	6	2.07937844720618e-09	7.04590817747208e-05	3.3321474808475e-05	3332.1474808475	1.33988487411409e-05	1339.88487411409	1992.26260673341	1.40652955697593e-05	0
chr20	53979747	54195635	chr20:52596286..52597038-chr20:52811502..52812174,4	400	.	53979747	54195635	16711680	2	752,672,	0,215216,	chr20	54132506	54133263	54132894	34	18	6	2.07937844720618e-09	7.04590817747208e-05	3.3321474808475e-05	3332.1474808475	1.33988487411409e-05	1339.88487411409	1992.26260673341	1.40652955697593e-05	0
chr20	53982565	54195998	chr20:52599104..52600037-chr20:52811545..52812537,13	1000	.	53982565	54195998	16711680	2	933,992,	0,212441,	chr20	54132506	54133263	54132894	34	18	6	2.07937844720618e-09	7.04590817747208e-05	3.3321474808475e-05	3332.1474808475	1.33988487411409e-05	1339.88487411409	1992.26260673341	1.40652955697593e-05	0
chr20	53982681	54149675	chr20:52599220..52600094-chr20:52765356..52766214,8	800	.	53982681	54149675	16711680	2	874,858,	0,166136,	chr20	54132506	54133263	54132894	34	18	6	2.07937844720618e-09	7.04590817747208e-05	3.3321474808475e-05	3332.1474808475	1.33988487411409e-05	1339.88487411409	1992.26260673341	1.40652955697593e-05	0
chr20	54070288	54195831	chr20:52686827..52687794-chr20:52811640..52812370,4	400	.	54070288	54195831	16711680	2	967,730,	0,124813,	chr20	54132506	54133263	54132894	34	18	6	2.07937844720618e-09	7.04590817747208e-05	3.3321474808475e-05	3332.1474808475	1.33988487411409e-05	1339.88487411409	1992.26260673341	1.40652955697593e-05	0
chr20	54084699	54196016	chr20:52701238..52702114-chr20:52811547..52812555,3	300	.	54084699	54196016	16711680	2	876,1008,	0,110309,	chr20	54132506	54133263	54132894	34	18	6	2.07937844720618e-09	7.04590817747208e-05	3.3321474808475e-05	3332.1474808475	1.33988487411409e-05	1339.88487411409	1992.26260673341	1.40652955697593e-05	0
chr20	54084766	54149708	chr20:52701305..52702094-chr20:52765727..52766247,2	200	.	54084766	54149708	16711680	2	789,520,	0,64422,	chr20	54132506	54133263	54132894	34	18	6	2.07937844720618e-09	7.04590817747208e-05	3.3321474808475e-05	3332.1474808475	1.33988487411409e-05	1339.88487411409	1992.26260673341	1.40652955697593e-05	0
chr20	54086778	54149746	chr20:52703317..52704240-chr20:52765410..52766285,3	300	.	54086778	54149746	16711680	2	923,875,	0,62093,	chr20	54132506	54133263	54132894	34	18	6	2.07937844720618e-09	7.04590817747208e-05	3.3321474808475e-05	3332.1474808475	1.33988487411409e-05	1339.88487411409	1992.26260673341	1.40652955697593e-05	0
chr20	54086829	54195649	chr20:52703368..52704204-chr20:52811305..52812188,2	200	.	54086829	54195649	16711680	2	836,883,	0,107937,	chr20	54132506	54133263	54132894	34	18	6	2.07937844720618e-09	7.04590817747208e-05	3.3321474808475e-05	3332.1474808475	1.33988487411409e-05	1339.88487411409	1992.26260673341	1.40652955697593e-05	0
chr20	54090510	54196068	chr20:52707049..52707910-chr20:52811675..52812607,2	200	.	54090510	54196068	16711680	2	861,932,	0,104626,	chr20	54132506	54133263	54132894	34	18	6	2.07937844720618e-09	7.04590817747208e-05	3.3321474808475e-05	3332.1474808475	1.33988487411409e-05	1339.88487411409	1992.26260673341	1.40652955697593e-05	0
chr20	54099211	54195995	chr20:52715750..52716723-chr20:52811566..52812534,17	1000	.	54099211	54195995	16711680	2	973,968,	0,95816,	chr20	54132506	54133263	54132894	34	18	6	2.07937844720618e-09	7.04590817747208e-05	3.3321474808475e-05	3332.1474808475	1.33988487411409e-05	1339.88487411409	1992.26260673341	1.40652955697593e-05	0
chr20	54099239	54149802	chr20:52715778..52716806-chr20:52765023..52766341,13	1000	.	54099239	54149802	16711680	2	1028,1318,	0,49245,	chr20	54132506	54133263	54132894	34	18	6	2.07937844720618e-09	7.04590817747208e-05	3.3321474808475e-05	3332.1474808475	1.33988487411409e-05	1339.88487411409	1992.26260673341	1.40652955697593e-05	0
chr20	54101934	54195951	chr20:52718473..52720185-chr20:52811223..52812490,9	900	.	54101934	54195951	16711680	2	1712,1267,	0,92750,	chr20	54132506	54133263	54132894	34	18	6	2.07937844720618e-09	7.04590817747208e-05	3.3321474808475e-05	3332.1474808475	1.33988487411409e-05	1339.88487411409	1992.26260673341	1.40652955697593e-05	0
chr20	54102207	54149670	chr20:52718746..52719361-chr20:52765699..52766209,2	200	.	54102207	54149670	16711680	2	615,510,	0,46953,	chr20	54132506	54133263	54132894	34	18	6	2.07937844720618e-09	7.04590817747208e-05	3.3321474808475e-05	3332.1474808475	1.33988487411409e-05	1339.88487411409	1992.26260673341	1.40652955697593e-05	0
chr20	54103812	54196017	chr20:52720351..52721444-chr20:52811556..52812556,11	1000	.	54103812	54196017	16711680	2	1093,1000,	0,91205,	chr20	54132506	54133263	54132894	34	18	6	2.07937844720618e-09	7.04590817747208e-05	3.3321474808475e-05	3332.1474808475	1.33988487411409e-05	1339.88487411409	1992.26260673341	1.40652955697593e-05	0
chr20	54103814	54149763	chr20:52720353..52721347-chr20:52765343..52766302,16	1000	.	54103814	54149763	16711680	2	994,959,	0,44990,	chr20	54132506	54133263	54132894	34	18	6	2.07937844720618e-09	7.04590817747208e-05	3.3321474808475e-05	3332.1474808475	1.33988487411409e-05	1339.88487411409	1992.26260673341	1.40652955697593e-05	0
chr20	54107592	54195981	chr20:52724131..52725049-chr20:52811640..52812520,3	300	.	54107592	54195981	16711680	2	918,880,	0,87509,	chr20	54132506	54133263	54132894	34	18	6	2.07937844720618e-09	7.04590817747208e-05	3.3321474808475e-05	3332.1474808475	1.33988487411409e-05	1339.88487411409	1992.26260673341	1.40652955697593e-05	0
chr20	54107648	54149696	chr20:52724187..52724972-chr20:52765344..52766235,2	200	.	54107648	54149696	16711680	2	785,891,	0,41157,	chr20	54132506	54133263	54132894	34	18	6	2.07937844720618e-09	7.04590817747208e-05	3.3321474808475e-05	3332.1474808475	1.33988487411409e-05	1339.88487411409	1992.26260673341	1.40652955697593e-05	0
chr20	54109994	54195940	chr20:52726533..52727451-chr20:52811544..52812479,2	200	.	54109994	54195940	16711680	2	918,935,	0,85011,	chr20	54132506	54133263	54132894	34	18	6	2.07937844720618e-09	7.04590817747208e-05	3.3321474808475e-05	3332.1474808475	1.33988487411409e-05	1339.88487411409	1992.26260673341	1.40652955697593e-05	0
chr20	54123039	54149828	chr20:52739578..52741059-chr20:52765012..52766367,586	1000	.	54123039	54149828	16711680	2	1481,1355,	0,25434,	chr20	54132506	54133263	54132894	34	18	6	2.07937844720618e-09	7.04590817747208e-05	3.3321474808475e-05	3332.1474808475	1.33988487411409e-05	1339.88487411409	1992.26260673341	1.40652955697593e-05	0
chr20	54123195	54196848	chr20:52739734..52741479-chr20:52811006..52813387,532	1000	.	54123195	54196848	16711680	2	1745,2381,	0,71272,	chr20	54132506	54133263	54132894	34	18	6	2.07937844720618e-09	7.04590817747208e-05	3.3321474808475e-05	3332.1474808475	1.33988487411409e-05	1339.88487411409	1992.26260673341	1.40652955697593e-05	0
chr20	54123405	57263651	chr20:52739944..52740757-chr20:55838175..55838707,2	200	.	54123405	57263651	16711680	2	813,532,	0,3139714,	chr20	56814321	56814910	56814597	29	12	5	2.76119349607029e-10	0.000172465711892555	2.84212579248758e-05	2842.12579248758	8.93256582742729e-06	893.25658274273	1948.86920974485	2.25007158680042e-06	0
chr20	54123405	57263651	chr20:52739944..52740757-chr20:55838175..55838707,2	200	.	54123405	57263651	16711680	2	813,532,	0,3139714,	chr20	54132506	54133263	54132894	34	18	6	2.07937844720618e-09	7.04590817747208e-05	3.3321474808475e-05	3332.1474808475	1.33988487411409e-05	1339.88487411409	1992.26260673341	1.40652955697593e-05	0
chr20	54123429	54269564	chr20:52739968..52740956-chr20:52885332..52886103,2	200	.	54123429	54269564	16711680	2	988,771,	0,145364,	chr20	54132506	54133263	54132894	34	18	6	2.07937844720618e-09	7.04590817747208e-05	3.3321474808475e-05	3332.1474808475	1.33988487411409e-05	1339.88487411409	1992.26260673341	1.40652955697593e-05	0
chr20	54123720	54152398	chr20:52740259..52740856-chr20:52768240..52768937,2	200	.	54123720	54152398	16711680	2	597,697,	0,27981,	chr20	54132506	54133263	54132894	34	18	6	2.07937844720618e-09	7.04590817747208e-05	3.3321474808475e-05	3332.1474808475	1.33988487411409e-05	1339.88487411409	1992.26260673341	1.40652955697593e-05	0
chr20	54126217	54196022	chr20:52742756..52744375-chr20:52811104..52812561,187	1000	.	54126217	54196022	16711680	2	1619,1457,	0,68348,	chr20	54132506	54133263	54132894	34	18	6	2.07937844720618e-09	7.04590817747208e-05	3.3321474808475e-05	3332.1474808475	1.33988487411409e-05	1339.88487411409	1992.26260673341	1.40652955697593e-05	0
chr20	54126631	54149807	chr20:52743170..52744431-chr20:52765148..52766346,200	1000	.	54126631	54149807	16711680	2	1261,1198,	0,21978,	chr20	54132506	54133263	54132894	34	18	6	2.07937844720618e-09	7.04590817747208e-05	3.3321474808475e-05	3332.1474808475	1.33988487411409e-05	1339.88487411409	1992.26260673341	1.40652955697593e-05	0
chr20	54148735	57263705	chr20:52765274..52766299-chr20:55837767..55838761,6	600	.	54148735	57263705	16711680	2	1025,994,	0,3113976,	chr20	56814321	56814910	56814597	29	12	5	2.76119349607029e-10	0.000172465711892555	2.84212579248758e-05	2842.12579248758	8.93256582742729e-06	893.25658274273	1948.86920974485	2.25007158680042e-06	0
chr20	54194614	57157837	chr20:52811153..52812089-chr20:55732008..55732893,2	200	.	54194614	57157837	16711680	2	936,885,	0,2962338,	chr20	56814321	56814910	56814597	29	12	5	2.76119349607029e-10	0.000172465711892555	2.84212579248758e-05	2842.12579248758	8.93256582742729e-06	893.25658274273	1948.86920974485	2.25007158680042e-06	0
chr20	54195074	57263606	chr20:52811613..52812255-chr20:55838036..55838662,2	200	.	54195074	57263606	16711680	2	642,626,	0,3067906,	chr20	56814321	56814910	56814597	29	12	5	2.76119349607029e-10	0.000172465711892555	2.84212579248758e-05	2842.12579248758	8.93256582742729e-06	893.25658274273	1948.86920974485	2.25007158680042e-06	0
chr20	56734911	56955420	chr20:55309967..55310940-chr20:55529565..55530476,3	300	.	56734911	56955420	16711680	2	973,911,	0,219598,	chr20	56814321	56814910	56814597	29	12	5	2.76119349607029e-10	0.000172465711892555	2.84212579248758e-05	2842.12579248758	8.93256582742729e-06	893.25658274273	1948.86920974485	2.25007158680042e-06	0
chr20	56734948	56919842	chr20:55310004..55310858-chr20:55493841..55494898,6	600	.	56734948	56919842	16711680	2	854,1057,	0,183837,	chr20	56814321	56814910	56814597	29	12	5	2.76119349607029e-10	0.000172465711892555	2.84212579248758e-05	2842.12579248758	8.93256582742729e-06	893.25658274273	1948.86920974485	2.25007158680042e-06	0
chr20	56735039	56937233	chr20:55310095..55310948-chr20:55511359..55512289,5	500	.	56735039	56937233	16711680	2	853,930,	0,201264,	chr20	56814321	56814910	56814597	29	12	5	2.76119349607029e-10	0.000172465711892555	2.84212579248758e-05	2842.12579248758	8.93256582742729e-06	893.25658274273	1948.86920974485	2.25007158680042e-06	0
chr20	56735113	56890833	chr20:55310169..55310680-chr20:55465111..55465889,2	200	.	56735113	56890833	16711680	2	511,778,	0,154942,	chr20	56814321	56814910	56814597	29	12	5	2.76119349607029e-10	0.000172465711892555	2.84212579248758e-05	2842.12579248758	8.93256582742729e-06	893.25658274273	1948.86920974485	2.25007158680042e-06	0
chr20	56758442	56890811	chr20:55333498..55334485-chr20:55464724..55465867,11	1000	.	56758442	56890811	16711680	2	987,1143,	0,131226,	chr20	56814321	56814910	56814597	29	12	5	2.76119349607029e-10	0.000172465711892555	2.84212579248758e-05	2842.12579248758	8.93256582742729e-06	893.25658274273	1948.86920974485	2.25007158680042e-06	0
chr20	56758480	56919860	chr20:55333536..55334503-chr20:55493897..55494916,11	1000	.	56758480	56919860	16711680	2	967,1019,	0,160361,	chr20	56814321	56814910	56814597	29	12	5	2.76119349607029e-10	0.000172465711892555	2.84212579248758e-05	2842.12579248758	8.93256582742729e-06	893.25658274273	1948.86920974485	2.25007158680042e-06	0
chr20	56758506	56955377	chr20:55333562..55334504-chr20:55529531..55530433,4	400	.	56758506	56955377	16711680	2	942,902,	0,195969,	chr20	56814321	56814910	56814597	29	12	5	2.76119349607029e-10	0.000172465711892555	2.84212579248758e-05	2842.12579248758	8.93256582742729e-06	893.25658274273	1948.86920974485	2.25007158680042e-06	0
chr20	56758513	56937296	chr20:55333569..55334538-chr20:55511431..55512352,13	1000	.	56758513	56937296	16711680	2	969,921,	0,177862,	chr20	56814321	56814910	56814597	29	12	5	2.76119349607029e-10	0.000172465711892555	2.84212579248758e-05	2842.12579248758	8.93256582742729e-06	893.25658274273	1948.86920974485	2.25007158680042e-06	0
chr20	56758638	56974982	chr20:55333694..55334437-chr20:55549409..55550038,2	200	.	56758638	56974982	16711680	2	743,629,	0,215715,	chr20	56814321	56814910	56814597	29	12	5	2.76119349607029e-10	0.000172465711892555	2.84212579248758e-05	2842.12579248758	8.93256582742729e-06	893.25658274273	1948.86920974485	2.25007158680042e-06	0
chr20	57693409	58055539	chr20:56268465..56269557-chr20:56629680..56630595,5	500	.	57693409	58055539	16711680	2	1092,915,	0,361215,	chr20	57710573	57711143	57710829	27	7	8	4.87521167880089e-09	7.26935535200202e-06	2.6461171171436e-05	2646.1171171436	5.21066339933259e-06	521.066339933259	2125.05077721035	3.02793315817923e-05	0
chr20	57693653	58009482	chr20:56268709..56269582-chr20:56583656..56584538,3	300	.	57693653	58009482	16711680	2	873,882,	0,314947,	chr20	57710573	57711143	57710829	27	7	8	4.87521167880089e-09	7.26935535200202e-06	2.6461171171436e-05	2646.1171171436	5.21066339933259e-06	521.066339933259	2125.05077721035	3.02793315817923e-05	0
chr21	14863062	15587436	chr21:16235383..16236247-chr21:16959008..16959755,5	500	.	14863062	15587436	16711680	2	864,747,	0,723627,	chr21	15164451	15165523	15164756	24	14	8	6.81495992971293e-09	0.00091687497665538	2.35210410412765e-05	2352.10410412765	1.04213267986652e-05	1042.13267986652	1309.97142426113	4.13956749436197e-05	0
chr21	14863185	15210643	chr21:16235506..16236268-chr21:16582287..16582963,3	300	.	14863185	15210643	16711680	2	762,676,	0,346782,	chr21	15164451	15165523	15164756	24	14	8	6.81495992971293e-09	0.00091687497665538	2.35210410412765e-05	2352.10410412765	1.04213267986652e-05	1042.13267986652	1309.97142426113	4.13956749436197e-05	0
chr21	14863242	15173629	chr21:16235563..16236288-chr21:16545399..16545949,2	200	.	14863242	15173629	16711680	2	725,550,	0,309837,	chr21	15164451	15165523	15164756	24	14	8	6.81495992971293e-09	0.00091687497665538	2.35210410412765e-05	2352.10410412765	1.04213267986652e-05	1042.13267986652	1309.97142426113	4.13956749436197e-05	0
chr21	15003030	15200314	chr21:16375351..16376357-chr21:16571993..16572634,4	400	.	15003030	15200314	16711680	2	1006,641,	0,196643,	chr21	15164451	15165523	15164756	24	14	8	6.81495992971293e-09	0.00091687497665538	2.35210410412765e-05	2352.10410412765	1.04213267986652e-05	1042.13267986652	1309.97142426113	4.13956749436197e-05	0
chr21	15003092	15342988	chr21:16375413..16376190-chr21:16714500..16715307,2	200	.	15003092	15342988	16711680	2	777,807,	0,339089,	chr21	15164451	15165523	15164756	24	14	8	6.81495992971293e-09	0.00091687497665538	2.35210410412765e-05	2352.10410412765	1.04213267986652e-05	1042.13267986652	1309.97142426113	4.13956749436197e-05	0
chr21	15003112	15210922	chr21:16375433..16376422-chr21:16582096..16583242,10	1000	.	15003112	15210922	16711680	2	989,1146,	0,206664,	chr21	15164451	15165523	15164756	24	14	8	6.81495992971293e-09	0.00091687497665538	2.35210410412765e-05	2352.10410412765	1.04213267986652e-05	1042.13267986652	1309.97142426113	4.13956749436197e-05	0
chr21	15003119	15173648	chr21:16375440..16376325-chr21:16545085..16545968,7	700	.	15003119	15173648	16711680	2	885,883,	0,169646,	chr21	15164451	15165523	15164756	24	14	8	6.81495992971293e-09	0.00091687497665538	2.35210410412765e-05	2352.10410412765	1.04213267986652e-05	1042.13267986652	1309.97142426113	4.13956749436197e-05	0
chr21	15003480	15444731	chr21:16375801..16376301-chr21:16816249..16817050,2	200	.	15003480	15444731	16711680	2	500,801,	0,440450,	chr21	15164451	15165523	15164756	24	14	8	6.81495992971293e-09	0.00091687497665538	2.35210410412765e-05	2352.10410412765	1.04213267986652e-05	1042.13267986652	1309.97142426113	4.13956749436197e-05	0
chr21	15004988	15210962	chr21:16377309..16378284-chr21:16582106..16583282,23	1000	.	15004988	15210962	16711680	2	975,1176,	0,204798,	chr21	15164451	15165523	15164756	24	14	8	6.81495992971293e-09	0.00091687497665538	2.35210410412765e-05	2352.10410412765	1.04213267986652e-05	1042.13267986652	1309.97142426113	4.13956749436197e-05	0
chr21	15005031	15204375	chr21:16377352..16378335-chr21:16575784..16576695,5	500	.	15005031	15204375	16711680	2	983,911,	0,198433,	chr21	15164451	15165523	15164756	24	14	8	6.81495992971293e-09	0.00091687497665538	2.35210410412765e-05	2352.10410412765	1.04213267986652e-05	1042.13267986652	1309.97142426113	4.13956749436197e-05	0
chr21	15005039	15208301	chr21:16377360..16378259-chr21:16579926..16580621,2	200	.	15005039	15208301	16711680	2	899,695,	0,202567,	chr21	15164451	15165523	15164756	24	14	8	6.81495992971293e-09	0.00091687497665538	2.35210410412765e-05	2352.10410412765	1.04213267986652e-05	1042.13267986652	1309.97142426113	4.13956749436197e-05	0
chr21	15005080	15343123	chr21:16377401..16378315-chr21:16714678..16715442,3	300	.	15005080	15343123	16711680	2	914,764,	0,337279,	chr21	15164451	15165523	15164756	24	14	8	6.81495992971293e-09	0.00091687497665538	2.35210410412765e-05	2352.10410412765	1.04213267986652e-05	1042.13267986652	1309.97142426113	4.13956749436197e-05	0
chr21	15005093	15587534	chr21:16377414..16378299-chr21:16958983..16959853,8	800	.	15005093	15587534	16711680	2	885,870,	0,581571,	chr21	15164451	15165523	15164756	24	14	8	6.81495992971293e-09	0.00091687497665538	2.35210410412765e-05	2352.10410412765	1.04213267986652e-05	1042.13267986652	1309.97142426113	4.13956749436197e-05	0
chr21	15005100	15173833	chr21:16377421..16378235-chr21:16545003..16546153,5	500	.	15005100	15173833	16711680	2	814,1150,	0,167583,	chr21	15164451	15165523	15164756	24	14	8	6.81495992971293e-09	0.00091687497665538	2.35210410412765e-05	2352.10410412765	1.04213267986652e-05	1042.13267986652	1309.97142426113	4.13956749436197e-05	0
chr21	15005159	15200448	chr21:16377480..16378305-chr21:16571594..16572768,5	500	.	15005159	15200448	16711680	2	825,1174,	0,194115,	chr21	15164451	15165523	15164756	24	14	8	6.81495992971293e-09	0.00091687497665538	2.35210410412765e-05	2352.10410412765	1.04213267986652e-05	1042.13267986652	1309.97142426113	4.13956749436197e-05	0
chr21	15065104	15173348	chr21:16437425..16437973-chr21:16545153..16545668,2	200	.	15065104	15173348	16711680	2	548,515,	0,107729,	chr21	15164451	15165523	15164756	24	14	8	6.81495992971293e-09	0.00091687497665538	2.35210410412765e-05	2352.10410412765	1.04213267986652e-05	1042.13267986652	1309.97142426113	4.13956749436197e-05	0
chr21	15132428	15211036	chr21:16504749..16505697-chr21:16582211..16583356,7	700	.	15132428	15211036	16711680	2	948,1145,	0,77463,	chr21	15164451	15165523	15164756	24	14	8	6.81495992971293e-09	0.00091687497665538	2.35210410412765e-05	2352.10410412765	1.04213267986652e-05	1042.13267986652	1309.97142426113	4.13956749436197e-05	0
chr21	15132483	15173966	chr21:16504804..16505761-chr21:16545069..16546286,8	800	.	15132483	15173966	16711680	2	957,1217,	0,40266,	chr21	15164451	15165523	15164756	24	14	8	6.81495992971293e-09	0.00091687497665538	2.35210410412765e-05	2352.10410412765	1.04213267986652e-05	1042.13267986652	1309.97142426113	4.13956749436197e-05	0
chr21	15132490	15343099	chr21:16504811..16505431-chr21:16714538..16715418,2	200	.	15132490	15343099	16711680	2	620,880,	0,209729,	chr21	15164451	15165523	15164756	24	14	8	6.81495992971293e-09	0.00091687497665538	2.35210410412765e-05	2352.10410412765	1.04213267986652e-05	1042.13267986652	1309.97142426113	4.13956749436197e-05	0
chr21	15132548	15587426	chr21:16504869..16505637-chr21:16958997..16959745,3	300	.	15132548	15587426	16711680	2	768,748,	0,454130,	chr21	15164451	15165523	15164756	24	14	8	6.81495992971293e-09	0.00091687497665538	2.35210410412765e-05	2352.10410412765	1.04213267986652e-05	1042.13267986652	1309.97142426113	4.13956749436197e-05	0
chr22	20916831	28814068	chr22:21271119..21271671-chr22:29209503..29210056,2	200	.	20916831	28814068	16711680	2	552,553,	0,7896684,	chr22	24210983	24211879	24211641	27	5	7	6.21455109595104e-11	9.03116084111089e-05	2.6461171171436e-05	2646.1171171436	3.72190242809471e-06	372.190242809471	2273.92687433413	5.89822656107269e-07	0
chr22	24206830	24352663	chr22:24602798..24603440-chr22:24748086..24748631,2	200	.	24206830	24352663	16711680	2	642,545,	0,145288,	chr22	24210983	24211879	24211641	27	5	7	6.21455109595104e-11	9.03116084111089e-05	2.6461171171436e-05	2646.1171171436	3.72190242809471e-06	372.190242809471	2273.92687433413	5.89822656107269e-07	0
chr3	150237678	150737801	chr3:149955465..149956733-chr3:150454752..150455588,5	500	.	150237678	150737801	16711680	2	1268,836,	0,499287,	chr3	150253104	150254315	150253828.5	26	4	14	4.9069157626036e-09	5.35258318778986e-08	2.54811277947162e-05	2548.11277947162	2.97752194247576e-06	297.752194247576	2250.36058522404	3.04140452797697e-05	0
chr3	150238230	150317975	chr3:149956017..149956661-chr3:150035058..150035762,2	200	.	150238230	150317975	16711680	2	644,704,	0,79041,	chr3	150253104	150254315	150253828.5	26	4	14	4.9069157626036e-09	5.35258318778986e-08	2.54811277947162e-05	2548.11277947162	2.97752194247576e-06	297.752194247576	2250.36058522404	3.04140452797697e-05	0
chr3	150737007	161340155	chr3:150454794..150455301-chr3:161057325..161057943,2	200	.	150737007	161340155	16711680	2	507,618,	0,10602530,	chr3	153138268	153139413	153139128	39	18	6	0	1.05429356852538e-05	3.82216916920743e-05	3822.16916920743	1.33988487411409e-05	1339.88487411409	2482.28429509334	0	0
chr3	150737007	161340155	chr3:150454794..150455301-chr3:161057325..161057943,2	200	.	150737007	161340155	16711680	2	507,618,	0,10602530,	chr3	160935060	160935995	160935460	29	24	11	5.5609938875989e-10	0.000290780986205497	2.84212579248758e-05	2842.12579248758	1.78651316548546e-05	1786.51316548546	1055.61262700212	4.24356649093382e-06	0
chr3	150737026	156813086	chr3:150454813..150455567-chr3:156530003..156530875,3	300	.	150737026	156813086	16711680	2	754,872,	0,6075188,	chr3	153138268	153139413	153139128	39	18	6	0	1.05429356852538e-05	3.82216916920743e-05	3822.16916920743	1.33988487411409e-05	1339.88487411409	2482.28429509334	0	0
chr3	150737090	154219393	chr3:150454877..150455683-chr3:153936263..153937182,5	500	.	150737090	154219393	16711680	2	806,919,	0,3481384,	chr3	153138268	153139413	153139128	39	18	6	0	1.05429356852538e-05	3.82216916920743e-05	3822.16916920743	1.33988487411409e-05	1339.88487411409	2482.28429509334	0	0
chr3	184597566	193880604	chr3:184315354..184315903-chr3:193597521..193598393,2	200	.	184597566	193880604	16711680	2	549,872,	0,9282166,	chr3	185562643	185563529	185563300	27	9	6	4.29765112386349e-11	9.0979152048698e-06	2.6461171171436e-05	2646.1171171436	6.69942437057047e-06	669.942437057047	1976.17468008656	4.21047535032453e-07	0
chr5	133249216	139709828	chr5:132584908..132585796-chr5:139088618..139089413,2	200	.	133249216	139709828	16711680	2	888,795,	0,6459817,	chr5	137890098	137891347	137891124	36	9	12	3.33066907387547e-16	2.93831946551748e-08	3.52815615619147e-05	3528.15615619147	6.69942437057047e-06	669.942437057047	2858.21371913443	7.66335984568979e-12	0
chr5	137808588	137889406	chr5:137144277..137144863-chr5:137224146..137225095,3	300	.	137808588	137889406	16711680	2	586,949,	0,79869,	chr5	137890098	137891347	137891124	36	9	12	3.33066907387547e-16	2.93831946551748e-08	3.52815615619147e-05	3528.15615619147	6.69942437057047e-06	669.942437057047	2858.21371913443	7.66335984568979e-12	0
chr5	137850039	137889348	chr5:137185728..137186695-chr5:137224122..137225037,5	500	.	137850039	137889348	16711680	2	967,915,	0,38394,	chr5	137890098	137891347	137891124	36	9	12	3.33066907387547e-16	2.93831946551748e-08	3.52815615619147e-05	3528.15615619147	6.69942437057047e-06	669.942437057047	2858.21371913443	7.66335984568979e-12	0
chr6	43804642	44238521	chr6:43772379..43773030-chr6:44205542..44206258,2	200	.	43804642	44238521	16711680	2	651,716,	0,433163,	chr6	44203826	44205041	44204296	27	8	7	7.33155758325665e-11	0.00024766868077486	2.6461171171436e-05	2646.1171171436	5.95504388495153e-06	595.504388495153	2050.61272864845	6.78866021467844e-07	0
chr6	44110069	44238675	chr6:44077806..44078726-chr6:44204971..44206412,5	500	.	44110069	44238675	16711680	2	920,1441,	0,127165,	chr6	44203826	44205041	44204296	27	8	7	7.33155758325665e-11	0.00024766868077486	2.6461171171436e-05	2646.1171171436	5.95504388495153e-06	595.504388495153	2050.61272864845	6.78866021467844e-07	0
chr7	151694484	151857243	chr7:151391570..151392561-chr7:151553318..151554328,19	1000	.	151694484	151857243	16711680	2	991,1010,	0,161749,	chr7	151736088	151736965	151736406	24	9	6	2.24791518732559e-09	0.000552674893700256	2.35210410412765e-05	2352.10410412765	6.69942437057047e-06	669.942437057047	1682.1616670706	1.50047992920877e-05	0
chr7	151694493	151736681	chr7:151391579..151392465-chr7:151433160..151433767,2	200	.	151694493	151736681	16711680	2	886,607,	0,41581,	chr7	151736088	151736965	151736406	24	9	6	2.24791518732559e-09	0.000552674893700256	2.35210410412765e-05	2352.10410412765	6.69942437057047e-06	669.942437057047	1682.1616670706	1.50047992920877e-05	0
chr7	151708873	151857172	chr7:151405959..151407061-chr7:151553440..151554257,3	300	.	151708873	151857172	16711680	2	1102,817,	0,147482,	chr7	151736088	151736965	151736406	24	9	6	2.24791518732559e-09	0.000552674893700256	2.35210410412765e-05	2352.10410412765	6.69942437057047e-06	669.942437057047	1682.1616670706	1.50047992920877e-05	0
chr7	151721270	151857216	chr7:151418356..151419311-chr7:151553722..151554301,2	200	.	151721270	151857216	16711680	2	955,579,	0,135367,	chr7	151736088	151736965	151736406	24	9	6	2.24791518732559e-09	0.000552674893700256	2.35210410412765e-05	2352.10410412765	6.69942437057047e-06	669.942437057047	1682.1616670706	1.50047992920877e-05	0
chr8	67380800	101504329	chr8:68293035..68293850-chr8:102516047..102516557,2	200	.	67380800	101504329	16711680	2	815,510,	0,34123019,	chr8	92053502	92054129	92053706	23	10	10	7.2548973495401e-09	0.000522802993828675	2.25409976645566e-05	2254.09976645566	7.44380485618941e-06	744.380485618941	1509.71928083672	4.38923891004792e-05	0
chr8	67380800	101504329	chr8:68293035..68293850-chr8:102516047..102516557,2	200	.	67380800	101504329	16711680	2	815,510,	0,34123019,	chr8	90586884	90588108	90587682	40	29	18	1.98729921407903e-14	3.54165854199451e-07	3.92017350687941e-05	3920.17350687941	2.15870340829493e-05	2158.70340829493	1761.47009858449	3.46877138762372e-10	0
chr8	90001393	90888014	chr8:91013621..91014389-chr8:91899653..91900242,2	200	.	90001393	90888014	16711680	2	768,589,	0,886032,	chr8	90586884	90588108	90587682	40	29	18	1.98729921407903e-14	3.54165854199451e-07	3.92017350687941e-05	3920.17350687941	2.15870340829493e-05	2158.70340829493	1761.47009858449	3.46877138762372e-10	0
chr8	118112273	144372949	chr8:119124512..119125012-chr8:145596006..145596638,2	200	.	118112273	144372949	16711680	2	500,610,	0,26260066,	chr8	124137718	124138965	124138451	29	13	7	2.01986205539129e-11	0.000808536392383208	2.84212579248758e-05	2842.12579248758	9.67694631304624e-06	967.694631304624	1874.43116118295	2.13005534928676e-07	0
chr8	118112273	144372949	chr8:119124512..119125012-chr8:145596006..145596638,2	200	.	118112273	144372949	16711680	2	500,610,	0,26260066,	chr8	125606490	125606980	125606761	31	10	3	1.45994327738208e-13	1.00481163860522e-05	3.03813446783155e-05	3038.13446783155	7.44380485618941e-06	744.380485618941	2293.75398221261	2.2622551054674e-09	0
chr8	118112273	144372949	chr8:119124512..119125012-chr8:145596006..145596638,2	200	.	118112273	144372949	16711680	2	500,610,	0,26260066,	chr8	126496738	126498170	126497495	42	16	14	0	3.28521080894539e-07	4.11618218222338e-05	4116.18218222339	1.19100877699031e-05	1191.00877699031	2925.17340523308	0	0
chr8	118112273	144372949	chr8:119124512..119125012-chr8:145596006..145596638,2	200	.	118112273	144372949	16711680	2	500,610,	0,26260066,	chr8	127317425	127317893	127317660	25	11	5	6.37087049781826e-10	0.000604478114564433	2.45010844179963e-05	2450.10844179963	8.18818534180835e-06	818.818534180835	1631.2899076188	4.80126190188407e-06	0
chr9	13510502	14406884	chr9:13510501..13511172-chr9:14406347..14406882,2	200	.	13510502	14406884	16711680	2	671,536,	0,895846,	chr9	14330858	14331744	14331204	28	4	11	2.98201463522219e-11	1.32263657803833e-08	2.74412145481559e-05	2744.12145481559	2.97752194247576e-06	297.752194247576	2446.36926056801	3.01891010829891e-07	0
chr9	14250973	14407237	chr9:14250972..14252069-chr9:14406629..14407235,4	400	.	14250973	14407237	16711680	2	1097,606,	0,155658,	chr9	14330858	14331744	14331204	28	4	11	2.98201463522219e-11	1.32263657803833e-08	2.74412145481559e-05	2744.12145481559	2.97752194247576e-06	297.752194247576	2446.36926056801	3.01891010829891e-07	0
chr9	14261604	14407249	chr9:14261603..14262405-chr9:14406659..14407247,4	400	.	14261604	14407249	16711680	2	802,588,	0,145057,	chr9	14330858	14331744	14331204	28	4	11	2.98201463522219e-11	1.32263657803833e-08	2.74412145481559e-05	2744.12145481559	2.97752194247576e-06	297.752194247576	2446.36926056801	3.01891010829891e-07	0
chr9	71782929	72026928	chr9:74397845..74398774-chr9:74641097..74641844,4	400	.	71782929	72026928	16711680	2	929,747,	0,243252,	chr9	71987629	71988568	71988354	24	8	9	2.5652684421118e-09	0.000117993413732975	2.35210410412765e-05	2352.10410412765	5.95504388495153e-06	595.504388495153	1756.5997156325	1.68636860614063e-05	0
chr9	71783043	71993028	chr9:74397959..74398839-chr9:74606978..74607944,2	200	.	71783043	71993028	16711680	2	880,966,	0,209019,	chr9	71987629	71988568	71988354	24	8	9	2.5652684421118e-09	0.000117993413732975	2.35210410412765e-05	2352.10410412765	5.95504388495153e-06	595.504388495153	1756.5997156325	1.68636860614063e-05	0
chr9	92665922	121717964	chr9:95428204..95428780-chr9:124479526..124480243,2	200	.	92665922	121717964	16711680	2	576,717,	0,29051325,	chr9	94138702	94140173	94139834	38	22	13	1.11022302462516e-16	0.000178717353737312	3.72416483153544e-05	3724.16483153544	1.63763706836167e-05	1637.63706836167	2086.52776317377	2.67609391436786e-12	0
chr9	92665922	121717964	chr9:95428204..95428780-chr9:124479526..124480243,2	200	.	92665922	121717964	16711680	2	576,717,	0,29051325,	chr9	105054528	105055173	105054833	34	8	9	6.21724893790088e-15	1.06772929386878e-08	3.3321474808475e-05	3332.1474808475	5.95504388495153e-06	595.504388495153	2736.64309235235	1.15843672759384e-10	0
chr9	92665922	121717964	chr9:95428204..95428780-chr9:124479526..124480243,2	200	.	92665922	121717964	16711680	2	576,717,	0,29051325,	chr9	108594589	108595048	108594815	30	15	4	5.61217738948017e-13	0.00047227908774139	2.94013013015956e-05	2940.13013015956	1.11657072842841e-05	1116.57072842841	1823.55940173115	8.11659284227773e-09	0
chr9	92665922	121717964	chr9:95428204..95428780-chr9:124479526..124480243,2	200	.	92665922	121717964	16711680	2	576,717,	0,29051325,	chr9	111600692	111602243	111601867	42	22	16	0	2.86733247434334e-06	4.11618218222338e-05	4116.18218222339	1.63763706836167e-05	1637.63706836167	2478.54511386171	0	0
