chr1	16607981	152023210	chr1:16934476..16935083-chr1:151995159..151995686,2	200	.	16607981	152023210	16711680	2	607,527,	0,135414702,
chr1	109150934	109246864	chr1:109693556..109694364-chr1:109788586..109789486,3	300	.	109150934	109246864	16711680	2	808,900,	0,95030,
chr1	109198911	109240715	chr1:109741533..109742402-chr1:109782529..109783337,4	400	.	109198911	109240715	16711680	2	869,808,	0,40996,
chr1	109199201	109246776	chr1:109741823..109742750-chr1:109788615..109789398,3	300	.	109199201	109246776	16711680	2	927,783,	0,46792,
chr1	145707959	148891507	chr1:144992979..144993481-chr1:145726417..145727106,2	200	.	145707959	148891507	16711680	2	689,502,	0,3183046,
chr1	147669346	147717557	chr1:147141468..147142147-chr1:147188733..147189691,2	200	.	147669346	147717557	16711680	2	679,958,	0,47253,
chr1	164741024	174967241	chr1:164710261..164710781-chr1:174935859..174936378,2	200	.	164741024	174967241	16711680	2	520,519,	0,10225698,
chr1	203089013	204145671	chr1:203058141..203059141-chr1:204114212..204114799,2	200	.	203089013	204145671	16711680	2	1000,587,	0,1056071,
chr1	206903703	227329107	chr1:207077048..207077588-chr1:227515958..227516808,2	200	.	206903703	227329107	16711680	2	540,850,	0,20424554,
chr1	215425109	215490426	chr1:215598452..215599119-chr1:215662801..215663769,2	200	.	215425109	215490426	16711680	2	667,968,	0,64349,
chr10	3289779	3396264	chr10:3331971..3332527-chr10:3437941..3438456,2	200	.	3289779	3396264	16711680	2	556,515,	0,105970,
chr10	29124745	29304065	chr10:29413674..29414532-chr10:29592205..29592994,2	200	.	29124745	29304065	16711680	2	858,789,	0,178531,
chr10	29501783	30682599	chr10:29790712..29791345-chr10:30970893..30971528,2	200	.	29501783	30682599	16711680	2	633,635,	0,1180181,
chr10	79128273	88108663	chr10:80888030..80888626-chr10:89867901..89868420,2	200	.	79128273	88108663	16711680	2	596,519,	0,8979871,
chr10	93434852	93571553	chr10:95194609..95195304-chr10:95330499..95331310,4	400	.	93434852	93571553	16711680	2	695,811,	0,135890,
chr11	46941904	46985642	chr11:46963455..46964222-chr11:47006540..47007193,2	200	.	46941904	46985642	16711680	2	767,653,	0,43085,
chr11	72786126	73228573	chr11:72497171..72498123-chr11:72938613..72939618,3	300	.	72786126	73228573	16711680	2	952,1005,	0,441442,
chr11	72786194	73195697	chr11:72497239..72498163-chr11:72905493..72906742,9	900	.	72786194	73195697	16711680	2	924,1249,	0,408254,
chr11	72786564	76773137	chr11:72497609..72498128-chr11:76483403..76484181,2	200	.	72786564	76773137	16711680	2	519,778,	0,3985795,
chr11	72786573	73192749	chr11:72497618..72498179-chr11:72903214..72903794,2	200	.	72786573	73192749	16711680	2	561,580,	0,405596,
chr12	52147293	52895880	chr12:52541077..52541974-chr12:53288741..53289664,3	300	.	52147293	52895880	16711680	2	897,923,	0,747664,
chr12	52148359	52345405	chr12:52542143..52543030-chr12:52738085..52739189,6	600	.	52148359	52345405	16711680	2	887,1104,	0,195942,
chr12	52148396	52972684	chr12:52542180..52543176-chr12:53365494..53366468,7	700	.	52148396	52972684	16711680	2	996,974,	0,823314,
chr12	52148450	52372535	chr12:52542234..52543033-chr12:52765367..52766319,3	300	.	52148450	52372535	16711680	2	799,952,	0,223133,
chr12	52148488	52895842	chr12:52542272..52543118-chr12:53288963..53289626,3	300	.	52148488	52895842	16711680	2	846,663,	0,746691,
chr12	52203131	52345603	chr12:52596915..52597791-chr12:52738436..52739387,4	400	.	52203131	52345603	16711680	2	876,951,	0,141521,
chr12	52203253	52972483	chr12:52597037..52597786-chr12:53365566..53366267,2	200	.	52203253	52972483	16711680	2	749,701,	0,768529,
chr12	52203332	52372398	chr12:52597116..52597969-chr12:52765372..52766182,2	200	.	52203332	52372398	16711680	2	853,810,	0,168256,
chr12	55177588	122855390	chr12:55571372..55571892-chr12:123339417..123339937,2	200	.	55177588	122855390	16711680	2	520,520,	0,67677282,
chr12	79022587	79157562	chr12:79416367..79417223-chr12:79550524..79551342,2	200	.	79022587	79157562	16711680	2	856,818,	0,134157,
chr12	119170941	123070297	chr12:119608746..119609266-chr12:123554233..123554844,2	200	.	119170941	123070297	16711680	2	520,611,	0,3898745,
chr14	35331782	35404415	chr14:35800988..35801696-chr14:35872838..35873621,3	300	.	35331782	35404415	16711680	2	708,783,	0,71850,
chr14	35336371	35404321	chr14:35805577..35806437-chr14:35872990..35873527,2	200	.	35336371	35404321	16711680	2	860,537,	0,67413,
chr14	35340601	35404250	chr14:35809807..35810560-chr14:35872889..35873456,4	400	.	35340601	35404250	16711680	2	753,567,	0,63082,
chr14	49992485	50019020	chr14:50459203..50460270-chr14:50484785..50485738,14	1000	.	49992485	50019020	16711680	2	1067,953,	0,25582,
chr14	50001098	50018928	chr14:50467816..50468379-chr14:50484739..50485646,2	200	.	50001098	50018928	16711680	2	563,907,	0,16923,
chr14	50004179	50019034	chr14:50470897..50471638-chr14:50484778..50485752,4	400	.	50004179	50019034	16711680	2	741,974,	0,13881,
chr14	50007147	50018739	chr14:50473865..50474641-chr14:50484668..50485457,3	300	.	50007147	50018739	16711680	2	776,789,	0,10803,
chr14	68177413	68570429	chr14:68644130..68645028-chr14:69036481..69037146,7	700	.	68177413	68570429	16711680	2	898,665,	0,392351,
chr14	68177472	68459411	chr14:68644189..68644931-chr14:68925503..68926128,3	300	.	68177472	68459411	16711680	2	742,625,	0,281314,
chr14	73601883	73785352	chr14:74068587..74069172-chr14:74251195..74252055,3	300	.	73601883	73785352	16711680	2	585,860,	0,182609,
chr14	73601927	73783189	chr14:74068631..74069429-chr14:74249349..74249892,2	200	.	73601927	73783189	16711680	2	798,543,	0,180719,
chr14	73633664	73785325	chr14:74100368..74101094-chr14:74251377..74252028,3	300	.	73633664	73785325	16711680	2	727,651,	0,151010,
chr14	73633831	73783215	chr14:74100534..74101054-chr14:74249389..74249918,2	200	.	73633831	73783215	16711680	2	520,529,	0,148855,
chr15	57591269	73710734	chr15:57883467..57884028-chr15:74002521..74003075,2	200	.	57591269	73710734	16711680	2	561,554,	0,16118911,
chr15	95894265	96337530	chr15:96437494..96438084-chr15:96880092..96880759,2	200	.	95894265	96337530	16711680	2	590,667,	0,442598,
chr15	95895068	96337342	chr15:96438297..96439403-chr15:96879700..96880571,3	300	.	95895068	96337342	16711680	2	1106,871,	0,441403,
chr15	95911386	96337435	chr15:96454615..96455439-chr15:96879983..96880664,2	200	.	95911386	96337435	16711680	2	824,681,	0,425368,
chr16	11457008	85306741	chr16:11550864..11551384-chr16:85339844..85340347,2	200	.	11457008	85306741	16711680	2	520,503,	0,73849230,
chr16	21511338	87861173	chr16:21522659..21523262-chr16:87894262..87894779,2	200	.	21511338	87861173	16711680	2	603,517,	0,66349318,
chr16	29310649	88017636	chr16:29321970..29322894-chr16:88050387..88051242,6	600	.	29310649	88017636	16711680	2	924,855,	0,58706132,
chr17	7951524	47693782	chr17:7854842..7855345-chr17:45770546..45771148,2	200	.	7951524	47693782	16711680	2	503,602,	0,39741656,
chr17	7957595	40449254	chr17:7860913..7861620-chr17:38604584..38605506,2	200	.	7957595	40449254	16711680	2	707,922,	0,32490737,
chr17	58639367	74770271	chr17:56716728..56717687-chr17:72765719..72766410,2	200	.	58639367	74770271	16711680	2	959,691,	0,16130213,
chr17	58639404	74761214	chr17:56716765..56717651-chr17:72756497..72757353,2	200	.	58639404	74761214	16711680	2	886,856,	0,16120954,
chr17	58639450	61723838	chr17:56716811..56717664-chr17:59800437..59801199,3	300	.	58639450	61723838	16711680	2	853,762,	0,3083626,
chr17	58639496	60345826	chr17:56716857..56717548-chr17:58422241..58423187,2	200	.	58639496	60345826	16711680	2	691,946,	0,1705384,
chr17	59007603	61723918	chr17:57084964..57085505-chr17:59800528..59801279,2	200	.	59007603	61723918	16711680	2	541,751,	0,2715564,
chr17	59122312	59829674	chr17:57199673..57200212-chr17:57906494..57907035,2	200	.	59122312	59829674	16711680	2	539,541,	0,706821,
chr17	61219373	61254812	chr17:59296734..59297281-chr17:59331582..59332173,2	200	.	61219373	61254812	16711680	2	547,591,	0,34848,
chr17	61356445	61723973	chr17:59433806..59434541-chr17:59800526..59801334,3	300	.	61356445	61723973	16711680	2	735,808,	0,366720,
chr17	61399011	61723914	chr17:59476372..59477451-chr17:59800613..59801275,3	300	.	61399011	61723914	16711680	2	1079,662,	0,324241,
chr17	61450008	61519322	chr17:59527369..59528071-chr17:59595810..59596683,3	300	.	61450008	61519322	16711680	2	702,873,	0,68441,
chr17	61561198	61723643	chr17:59638559..59639093-chr17:59800446..59801004,2	200	.	61561198	61723643	16711680	2	534,558,	0,161887,
chr17	62135216	62961978	chr17:60212577..60213299-chr17:61038798..61039339,2	200	.	62135216	62961978	16711680	2	722,541,	0,826221,
chr18	45802768	74243342	chr18:43382733..43383273-chr18:71909946..71910577,2	200	.	45802768	74243342	16711680	2	540,631,	0,28439943,
chr18	60053835	63241865	chr18:57721067..57721658-chr18:60908550..60909098,2	200	.	60053835	63241865	16711680	2	591,548,	0,3187482,
chr2	138435479	138565604	chr2:139193049..139193869-chr2:139322592..139323174,4	400	.	138435479	138565604	16711680	2	820,582,	0,129543,
chr2	173428355	173767498	chr2:174293083..174293895-chr2:174631362..174632226,3	300	.	173428355	173767498	16711680	2	812,864,	0,338279,
chr2	189541299	189599823	chr2:190406025..190406770-chr2:190463766..190464549,2	200	.	189541299	189599823	16711680	2	745,783,	0,57741,
chr2	189541378	189555887	chr2:190406104..190406632-chr2:190420068..190420613,2	200	.	189541378	189555887	16711680	2	528,545,	0,13964,
chr2	236398178	237041935	chr2:237306821..237307335-chr2:237949702..237950578,2	200	.	236398178	237041935	16711680	2	514,876,	0,642881,
chr2	236592575	237041968	chr2:237501218..237502013-chr2:237949889..237950611,3	300	.	236592575	237041968	16711680	2	795,722,	0,448671,
chr2	236611234	237041951	chr2:237519877..237520828-chr2:237949655..237950594,15	1000	.	236611234	237041951	16711680	2	951,939,	0,429778,
chr2	236611236	237559257	chr2:237519879..237520437-chr2:238467363..238467900,2	200	.	236611236	237559257	16711680	2	558,537,	0,947484,
chr2	236611249	236732755	chr2:237519892..237520859-chr2:237640150..237641398,9	900	.	236611249	236732755	16711680	2	967,1248,	0,120258,
chr2	236611288	236875511	chr2:237519931..237520711-chr2:237783314..237784154,2	200	.	236611288	236875511	16711680	2	780,840,	0,263383,
chr2	236611645	236967759	chr2:237520288..237520890-chr2:237875850..237876402,3	300	.	236611645	236967759	16711680	2	602,552,	0,355562,
chr2	236611666	236770384	chr2:237520309..237521001-chr2:237678245..237679027,2	200	.	236611666	236770384	16711680	2	692,782,	0,157936,
chr2	236692585	237041884	chr2:237601228..237601791-chr2:237949829..237950527,2	200	.	236692585	237041884	16711680	2	563,698,	0,348601,
chr20	32040757	45342320	chr20:30628560..30629275-chr20:43970231..43970960,2	200	.	32040757	45342320	16711680	2	715,729,	0,13300834,
chr20	39758758	54124105	chr20:38387400..38387900-chr20:52739840..52740644,2	200	.	39758758	54124105	16711680	2	500,804,	0,14364543,
chr20	47331389	50727792	chr20:45960133..45960635-chr20:49343638..49344329,2	200	.	47331389	50727792	16711680	2	502,691,	0,3395712,
chr20	47344997	54149590	chr20:45973741..45974624-chr20:52765376..52766129,2	200	.	47344997	54149590	16711680	2	883,753,	0,6803840,
chr20	47345347	50727991	chr20:45974091..45974604-chr20:49343585..49344528,2	200	.	47345347	50727991	16711680	2	513,943,	0,3381701,
chr20	47382374	50728186	chr20:46011118..46012101-chr20:49343687..49344723,5	500	.	47382374	50728186	16711680	2	983,1036,	0,3344776,
chr20	47789807	48076493	chr20:46418551..46419462-chr20:46704414..46705236,3	300	.	47789807	48076493	16711680	2	911,822,	0,285864,
chr20	47801078	48158402	chr20:46429822..46430713-chr20:46786605..46787145,2	200	.	47801078	48158402	16711680	2	891,540,	0,356784,
chr20	47801082	48076538	chr20:46429826..46430688-chr20:46704454..46705281,2	200	.	47801082	48076538	16711680	2	862,827,	0,274629,
chr20	47801464	48572494	chr20:46430208..46430727-chr20:47188493..47189032,2	200	.	47801464	48572494	16711680	2	519,539,	0,770491,
chr20	47857211	48076680	chr20:46485955..46486580-chr20:46704611..46705423,2	200	.	47857211	48076680	16711680	2	625,812,	0,218657,
chr20	47927613	48076409	chr20:46556357..46557211-chr20:46704538..46705152,2	200	.	47927613	48076409	16711680	2	854,614,	0,148182,
chr20	47989542	48076837	chr20:46618286..46619417-chr20:46704307..46705580,10	1000	.	47989542	48076837	16711680	2	1131,1273,	0,86022,
chr20	48012346	48076384	chr20:46641090..46641668-chr20:46704403..46705127,2	200	.	48012346	48076384	16711680	2	578,724,	0,63314,
chr20	48075654	54195929	chr20:46704397..46705661-chr20:52811502..52812468,14	1000	.	48075654	54195929	16711680	2	1264,966,	0,6119309,
chr20	48075712	54123947	chr20:46704455..46705085-chr20:52739865..52740486,2	200	.	48075712	54123947	16711680	2	630,621,	0,6047614,
chr20	48075759	54149660	chr20:46704502..46705337-chr20:52765426..52766199,4	400	.	48075759	54149660	16711680	2	835,773,	0,6073128,
chr20	48075858	54087806	chr20:46704601..46705157-chr20:52703735..52704345,2	200	.	48075858	54087806	16711680	2	556,610,	0,6011338,
chr20	48571915	54149631	chr20:47188453..47188965-chr20:52765584..52766170,2	200	.	48571915	54149631	16711680	2	512,586,	0,5577130,
chr20	48697764	54149625	chr20:47314302..47315275-chr20:52765377..52766164,3	300	.	48697764	54149625	16711680	2	973,787,	0,5451074,
chr20	48698020	54127607	chr20:47314558..47315197-chr20:52743433..52744146,2	200	.	48698020	54127607	16711680	2	639,713,	0,5428874,
chr20	48864158	54124231	chr20:47480695..47481839-chr20:52739928..52740770,4	400	.	48864158	54124231	16711680	2	1144,842,	0,5259231,
chr20	48864488	54149669	chr20:47481025..47481886-chr20:52765424..52766208,3	300	.	48864488	54149669	16711680	2	861,784,	0,5284397,
chr20	50727090	54195896	chr20:49343627..49344448-chr20:52811576..52812435,6	600	.	50727090	54195896	16711680	2	821,859,	0,3467947,
chr20	50727106	54149736	chr20:49343643..49344493-chr20:52765356..52766275,6	600	.	50727106	54149736	16711680	2	850,919,	0,3421711,
chr20	50727140	54124300	chr20:49343677..49344768-chr20:52739970..52740839,4	400	.	50727140	54124300	16711680	2	1091,869,	0,3396291,
chr20	50727523	53608940	chr20:49344060..49344653-chr20:52224962..52225479,2	200	.	50727523	53608940	16711680	2	593,517,	0,2880900,
chr20	50763971	54124518	chr20:49380508..49381298-chr20:52740109..52741057,2	200	.	50763971	54124518	16711680	2	790,948,	0,3359599,
chr20	50763976	54195952	chr20:49380513..49381355-chr20:52811947..52812491,2	200	.	50763976	54195952	16711680	2	842,544,	0,3431432,
chr20	53579028	53662373	chr20:52195567..52196120-chr20:52278101..52278912,2	200	.	53579028	53662373	16711680	2	553,811,	0,82534,
chr20	53607975	53725753	chr20:52224514..52225346-chr20:52341410..52342292,3	300	.	53607975	53725753	16711680	2	832,882,	0,116896,
chr20	53607976	53662469	chr20:52224515..52225427-chr20:52278079..52279008,9	900	.	53607976	53662469	16711680	2	912,929,	0,53564,
chr20	53607993	54149627	chr20:52224532..52225159-chr20:52765348..52766166,2	200	.	53607993	54149627	16711680	2	627,818,	0,540816,
chr20	53608016	53786305	chr20:52224555..52225218-chr20:52402217..52402844,2	200	.	53608016	53786305	16711680	2	663,627,	0,177662,
chr20	53608039	54195925	chr20:52224578..52225128-chr20:52811673..52812464,2	200	.	53608039	54195925	16711680	2	550,791,	0,587095,
chr20	53621505	53662329	chr20:52238044..52238679-chr20:52278083..52278868,2	200	.	53621505	53662329	16711680	2	635,785,	0,40039,
chr20	53661489	54195963	chr20:52278028..52278937-chr20:52811392..52812502,5	500	.	53661489	54195963	16711680	2	909,1110,	0,533364,
chr20	53661564	53828908	chr20:52278103..52278773-chr20:52444653..52445447,2	200	.	53661564	53828908	16711680	2	670,794,	0,166550,
chr20	53661753	53865077	chr20:52278292..52278903-chr20:52480742..52481616,3	300	.	53661753	53865077	16711680	2	611,874,	0,202450,
chr20	53661837	53806274	chr20:52278376..52279004-chr20:52422159..52422813,2	200	.	53661837	53806274	16711680	2	628,654,	0,143783,
chr20	53661839	54149434	chr20:52278378..52278945-chr20:52765351..52765973,2	200	.	53661839	54149434	16711680	2	567,622,	0,486973,
chr20	53661855	54124177	chr20:52278394..52278897-chr20:52740216..52740716,2	200	.	53661855	54124177	16711680	2	503,500,	0,461822,
chr20	53661875	57264083	chr20:52278414..52279052-chr20:55838156..55839139,2	200	.	53661875	57264083	16711680	2	638,983,	0,3601225,
chr20	53724848	57263619	chr20:52341387..52341931-chr20:55838149..55838675,2	200	.	53724848	57263619	16711680	2	544,526,	0,3538245,
chr20	53773724	54124164	chr20:52390263..52391133-chr20:52740057..52740703,2	200	.	53773724	54124164	16711680	2	870,646,	0,349794,
chr20	53773888	53852768	chr20:52390427..52391199-chr20:52468797..52469307,2	200	.	53773888	53852768	16711680	2	772,510,	0,78370,
chr20	53979747	54195579	chr20:52596286..52596804-chr20:52811617..52812118,2	200	.	53979747	54195579	16711680	2	518,501,	0,215331,
chr20	53982640	54195998	chr20:52599179..52599997-chr20:52811545..52812537,5	500	.	53982640	54195998	16711680	2	818,992,	0,212366,
chr20	53982681	54149673	chr20:52599220..52600148-chr20:52765356..52766212,6	600	.	53982681	54149673	16711680	2	928,856,	0,166136,
chr20	54070455	54195743	chr20:52686994..52687794-chr20:52811640..52812282,3	300	.	54070455	54195743	16711680	2	800,642,	0,124646,
chr20	54084766	54149688	chr20:52701305..52702013-chr20:52765578..52766227,2	200	.	54084766	54149688	16711680	2	708,649,	0,64273,
chr20	54086778	54149709	chr20:52703317..52704188-chr20:52765410..52766248,3	300	.	54086778	54149709	16711680	2	871,838,	0,62093,
chr20	54086829	54195891	chr20:52703368..52704204-chr20:52811305..52812430,3	300	.	54086829	54195891	16711680	2	836,1125,	0,107937,
chr20	54099211	54195995	chr20:52715750..52716706-chr20:52811566..52812534,9	900	.	54099211	54195995	16711680	2	956,968,	0,95816,
chr20	54099239	54149773	chr20:52715778..52716806-chr20:52765023..52766312,8	800	.	54099239	54149773	16711680	2	1028,1289,	0,49245,
chr20	54102002	54195896	chr20:52718541..52720185-chr20:52811223..52812435,5	500	.	54102002	54195896	16711680	2	1644,1212,	0,92682,
chr20	54103812	54196017	chr20:52720351..52721444-chr20:52811556..52812556,6	600	.	54103812	54196017	16711680	2	1093,1000,	0,91205,
chr20	54103814	54149763	chr20:52720353..52721343-chr20:52765343..52766302,5	500	.	54103814	54149763	16711680	2	990,959,	0,44990,
chr20	54107648	54149696	chr20:52724187..52724972-chr20:52765344..52766235,2	200	.	54107648	54149696	16711680	2	785,891,	0,41157,
chr20	54107869	54195981	chr20:52724408..52725083-chr20:52811564..52812520,3	300	.	54107869	54195981	16711680	2	675,956,	0,87156,
chr20	54110404	54196077	chr20:52726943..52727461-chr20:52811544..52812616,3	300	.	54110404	54196077	16711680	2	518,1072,	0,84601,
chr20	54122926	54150126	chr20:52739465..52740961-chr20:52765012..52766665,338	1000	.	54122926	54150126	16711680	2	1496,1653,	0,25547,
chr20	54123155	54196189	chr20:52739694..52741479-chr20:52810799..52812728,283	1000	.	54123155	54196189	16711680	2	1785,1929,	0,71105,
chr20	54123720	54152398	chr20:52740259..52740856-chr20:52768240..52768937,2	200	.	54123720	54152398	16711680	2	597,697,	0,27981,
chr20	54123841	54269564	chr20:52740380..52740956-chr20:52885457..52886103,2	200	.	54123841	54269564	16711680	2	576,646,	0,145077,
chr20	54126708	54149807	chr20:52743247..52744381-chr20:52765148..52766346,109	1000	.	54126708	54149807	16711680	2	1134,1198,	0,21901,
chr20	54126731	54196022	chr20:52743270..52744356-chr20:52811257..52812561,100	1000	.	54126731	54196022	16711680	2	1086,1304,	0,67987,
chr20	54195074	57263606	chr20:52811613..52812326-chr20:55838036..55838662,3	300	.	54195074	57263606	16711680	2	713,626,	0,3067906,
chr20	56734911	56955420	chr20:55309967..55310940-chr20:55529565..55530476,4	400	.	56734911	56955420	16711680	2	973,911,	0,219598,
chr20	56734926	56890833	chr20:55309982..55310990-chr20:55464855..55465889,5	500	.	56734926	56890833	16711680	2	1008,1034,	0,154873,
chr20	56734955	56919842	chr20:55310011..55310858-chr20:55493970..55494898,5	500	.	56734955	56919842	16711680	2	847,928,	0,183959,
chr20	56735039	56936873	chr20:55310095..55310948-chr20:55511359..55511929,3	300	.	56735039	56936873	16711680	2	853,570,	0,201264,
chr20	56735041	57049968	chr20:55310097..55310732-chr20:55624362..55625024,3	300	.	56735041	57049968	16711680	2	635,662,	0,314265,
chr20	56735066	56975242	chr20:55310122..55310927-chr20:55549772..55550298,2	200	.	56735066	56975242	16711680	2	805,526,	0,239650,
chr20	56758442	56890791	chr20:55333498..55334431-chr20:55464867..55465847,4	400	.	56758442	56890791	16711680	2	933,980,	0,131369,
chr20	56758445	57071948	chr20:55333501..55334228-chr20:55646167..55647004,2	200	.	56758445	57071948	16711680	2	727,837,	0,312666,
chr20	56758480	56919860	chr20:55333536..55334308-chr20:55494264..55494916,4	400	.	56758480	56919860	16711680	2	772,652,	0,160728,
chr20	56758506	56955134	chr20:55333562..55334206-chr20:55529531..55530190,2	200	.	56758506	56955134	16711680	2	644,659,	0,195969,
chr20	56758515	56937296	chr20:55333571..55334538-chr20:55511431..55512352,12	1000	.	56758515	56937296	16711680	2	967,921,	0,177860,
chr20	56758638	56974982	chr20:55333694..55334437-chr20:55549409..55550038,2	200	.	56758638	56974982	16711680	2	743,629,	0,215715,
chr20	56758768	56993720	chr20:55333824..55334337-chr20:55567800..55568776,2	200	.	56758768	56993720	16711680	2	513,976,	0,233976,
chr20	56758875	56923143	chr20:55333931..55334453-chr20:55497385..55498199,2	200	.	56758875	56923143	16711680	2	522,814,	0,163454,
chr21	14305950	15210941	chr21:15678271..15679097-chr21:16582211..16583261,3	300	.	14305950	15210941	16711680	2	826,1050,	0,903941,
chr21	14863185	15210484	chr21:16235506..16236232-chr21:16582287..16582804,2	200	.	14863185	15210484	16711680	2	726,517,	0,346782,
chr21	14877488	15210869	chr21:16249809..16250331-chr21:16582564..16583189,2	200	.	14877488	15210869	16711680	2	522,625,	0,332756,
chr21	15003030	15200314	chr21:16375351..16376289-chr21:16571993..16572634,2	200	.	15003030	15200314	16711680	2	938,641,	0,196643,
chr21	15003092	15342988	chr21:16375413..16376190-chr21:16714500..16715307,2	200	.	15003092	15342988	16711680	2	777,807,	0,339089,
chr21	15003112	15210795	chr21:16375433..16376422-chr21:16582244..16583115,4	400	.	15003112	15210795	16711680	2	989,871,	0,206812,
chr21	15003264	15173613	chr21:16375585..16376325-chr21:16545085..16545933,2	200	.	15003264	15173613	16711680	2	740,848,	0,169501,
chr21	15004695	15210962	chr21:16377016..16378255-chr21:16582184..16583282,13	1000	.	15004695	15210962	16711680	2	1239,1098,	0,205169,
chr21	15004917	15173282	chr21:16377238..16378235-chr21:16544902..16545602,3	300	.	15004917	15173282	16711680	2	997,700,	0,167665,
chr21	15005031	15204375	chr21:16377352..16378335-chr21:16575784..16576695,5	500	.	15005031	15204375	16711680	2	983,911,	0,198433,
chr21	15005080	15343028	chr21:16377401..16378315-chr21:16714678..16715347,3	300	.	15005080	15343028	16711680	2	914,669,	0,337279,
chr21	15005093	15587484	chr21:16377414..16378279-chr21:16958983..16959803,3	300	.	15005093	15587484	16711680	2	865,820,	0,581571,
chr21	15005109	15200448	chr21:16377430..16378305-chr21:16571594..16572768,4	400	.	15005109	15200448	16711680	2	875,1174,	0,194165,
chr21	15132428	15211036	chr21:16504749..16505697-chr21:16582211..16583356,5	500	.	15132428	15211036	16711680	2	948,1145,	0,77463,
chr21	15132517	15173329	chr21:16504838..16505677-chr21:16545069..16545649,2	200	.	15132517	15173329	16711680	2	839,580,	0,40232,
chr3	32447519	188491912	chr3:32489011..32489531-chr3:188208875..188209700,2	200	.	32447519	188491912	16711680	2	520,825,	0,156043568,
chr3	32447521	64491732	chr3:32489013..32489531-chr3:64476813..64477408,2	200	.	32447521	64491732	16711680	2	518,595,	0,32043616,
chr3	140947027	193879769	chr3:140665869..140666370-chr3:193597000..193597558,2	200	.	140947027	193879769	16711680	2	501,558,	0,52932184,
chr3	150237678	150737753	chr3:149955465..149956755-chr3:150454327..150455540,5	500	.	150237678	150737753	16711680	2	1290,1213,	0,498862,
chr3	150736948	150845238	chr3:150454735..150455867-chr3:150561994..150563025,23	1000	.	150736948	150845238	16711680	2	1132,1031,	0,107259,
chr3	150736950	161340037	chr3:150454737..150455301-chr3:161057286..161057825,2	200	.	150736950	161340037	16711680	2	564,539,	0,10602548,
chr3	150737090	154219393	chr3:150454877..150455380-chr3:153936589..153937182,2	200	.	150737090	154219393	16711680	2	503,593,	0,3481710,
chr3	150756182	150845153	chr3:150473969..150474942-chr3:150562139..150562940,2	200	.	150756182	150845153	16711680	2	973,801,	0,88170,
chr3	174955478	175128125	chr3:174673268..174674042-chr3:174844572..174845915,4	400	.	174955478	175128125	16711680	2	774,1343,	0,171304,
chr3	174955948	175137221	chr3:174673738..174674520-chr3:174854422..174855011,2	200	.	174955948	175137221	16711680	2	782,589,	0,180684,
chr4	74374421	74618993	chr4:75240138..75240716-chr4:75543495..75544207,2	200	.	74374421	74618993	16711680	2	578,712,	0,243860,
chr4	74374814	74662836	chr4:75240531..75241121-chr4:75587038..75588035,2	200	.	74374814	74662836	16711680	2	590,997,	0,287025,
chr4	74473232	74580589	chr4:75338949..75339551-chr4:75505240..75505771,2	200	.	74473232	74580589	16711680	2	602,531,	0,106826,
chr5	19048436	19885627	chr5:19048545..19049639-chr5:19884956..19885736,3	300	.	19048436	19885627	16711680	2	1094,780,	0,836411,
chr5	19048527	20502512	chr5:19048636..19049560-chr5:20501748..20502621,3	300	.	19048527	20502512	16711680	2	924,873,	0,1453112,
chr5	19048699	19735362	chr5:19048808..19049503-chr5:19734870..19735471,2	200	.	19048699	19735362	16711680	2	695,601,	0,686062,
chr5	137850148	137889348	chr5:137185837..137186695-chr5:137224432..137225037,2	200	.	137850148	137889348	16711680	2	858,605,	0,38595,
chr6	44110069	44238675	chr6:44077806..44078726-chr6:44204971..44206412,4	400	.	44110069	44238675	16711680	2	920,1441,	0,127165,
chr6	53464837	53812310	chr6:53329635..53330329-chr6:53676241..53677108,3	300	.	53464837	53812310	16711680	2	694,867,	0,346606,
chr6	125201951	125585757	chr6:125523097..125523698-chr6:125906341..125906903,2	200	.	125201951	125585757	16711680	2	601,562,	0,383244,
chr7	102316891	105284286	chr7:101957358..101957925-chr7:104924102..104924733,2	200	.	102316891	105284286	16711680	2	567,631,	0,2966764,
chr7	151694484	151857243	chr7:151391570..151392561-chr7:151553318..151554328,13	1000	.	151694484	151857243	16711680	2	991,1010,	0,161749,
chr7	151721270	151857216	chr7:151418356..151419311-chr7:151553722..151554301,2	200	.	151721270	151857216	16711680	2	955,579,	0,135367,
chr8	33244813	127871118	chr8:33102331..33103254-chr8:128882687..128883364,2	200	.	33244813	127871118	16711680	2	923,677,	0,94625628,
chr8	68758111	69112043	chr8:69670346..69670937-chr8:70023622..70024278,2	200	.	68758111	69112043	16711680	2	591,656,	0,353276,
chr8	68853032	69112273	chr8:69765267..69766228-chr8:70023907..70024508,4	400	.	68853032	69112273	16711680	2	961,601,	0,258640,
chr8	68853634	69046512	chr8:69765869..69767143-chr8:69958070..69958747,3	300	.	68853634	69046512	16711680	2	1274,677,	0,192201,
chr8	68854134	69112277	chr8:69766369..69767301-chr8:70023597..70024512,9	900	.	68854134	69112277	16711680	2	932,915,	0,257228,
chr8	68854408	69026201	chr8:69766643..69767279-chr8:69937797..69938436,4	400	.	68854408	69026201	16711680	2	636,639,	0,171154,
chr8	68874991	69112296	chr8:69787226..69788218-chr8:70023691..70024531,2	200	.	68874991	69112296	16711680	2	992,840,	0,236465,
chr8	90581412	90913218	chr8:91593640..91594279-chr8:91924795..91925446,2	200	.	90581412	90913218	16711680	2	639,651,	0,331155,
chr8	97764228	99818941	chr8:98776456..98777064-chr8:100830411..100831169,2	200	.	97764228	99818941	16711680	2	608,758,	0,2053955,
chr8	100719344	101121345	chr8:101731572..101732178-chr8:102132634..102133573,2	200	.	100719344	101121345	16711680	2	606,939,	0,401062,
chr8	100952494	101121307	chr8:101964722..101965498-chr8:102132633..102133535,3	300	.	100952494	101121307	16711680	2	776,902,	0,167911,
chr8	100994375	101121124	chr8:102006603..102007281-chr8:102132823..102133352,2	200	.	100994375	101121124	16711680	2	678,529,	0,126220,
chr8	101003592	101121357	chr8:102015820..102016789-chr8:102132695..102133585,3	300	.	101003592	101121357	16711680	2	969,890,	0,116875,
chr9	71782929	72026773	chr9:74397845..74398622-chr9:74641131..74641689,2	200	.	71782929	72026773	16711680	2	777,558,	0,243286,
chr9	71783043	71993028	chr9:74397959..74398839-chr9:74606978..74607944,2	200	.	71783043	71993028	16711680	2	880,966,	0,209019,
chr9	77846560	78041123	chr9:80461476..80462080-chr9:80655490..80656039,2	200	.	77846560	78041123	16711680	2	604,549,	0,194014,
chr9	88369936	125174889	chr9:90984851..90985655-chr9:127936274..127937168,2	200	.	88369936	125174889	16711680	2	804,894,	0,36804059,
chr9	92665922	121717964	chr9:95428204..95428780-chr9:124479526..124480243,2	200	.	92665922	121717964	16711680	2	576,717,	0,29051325,
chr1	22472154	24606226	chr1:22798647..22799629-chr1:24931872..24932717,2	200	.	22472154	24606226	16711680	2	982,845,	0,2133227,
chr1	147669335	147717737	chr1:147141457..147142147-chr1:147188392..147189871,6	600	.	147669335	147717737	16711680	2	690,1479,	0,46923,
chr1	200016876	206904172	chr1:199986004..199986539-chr1:207076797..207077517,2	200	.	200016876	206904172	16711680	2	535,720,	0,6886576,
chr1	202112565	206904220	chr1:202081693..202082335-chr1:207076944..207077565,3	300	.	202112565	206904220	16711680	2	642,621,	0,4791034,
chr1	203059202	204146027	chr1:203028330..203029072-chr1:204114289..204115155,2	200	.	203059202	204146027	16711680	2	742,866,	0,1085959,
chr1	203089013	204145877	chr1:203058141..203059141-chr1:204114212..204115005,4	400	.	203089013	204145877	16711680	2	1000,793,	0,1056071,
chr1	206903703	227329107	chr1:207077048..207077588-chr1:227515958..227516808,2	200	.	206903703	227329107	16711680	2	540,850,	0,20424554,
chr1	215425012	215489958	chr1:215598355..215599119-chr1:215661939..215663301,3	300	.	215425012	215489958	16711680	2	764,1362,	0,63584,
chr1	215482165	215545620	chr1:215655508..215656065-chr1:215718108..215718963,2	200	.	215482165	215545620	16711680	2	557,855,	0,62600,
chr10	28495669	29812806	chr10:28784598..28785226-chr10:30101182..30101735,2	200	.	28495669	29812806	16711680	2	628,553,	0,1316584,
chr10	28495796	29630906	chr10:28784725..28785509-chr10:29919057..29919835,2	200	.	28495796	29630906	16711680	2	784,778,	0,1134332,
chr10	29124745	29304065	chr10:29413674..29414532-chr10:29592205..29592994,3	300	.	29124745	29304065	16711680	2	858,789,	0,178531,
chr10	48814678	63631518	chr10:50022723..50023301-chr10:65390468..65391278,2	200	.	48814678	63631518	16711680	2	578,810,	0,14816030,
chr10	50459895	50474456	chr10:52219655..52220286-chr10:52233488..52234216,2	200	.	50459895	50474456	16711680	2	631,728,	0,13833,
chr10	79128273	88108663	chr10:80888030..80888626-chr10:89867901..89868420,2	200	.	79128273	88108663	16711680	2	596,519,	0,8979871,
chr10	80436224	93435663	chr10:82195980..82196606-chr10:95194683..95195420,2	200	.	80436224	93435663	16711680	2	626,737,	0,12998702,
chr10	93434934	93571320	chr10:95194691..95195436-chr10:95330517..95331077,2	200	.	93434934	93571320	16711680	2	745,560,	0,135826,
chr11	1796549	76773186	chr11:1817779..1818422-chr11:76483693..76484230,2	200	.	1796549	76773186	16711680	2	643,537,	0,74976100,
chr11	2483365	118058362	chr11:2504595..2505283-chr11:117928318..117929077,2	200	.	2483365	118058362	16711680	2	688,759,	0,115574238,
chr11	7592311	71481690	chr11:7613542..7614042-chr11:71192235..71192736,2	200	.	7592311	71481690	16711680	2	500,501,	0,63888878,
chr11	16988979	69892051	chr11:17010526..17011427-chr11:69706034..69706819,2	200	.	16988979	69892051	16711680	2	901,785,	0,52902287,
chr11	67027884	73195270	chr11:66795355..66795926-chr11:72905348..72906315,2	200	.	67027884	73195270	16711680	2	571,967,	0,6166419,
chr11	69301754	76772814	chr11:69069221..69069828-chr11:76483332..76483858,2	200	.	69301754	76772814	16711680	2	607,526,	0,7470534,
chr11	69891281	76773128	chr11:69706049..69706986-chr11:76483445..76484172,3	300	.	69891281	76773128	16711680	2	937,727,	0,6881120,
chr11	72785693	73228630	chr11:72496738..72498123-chr11:72938613..72939675,6	600	.	72785693	73228630	16711680	2	1385,1062,	0,441875,
chr11	72786104	73193005	chr11:72497149..72498179-chr11:72903146..72904050,4	400	.	72786104	73193005	16711680	2	1030,904,	0,405997,
chr11	72786135	73195697	chr11:72497180..72498104-chr11:72904781..72906742,13	1000	.	72786135	73195697	16711680	2	924,1961,	0,407601,
chr11	72786217	76773137	chr11:72497262..72498128-chr11:76483358..76484181,4	400	.	72786217	76773137	16711680	2	866,823,	0,3986097,
chr11	72823824	73195299	chr11:72534869..72535372-chr11:72905498..72906344,2	200	.	72823824	73195299	16711680	2	503,846,	0,370629,
chr11	76772303	117303647	chr11:76483347..76483982-chr11:117173786..117174363,3	300	.	76772303	117303647	16711680	2	635,577,	0,40530767,
chr12	52148396	52972625	chr12:52542180..52543176-chr12:53365494..53366409,2	200	.	52148396	52972625	16711680	2	996,915,	0,823314,
chr12	52148409	52372535	chr12:52542193..52543151-chr12:52765331..52766319,8	800	.	52148409	52372535	16711680	2	958,988,	0,223138,
chr12	52148488	52895842	chr12:52542272..52543037-chr12:53288999..53289626,3	300	.	52148488	52895842	16711680	2	765,627,	0,746727,
chr12	52148491	52345400	chr12:52542275..52543057-chr12:52738513..52739184,4	400	.	52148491	52345400	16711680	2	782,671,	0,196238,
chr12	52148784	52338908	chr12:52542568..52543098-chr12:52732127..52732692,2	200	.	52148784	52338908	16711680	2	530,565,	0,189559,
chr12	52203253	52972483	chr12:52597037..52598024-chr12:53365549..53366267,2	200	.	52203253	52972483	16711680	2	987,718,	0,768512,
chr12	101697620	123070411	chr12:102091398..102092156-chr12:123554111..123554958,2	200	.	101697620	123070411	16711680	2	758,847,	0,21371944,
chr12	110247213	119171688	chr12:110685018..110685819-chr12:119608744..119609493,3	300	.	110247213	119171688	16711680	2	801,749,	0,8923726,
chr12	119170941	123070297	chr12:119608746..119609266-chr12:123553949..123554844,3	300	.	119170941	123070297	16711680	2	520,895,	0,3898461,
chr12	119171148	121176464	chr12:119608953..119609635-chr12:121613462..121614267,2	200	.	119171148	121176464	16711680	2	682,805,	0,2004511,
chr12	121748578	122191527	chr12:122186484..122187293-chr12:122675389..122676074,2	200	.	121748578	122191527	16711680	2	809,685,	0,442264,
chr14	34320475	93017787	chr14:34789681..34790201-chr14:93483516..93484132,2	200	.	34320475	93017787	16711680	2	520,616,	0,58696696,
chr14	35334222	35404340	chr14:35803428..35804017-chr14:35872984..35873546,2	200	.	35334222	35404340	16711680	2	589,562,	0,69556,
chr14	35340587	35404496	chr14:35809793..35810659-chr14:35872956..35873702,3	300	.	35340587	35404496	16711680	2	866,746,	0,63163,
chr14	49853003	49993229	chr14:50319721..50320331-chr14:50459339..50459947,2	200	.	49853003	49993229	16711680	2	610,608,	0,139618,
chr14	49974797	50018996	chr14:50441515..50442352-chr14:50484845..50485714,3	300	.	49974797	50018996	16711680	2	837,869,	0,43330,
chr14	49992485	50018966	chr14:50459203..50460322-chr14:50484735..50485684,12	1000	.	49992485	50018966	16711680	2	1119,949,	0,25532,
chr14	50003452	50018735	chr14:50470170..50470734-chr14:50484810..50485453,3	300	.	50003452	50018735	16711680	2	564,643,	0,14640,
chr14	50004380	50019034	chr14:50471098..50471638-chr14:50484778..50485752,3	300	.	50004380	50019034	16711680	2	540,974,	0,13680,
chr14	68177413	68570734	chr14:68644130..68645077-chr14:69036391..69037451,11	1000	.	68177413	68570734	16711680	2	947,1060,	0,392261,
chr14	68177534	68459411	chr14:68644251..68644931-chr14:68925498..68926128,4	400	.	68177534	68459411	16711680	2	680,630,	0,281247,
chr14	73601834	73787733	chr14:74068538..74069454-chr14:74253476..74254436,2	200	.	73601834	73787733	16711680	2	916,960,	0,184939,
chr14	73601883	73785352	chr14:74068587..74069172-chr14:74251195..74252055,3	300	.	73601883	73785352	16711680	2	585,860,	0,182609,
chr14	73601927	73783189	chr14:74068631..74069516-chr14:74248972..74249892,3	300	.	73601927	73783189	16711680	2	885,920,	0,180342,
chr14	73633518	73756793	chr14:74100222..74101041-chr14:74222987..74223496,2	200	.	73633518	73756793	16711680	2	820,509,	0,122766,
chr14	73633545	73785325	chr14:74100249..74101150-chr14:74251194..74252028,7	700	.	73633545	73785325	16711680	2	902,834,	0,150946,
chr14	73633585	73783215	chr14:74100289..74101054-chr14:74249179..74249918,4	400	.	73633585	73783215	16711680	2	766,739,	0,148891,
chr14	73633619	73776093	chr14:74100323..74100826-chr14:74242128..74242796,2	200	.	73633619	73776093	16711680	2	504,668,	0,141806,
chr14	77400010	103693739	chr14:77866353..77867046-chr14:104159478..104160076,2	200	.	77400010	103693739	16711680	2	693,598,	0,26293131,
chr14	77400197	95057080	chr14:77866540..77867058-chr14:95522663..95523417,2	200	.	77400197	95057080	16711680	2	518,754,	0,17656129,
chr15	57591269	73710734	chr15:57883467..57884028-chr15:74002521..74003075,2	200	.	57591269	73710734	16711680	2	561,554,	0,16118911,
chr15	92645269	98749439	chr15:93188499..93189069-chr15:99292139..99292668,2	200	.	92645269	98749439	16711680	2	570,529,	0,6103641,
chr15	96001273	96339919	chr15:96544502..96545045-chr15:96882251..96883148,2	200	.	96001273	96339919	16711680	2	543,897,	0,337749,
chr16	11457008	85306741	chr16:11550864..11551384-chr16:85339762..85340347,3	300	.	11457008	85306741	16711680	2	520,585,	0,73849148,
chr16	29310776	88017294	chr16:29322097..29322894-chr16:88050372..88050900,4	400	.	29310776	88017294	16711680	2	797,528,	0,58705990,
chr16	70136382	72930069	chr16:70170285..70171145-chr16:72963448..72963968,2	200	.	70136382	72930069	16711680	2	860,520,	0,2793167,
chr16	70136406	72913979	chr16:70170309..70171136-chr16:72947288..72947878,2	200	.	70136406	72913979	16711680	2	827,590,	0,2776983,
chr17	7951524	47693782	chr17:7854842..7855345-chr17:45770546..45771148,2	200	.	7951524	47693782	16711680	2	503,602,	0,39741656,
chr17	7957595	40449254	chr17:7860913..7861620-chr17:38604584..38605506,2	200	.	7957595	40449254	16711680	2	707,922,	0,32490737,
chr17	50944302	66952576	chr17:49021663..49022369-chr17:64948068..64948692,2	200	.	50944302	66952576	16711680	2	706,624,	0,16007650,
chr17	58639337	61399697	chr17:56716698..56717561-chr17:59476173..59477058,3	300	.	58639337	61399697	16711680	2	863,885,	0,2759475,
chr17	58639367	74770381	chr17:56716728..56717836-chr17:72765636..72766520,4	400	.	58639367	74770381	16711680	2	1108,884,	0,16130130,
chr17	58639388	60295342	chr17:56716749..56717302-chr17:58371716..58372703,2	200	.	58639388	60295342	16711680	2	553,987,	0,1654967,
chr17	58639404	59107281	chr17:56716765..56717627-chr17:57183709..57184642,2	200	.	58639404	59107281	16711680	2	862,933,	0,466944,
chr17	58639404	74761324	chr17:56716765..56717651-chr17:72756497..72757463,3	300	.	58639404	74761324	16711680	2	886,966,	0,16120954,
chr17	58639416	61723887	chr17:56716777..56717664-chr17:59800437..59801248,5	500	.	58639416	61723887	16711680	2	887,811,	0,3083660,
chr17	58639425	67555840	chr17:56716786..56717582-chr17:65551383..65551956,2	200	.	58639425	67555840	16711680	2	796,573,	0,8915842,
chr17	58639496	60345826	chr17:56716857..56717548-chr17:58422241..58423187,2	200	.	58639496	60345826	16711680	2	691,946,	0,1705384,
chr17	58639707	83068190	chr17:56717068..56717611-chr17:81025144..81026066,2	200	.	58639707	83068190	16711680	2	543,922,	0,24427561,
chr17	58639721	60019464	chr17:56717082..56717673-chr17:58095880..58096825,2	200	.	58639721	60019464	16711680	2	591,945,	0,1378798,
chr17	61399181	61723896	chr17:59476542..59477343-chr17:59800457..59801257,2	200	.	61399181	61723896	16711680	2	801,800,	0,323915,
chr17	61414540	61723573	chr17:59491901..59492565-chr17:59800428..59800934,2	200	.	61414540	61723573	16711680	2	664,506,	0,308527,
chr17	61450008	61519368	chr17:59527369..59528101-chr17:59595810..59596729,4	400	.	61450008	61519368	16711680	2	732,919,	0,68441,
chr17	62135216	62962162	chr17:60212577..60214017-chr17:61038798..61039523,4	400	.	62135216	62962162	16711680	2	1440,725,	0,826221,
chr17	65194396	66952922	chr17:63190514..63191429-chr17:64948344..64949038,2	200	.	65194396	66952922	16711680	2	915,694,	0,1757832,
chr17	74769431	78421715	chr17:72765570..72766464-chr17:76416930..76417796,2	200	.	74769431	78421715	16711680	2	894,866,	0,3651418,
chr18	45802422	63242230	chr18:43382387..43383233-chr18:60908770..60909463,2	200	.	45802422	63242230	16711680	2	846,693,	0,17439115,
chr18	45802768	74243342	chr18:43382733..43383273-chr18:71909946..71910577,2	200	.	45802768	74243342	16711680	2	540,631,	0,28439943,
chr18	60053698	63241940	chr18:57720930..57721658-chr18:60908550..60909173,3	300	.	60053698	63241940	16711680	2	728,623,	0,3187619,
chr19	35317095	40466727	chr19:35807998..35809046-chr19:40971871..40972634,3	300	.	35317095	40466727	16711680	2	1048,763,	0,5148869,
chr19	38714561	39131013	chr19:39205201..39205716-chr19:39621102..39621653,2	200	.	38714561	39131013	16711680	2	515,551,	0,415901,
chr2	11498281	42011323	chr2:11638407..11639204-chr2:42237726..42238463,2	200	.	11498281	42011323	16711680	2	797,737,	0,30512305,
chr2	11498285	42036446	chr2:11638411..11638996-chr2:42262739..42263586,2	200	.	11498285	42036446	16711680	2	585,847,	0,30537314,
chr2	173428355	173767498	chr2:174293083..174293895-chr2:174631362..174632226,3	300	.	173428355	173767498	16711680	2	812,864,	0,338279,
chr2	236398178	237041935	chr2:237306821..237307335-chr2:237949702..237950578,2	200	.	236398178	237041935	16711680	2	514,876,	0,642881,
chr2	236611201	237041951	chr2:237519844..237520919-chr2:237949642..237950594,19	1000	.	236611201	237041951	16711680	2	1075,952,	0,429798,
chr2	236611236	237559257	chr2:237519879..237520685-chr2:238467323..238467900,3	300	.	236611236	237559257	16711680	2	806,577,	0,947444,
chr2	236611238	236818794	chr2:237519881..237520452-chr2:237726761..237727437,2	200	.	236611238	236818794	16711680	2	571,676,	0,206880,
chr2	236611249	236732849	chr2:237519892..237520948-chr2:237640150..237641492,14	1000	.	236611249	236732849	16711680	2	1056,1342,	0,120258,
chr2	236611288	236875511	chr2:237519931..237520711-chr2:237783314..237784154,2	200	.	236611288	236875511	16711680	2	780,840,	0,263383,
chr2	236611292	236967772	chr2:237519935..237520890-chr2:237875850..237876415,5	500	.	236611292	236967772	16711680	2	955,565,	0,355915,
chr2	236645294	237041775	chr2:237553937..237554607-chr2:237949648..237950418,3	300	.	236645294	237041775	16711680	2	670,770,	0,395711,
chr2	236692585	237041896	chr2:237601228..237601946-chr2:237949783..237950539,4	400	.	236692585	237041896	16711680	2	718,756,	0,348555,
chr20	32040436	36587874	chr20:30628239..30629118-chr20:35215360..35216277,3	300	.	32040436	36587874	16711680	2	879,917,	0,4546521,
chr20	32040656	50764407	chr20:30628459..30629130-chr20:49380377..49380944,2	200	.	32040656	50764407	16711680	2	671,567,	0,18723184,
chr20	44765394	50727608	chr20:43394035..43394712-chr20:49343636..49344145,2	200	.	44765394	50727608	16711680	2	677,509,	0,5961705,
chr20	47231548	50728068	chr20:45860293..45861141-chr20:49344055..49344605,3	300	.	47231548	50728068	16711680	2	848,550,	0,3495970,
chr20	47344960	50764745	chr20:45973704..45974631-chr20:49380515..49381282,2	200	.	47344960	50764745	16711680	2	927,767,	0,3419018,
chr20	47344966	50727991	chr20:45973710..45974638-chr20:49343585..49344528,5	500	.	47344966	50727991	16711680	2	928,943,	0,3382082,
chr20	47344997	54149590	chr20:45973741..45974624-chr20:52765376..52766129,2	200	.	47344997	54149590	16711680	2	883,753,	0,6803840,
chr20	47382321	50728017	chr20:46011065..46012101-chr20:49343601..49344554,10	1000	.	47382321	50728017	16711680	2	1036,953,	0,3344743,
chr20	47801056	48572824	chr20:46429800..46430727-chr20:47188493..47189362,3	300	.	47801056	48572824	16711680	2	927,869,	0,770899,
chr20	47801082	48076538	chr20:46429826..46430688-chr20:46704454..46705281,2	200	.	47801082	48076538	16711680	2	862,827,	0,274629,
chr20	47954170	48076444	chr20:46582914..46583760-chr20:46704536..46705187,2	200	.	47954170	48076444	16711680	2	846,651,	0,121623,
chr20	48075662	54195929	chr20:46704405..46705661-chr20:52811576..52812468,11	1000	.	48075662	54195929	16711680	2	1256,892,	0,6119375,
chr20	48075953	54149660	chr20:46704696..46705362-chr20:52765431..52766199,3	300	.	48075953	54149660	16711680	2	666,768,	0,6072939,
chr20	48075983	54124240	chr20:46704726..46705304-chr20:52739986..52740779,2	200	.	48075983	54124240	16711680	2	578,793,	0,6047464,
chr20	48571904	54124017	chr20:47188442..47188973-chr20:52739962..52740556,2	200	.	48571904	54124017	16711680	2	531,594,	0,5551519,
chr20	48571915	54149631	chr20:47188453..47188965-chr20:52765584..52766170,2	200	.	48571915	54149631	16711680	2	512,586,	0,5577130,
chr20	48572031	54195941	chr20:47188569..47189430-chr20:52811887..52812480,3	300	.	48572031	54195941	16711680	2	861,593,	0,5623317,
chr20	48864158	54124360	chr20:47480695..47481839-chr20:52739928..52740899,4	400	.	48864158	54124360	16711680	2	1144,971,	0,5259231,
chr20	48864488	54149669	chr20:47481025..47481946-chr20:52765386..52766208,6	600	.	48864488	54149669	16711680	2	921,822,	0,5284359,
chr20	50656835	63666015	chr20:49273372..49273971-chr20:62296826..62297368,2	200	.	50656835	63666015	16711680	2	599,542,	0,13008638,
chr20	50678080	63864442	chr20:49294617..49295196-chr20:62495119..62495795,2	200	.	50678080	63864442	16711680	2	579,676,	0,13185686,
chr20	50727011	53608940	chr20:49343548..49344653-chr20:52224557..52225479,4	400	.	50727011	53608940	16711680	2	1105,922,	0,2881007,
chr20	50727036	54127706	chr20:49343573..49344377-chr20:52743412..52744245,3	300	.	50727036	54127706	16711680	2	804,833,	0,3399837,
chr20	50727073	54124300	chr20:49343610..49344768-chr20:52739740..52740839,12	1000	.	50727073	54124300	16711680	2	1158,1099,	0,3396128,
chr20	50727090	54195928	chr20:49343627..49344448-chr20:52811576..52812467,8	800	.	50727090	54195928	16711680	2	821,891,	0,3467947,
chr20	50727091	63864384	chr20:49343628..49344471-chr20:62495132..62495737,3	300	.	50727091	63864384	16711680	2	843,605,	0,13136688,
chr20	50727102	57263124	chr20:49343639..49344493-chr20:55837411..55838180,2	200	.	50727102	57263124	16711680	2	854,769,	0,6535253,
chr20	50727106	54149736	chr20:49343643..49344527-chr20:52765356..52766275,9	900	.	50727106	54149736	16711680	2	884,919,	0,3421711,
chr20	50727458	53662319	chr20:49343995..49344510-chr20:52278099..52278858,2	200	.	50727458	53662319	16711680	2	515,759,	0,2934102,
chr20	50763776	54149750	chr20:49380313..49381331-chr20:52765364..52766289,7	700	.	50763776	54149750	16711680	2	1018,925,	0,3385049,
chr20	50763971	54124518	chr20:49380508..49381298-chr20:52739964..52741057,3	300	.	50763971	54124518	16711680	2	790,1093,	0,3359454,
chr20	50764210	54195906	chr20:49380747..49381254-chr20:52811935..52812445,2	200	.	50764210	54195906	16711680	2	507,510,	0,3431186,
chr20	51387432	53429318	chr20:50003969..50004658-chr20:52045062..52045857,2	200	.	51387432	53429318	16711680	2	689,795,	0,2041091,
chr20	53579028	53662373	chr20:52195567..52196120-chr20:52278101..52278912,2	200	.	53579028	53662373	16711680	2	553,811,	0,82534,
chr20	53600795	53662415	chr20:52217334..52218268-chr20:52278453..52278954,2	200	.	53600795	53662415	16711680	2	934,501,	0,61119,
chr20	53607896	53662472	chr20:52224435..52225427-chr20:52278008..52279011,24	1000	.	53607896	53662472	16711680	2	992,1003,	0,53573,
chr20	53607971	54124322	chr20:52224510..52225382-chr20:52740058..52740861,3	300	.	53607971	54124322	16711680	2	872,803,	0,515548,
chr20	53607975	53725770	chr20:52224514..52225370-chr20:52341393..52342309,6	600	.	53607975	53725770	16711680	2	856,916,	0,116879,
chr20	53607993	54149627	chr20:52224532..52225329-chr20:52765348..52766166,4	400	.	53607993	54149627	16711680	2	797,818,	0,540816,
chr20	53608016	53786305	chr20:52224555..52225218-chr20:52402217..52402844,2	200	.	53608016	53786305	16711680	2	663,627,	0,177662,
chr20	53608039	54195876	chr20:52224578..52225376-chr20:52811636..52812415,3	300	.	53608039	54195876	16711680	2	798,779,	0,587058,
chr20	53622142	53662332	chr20:52238681..52239274-chr20:52278222..52278871,2	200	.	53622142	53662332	16711680	2	593,649,	0,39541,
chr20	53660808	54149739	chr20:52277347..52278945-chr20:52765329..52766278,10	1000	.	53660808	54149739	16711680	2	1598,949,	0,487982,
chr20	53661489	54195963	chr20:52278028..52278954-chr20:52811294..52812502,10	1000	.	53661489	54195963	16711680	2	926,1208,	0,533266,
chr20	53661511	54124310	chr20:52278050..52278914-chr20:52739934..52740849,4	400	.	53661511	54124310	16711680	2	864,915,	0,461884,
chr20	53661522	53983567	chr20:52278061..52278601-chr20:52599248..52600106,2	200	.	53661522	53983567	16711680	2	540,858,	0,321187,
chr20	53661529	57264083	chr20:52278068..52279052-chr20:55837939..55839139,4	400	.	53661529	57264083	16711680	2	984,1200,	0,3601354,
chr20	53661844	53866878	chr20:52278383..52278965-chr20:52482508..52483417,2	200	.	53661844	53866878	16711680	2	582,909,	0,204125,
chr20	53724848	57263619	chr20:52341387..52341931-chr20:55838149..55838675,2	200	.	53724848	57263619	16711680	2	544,526,	0,3538245,
chr20	53724928	54195800	chr20:52341467..52342256-chr20:52811552..52812339,2	200	.	53724928	54195800	16711680	2	789,787,	0,470085,
chr20	53805002	54149422	chr20:52421541..52422373-chr20:52765421..52765961,2	200	.	53805002	54149422	16711680	2	832,540,	0,343880,
chr20	53979666	54149385	chr20:52596205..52597011-chr20:52765364..52765924,2	200	.	53979666	54149385	16711680	2	806,560,	0,169159,
chr20	53979747	54195635	chr20:52596286..52597038-chr20:52811502..52812174,4	400	.	53979747	54195635	16711680	2	752,672,	0,215216,
chr20	53982565	54195998	chr20:52599104..52600037-chr20:52811545..52812537,13	1000	.	53982565	54195998	16711680	2	933,992,	0,212441,
chr20	53982681	54149675	chr20:52599220..52600094-chr20:52765356..52766214,8	800	.	53982681	54149675	16711680	2	874,858,	0,166136,
chr20	54070288	54195831	chr20:52686827..52687794-chr20:52811640..52812370,4	400	.	54070288	54195831	16711680	2	967,730,	0,124813,
chr20	54084699	54196016	chr20:52701238..52702114-chr20:52811547..52812555,3	300	.	54084699	54196016	16711680	2	876,1008,	0,110309,
chr20	54084766	54149708	chr20:52701305..52702094-chr20:52765727..52766247,2	200	.	54084766	54149708	16711680	2	789,520,	0,64422,
chr20	54086778	54149746	chr20:52703317..52704240-chr20:52765410..52766285,3	300	.	54086778	54149746	16711680	2	923,875,	0,62093,
chr20	54086829	54195649	chr20:52703368..52704204-chr20:52811305..52812188,2	200	.	54086829	54195649	16711680	2	836,883,	0,107937,
chr20	54090510	54196068	chr20:52707049..52707910-chr20:52811675..52812607,2	200	.	54090510	54196068	16711680	2	861,932,	0,104626,
chr20	54099211	54195995	chr20:52715750..52716723-chr20:52811566..52812534,17	1000	.	54099211	54195995	16711680	2	973,968,	0,95816,
chr20	54099239	54149802	chr20:52715778..52716806-chr20:52765023..52766341,13	1000	.	54099239	54149802	16711680	2	1028,1318,	0,49245,
chr20	54101934	54195951	chr20:52718473..52720185-chr20:52811223..52812490,9	900	.	54101934	54195951	16711680	2	1712,1267,	0,92750,
chr20	54102207	54149670	chr20:52718746..52719361-chr20:52765699..52766209,2	200	.	54102207	54149670	16711680	2	615,510,	0,46953,
chr20	54103812	54196017	chr20:52720351..52721444-chr20:52811556..52812556,11	1000	.	54103812	54196017	16711680	2	1093,1000,	0,91205,
chr20	54103814	54149763	chr20:52720353..52721347-chr20:52765343..52766302,16	1000	.	54103814	54149763	16711680	2	994,959,	0,44990,
chr20	54107592	54195981	chr20:52724131..52725049-chr20:52811640..52812520,3	300	.	54107592	54195981	16711680	2	918,880,	0,87509,
chr20	54107648	54149696	chr20:52724187..52724972-chr20:52765344..52766235,2	200	.	54107648	54149696	16711680	2	785,891,	0,41157,
chr20	54109994	54195940	chr20:52726533..52727451-chr20:52811544..52812479,2	200	.	54109994	54195940	16711680	2	918,935,	0,85011,
chr20	54123039	54149828	chr20:52739578..52741059-chr20:52765012..52766367,586	1000	.	54123039	54149828	16711680	2	1481,1355,	0,25434,
chr20	54123195	54196848	chr20:52739734..52741479-chr20:52811006..52813387,532	1000	.	54123195	54196848	16711680	2	1745,2381,	0,71272,
chr20	54123405	57263651	chr20:52739944..52740757-chr20:55838175..55838707,2	200	.	54123405	57263651	16711680	2	813,532,	0,3139714,
chr20	54123429	54269564	chr20:52739968..52740956-chr20:52885332..52886103,2	200	.	54123429	54269564	16711680	2	988,771,	0,145364,
chr20	54123720	54152398	chr20:52740259..52740856-chr20:52768240..52768937,2	200	.	54123720	54152398	16711680	2	597,697,	0,27981,
chr20	54126217	54196022	chr20:52742756..52744375-chr20:52811104..52812561,187	1000	.	54126217	54196022	16711680	2	1619,1457,	0,68348,
chr20	54126631	54149807	chr20:52743170..52744431-chr20:52765148..52766346,200	1000	.	54126631	54149807	16711680	2	1261,1198,	0,21978,
chr20	54148735	57263705	chr20:52765274..52766299-chr20:55837767..55838761,6	600	.	54148735	57263705	16711680	2	1025,994,	0,3113976,
chr20	54194614	57157837	chr20:52811153..52812089-chr20:55732008..55732893,2	200	.	54194614	57157837	16711680	2	936,885,	0,2962338,
chr20	54195074	57263606	chr20:52811613..52812255-chr20:55838036..55838662,2	200	.	54195074	57263606	16711680	2	642,626,	0,3067906,
chr20	56734911	56955420	chr20:55309967..55310940-chr20:55529565..55530476,3	300	.	56734911	56955420	16711680	2	973,911,	0,219598,
chr20	56734948	56919842	chr20:55310004..55310858-chr20:55493841..55494898,6	600	.	56734948	56919842	16711680	2	854,1057,	0,183837,
chr20	56735039	56937233	chr20:55310095..55310948-chr20:55511359..55512289,5	500	.	56735039	56937233	16711680	2	853,930,	0,201264,
chr20	56735113	56890833	chr20:55310169..55310680-chr20:55465111..55465889,2	200	.	56735113	56890833	16711680	2	511,778,	0,154942,
chr20	56758442	56890811	chr20:55333498..55334485-chr20:55464724..55465867,11	1000	.	56758442	56890811	16711680	2	987,1143,	0,131226,
chr20	56758480	56919860	chr20:55333536..55334503-chr20:55493897..55494916,11	1000	.	56758480	56919860	16711680	2	967,1019,	0,160361,
chr20	56758506	56955377	chr20:55333562..55334504-chr20:55529531..55530433,4	400	.	56758506	56955377	16711680	2	942,902,	0,195969,
chr20	56758513	56937296	chr20:55333569..55334538-chr20:55511431..55512352,13	1000	.	56758513	56937296	16711680	2	969,921,	0,177862,
chr20	56758638	56974982	chr20:55333694..55334437-chr20:55549409..55550038,2	200	.	56758638	56974982	16711680	2	743,629,	0,215715,
chr20	57693409	58055539	chr20:56268465..56269557-chr20:56629680..56630595,5	500	.	57693409	58055539	16711680	2	1092,915,	0,361215,
chr20	57693653	58009482	chr20:56268709..56269582-chr20:56583656..56584538,3	300	.	57693653	58009482	16711680	2	873,882,	0,314947,
chr21	14863062	15587436	chr21:16235383..16236247-chr21:16959008..16959755,5	500	.	14863062	15587436	16711680	2	864,747,	0,723627,
chr21	14863185	15210643	chr21:16235506..16236268-chr21:16582287..16582963,3	300	.	14863185	15210643	16711680	2	762,676,	0,346782,
chr21	14863242	15173629	chr21:16235563..16236288-chr21:16545399..16545949,2	200	.	14863242	15173629	16711680	2	725,550,	0,309837,
chr21	15003030	15200314	chr21:16375351..16376357-chr21:16571993..16572634,4	400	.	15003030	15200314	16711680	2	1006,641,	0,196643,
chr21	15003092	15342988	chr21:16375413..16376190-chr21:16714500..16715307,2	200	.	15003092	15342988	16711680	2	777,807,	0,339089,
chr21	15003112	15210922	chr21:16375433..16376422-chr21:16582096..16583242,10	1000	.	15003112	15210922	16711680	2	989,1146,	0,206664,
chr21	15003119	15173648	chr21:16375440..16376325-chr21:16545085..16545968,7	700	.	15003119	15173648	16711680	2	885,883,	0,169646,
chr21	15003480	15444731	chr21:16375801..16376301-chr21:16816249..16817050,2	200	.	15003480	15444731	16711680	2	500,801,	0,440450,
chr21	15004988	15210962	chr21:16377309..16378284-chr21:16582106..16583282,23	1000	.	15004988	15210962	16711680	2	975,1176,	0,204798,
chr21	15005031	15204375	chr21:16377352..16378335-chr21:16575784..16576695,5	500	.	15005031	15204375	16711680	2	983,911,	0,198433,
chr21	15005039	15208301	chr21:16377360..16378259-chr21:16579926..16580621,2	200	.	15005039	15208301	16711680	2	899,695,	0,202567,
chr21	15005080	15343123	chr21:16377401..16378315-chr21:16714678..16715442,3	300	.	15005080	15343123	16711680	2	914,764,	0,337279,
chr21	15005093	15587534	chr21:16377414..16378299-chr21:16958983..16959853,8	800	.	15005093	15587534	16711680	2	885,870,	0,581571,
chr21	15005100	15173833	chr21:16377421..16378235-chr21:16545003..16546153,5	500	.	15005100	15173833	16711680	2	814,1150,	0,167583,
chr21	15005159	15200448	chr21:16377480..16378305-chr21:16571594..16572768,5	500	.	15005159	15200448	16711680	2	825,1174,	0,194115,
chr21	15065104	15173348	chr21:16437425..16437973-chr21:16545153..16545668,2	200	.	15065104	15173348	16711680	2	548,515,	0,107729,
chr21	15132428	15211036	chr21:16504749..16505697-chr21:16582211..16583356,7	700	.	15132428	15211036	16711680	2	948,1145,	0,77463,
chr21	15132483	15173966	chr21:16504804..16505761-chr21:16545069..16546286,8	800	.	15132483	15173966	16711680	2	957,1217,	0,40266,
chr21	15132490	15343099	chr21:16504811..16505431-chr21:16714538..16715418,2	200	.	15132490	15343099	16711680	2	620,880,	0,209729,
chr21	15132548	15587426	chr21:16504869..16505637-chr21:16958997..16959745,3	300	.	15132548	15587426	16711680	2	768,748,	0,454130,
chr21	34728245	35959109	chr21:36100543..36101354-chr21:37330530..37331407,2	200	.	34728245	35959109	16711680	2	811,877,	0,1229987,
chr21	34728381	35954213	chr21:36100679..36101309-chr21:37325734..37326511,2	200	.	34728381	35954213	16711680	2	630,777,	0,1225055,
chr22	20916831	28814068	chr22:21271119..21271671-chr22:29209503..29210056,2	200	.	20916831	28814068	16711680	2	552,553,	0,7896684,
chr22	24206830	24352663	chr22:24602798..24603440-chr22:24748086..24748631,2	200	.	24206830	24352663	16711680	2	642,545,	0,145288,
chr3	65924910	66483905	chr3:65910585..65911534-chr3:66533425..66534329,2	200	.	65924910	66483905	16711680	2	949,904,	0,558091,
chr3	66415928	66476180	chr3:66466352..66467019-chr3:66526000..66526604,2	200	.	66415928	66476180	16711680	2	667,604,	0,59648,
chr3	66416053	66483931	chr3:66466477..66467091-chr3:66533766..66534355,2	200	.	66416053	66483931	16711680	2	614,589,	0,67289,
chr3	150237678	150737801	chr3:149955465..149956733-chr3:150454752..150455588,5	500	.	150237678	150737801	16711680	2	1268,836,	0,499287,
chr3	150238230	150317975	chr3:149956017..149956661-chr3:150035058..150035762,2	200	.	150238230	150317975	16711680	2	644,704,	0,79041,
chr3	150722502	150845133	chr3:150440289..150441169-chr3:150562059..150562920,5	500	.	150722502	150845133	16711680	2	880,861,	0,121770,
chr3	150736898	150845238	chr3:150454685..150455867-chr3:150561994..150563025,47	1000	.	150736898	150845238	16711680	2	1182,1031,	0,107309,
chr3	150737007	161340155	chr3:150454794..150455301-chr3:161057325..161057943,2	200	.	150737007	161340155	16711680	2	507,618,	0,10602530,
chr3	150737026	156813086	chr3:150454813..150455567-chr3:156530003..156530875,3	300	.	150737026	156813086	16711680	2	754,872,	0,6075188,
chr3	150737090	154219393	chr3:150454877..150455683-chr3:153936263..153937182,5	500	.	150737090	154219393	16711680	2	806,919,	0,3481384,
chr3	150756182	150845153	chr3:150473969..150474942-chr3:150562035..150562940,4	400	.	150756182	150845153	16711680	2	973,905,	0,88066,
chr3	150769172	150845156	chr3:150486959..150487925-chr3:150562003..150562943,2	200	.	150769172	150845156	16711680	2	966,940,	0,75044,
chr3	150773478	150845142	chr3:150491265..150491866-chr3:150562006..150562929,2	200	.	150773478	150845142	16711680	2	601,923,	0,70741,
chr3	184597566	193880604	chr3:184315354..184315903-chr3:193597521..193598393,2	200	.	184597566	193880604	16711680	2	549,872,	0,9282166,
chr3	186772372	194159576	chr3:186490161..186490803-chr3:193876459..193877365,2	200	.	186772372	194159576	16711680	2	642,906,	0,7386298,
chr5	133249103	134467071	chr5:132584795..132586015-chr5:133801896..133802762,3	300	.	133249103	134467071	16711680	2	1220,866,	0,1217102,
chr5	133249216	139709828	chr5:132584908..132585796-chr5:139088618..139089413,2	200	.	133249216	139709828	16711680	2	888,795,	0,6459817,
chr5	133249448	135047808	chr5:132585140..132585932-chr5:134382886..134383498,2	200	.	133249448	135047808	16711680	2	792,612,	0,1797748,
chr5	137808588	137889406	chr5:137144277..137144863-chr5:137224146..137225095,3	300	.	137808588	137889406	16711680	2	586,949,	0,79869,
chr5	137850039	137889348	chr5:137185728..137186695-chr5:137224122..137225037,5	500	.	137850039	137889348	16711680	2	967,915,	0,38394,
chr5	147930152	168317064	chr5:147309715..147310543-chr5:167743563..167744069,2	200	.	147930152	168317064	16711680	2	828,506,	0,20386406,
chr5	155068438	168317005	chr5:154447998..154448799-chr5:167743429..167744010,2	200	.	155068438	168317005	16711680	2	801,581,	0,13247986,
chr6	6703509	17473843	chr6:6703742..6704568-chr6:17473445..17474074,2	200	.	6703509	17473843	16711680	2	826,629,	0,10769705,
chr6	9247871	10423829	chr6:9248104..9248985-chr6:10423273..10424062,3	300	.	9247871	10423829	16711680	2	881,789,	0,1175169,
chr6	43804642	44238521	chr6:43772379..43773030-chr6:44205542..44206258,2	200	.	43804642	44238521	16711680	2	651,716,	0,433163,
chr6	44110069	44238675	chr6:44077806..44078726-chr6:44204971..44206412,5	500	.	44110069	44238675	16711680	2	920,1441,	0,127165,
chr6	53465016	53812185	chr6:53329814..53330329-chr6:53676241..53676983,3	300	.	53465016	53812185	16711680	2	515,742,	0,346427,
chr7	101945081	106069664	chr7:101588361..101588877-chr7:105709175..105710110,2	200	.	101945081	106069664	16711680	2	516,935,	0,4123648,
chr7	102316891	105284286	chr7:101957358..101957925-chr7:104924102..104924733,2	200	.	102316891	105284286	16711680	2	567,631,	0,2966764,
chr7	151694484	151857243	chr7:151391570..151392561-chr7:151553318..151554328,19	1000	.	151694484	151857243	16711680	2	991,1010,	0,161749,
chr7	151694493	151736681	chr7:151391579..151392465-chr7:151433160..151433767,2	200	.	151694493	151736681	16711680	2	886,607,	0,41581,
chr7	151708873	151857172	chr7:151405959..151407061-chr7:151553440..151554257,3	300	.	151708873	151857172	16711680	2	1102,817,	0,147482,
chr7	151721270	151857216	chr7:151418356..151419311-chr7:151553722..151554301,2	200	.	151721270	151857216	16711680	2	955,579,	0,135367,
chr8	67380800	101504329	chr8:68293035..68293850-chr8:102516047..102516557,2	200	.	67380800	101504329	16711680	2	815,510,	0,34123019,
chr8	68853032	69112273	chr8:69765267..69766228-chr8:70023563..70024508,7	700	.	68853032	69112273	16711680	2	961,945,	0,258296,
chr8	68854187	69112277	chr8:69766422..69767301-chr8:70023556..70024512,9	900	.	68854187	69112277	16711680	2	879,956,	0,257134,
chr8	68854343	69026062	chr8:69766578..69767279-chr8:69937764..69938297,2	200	.	68854343	69026062	16711680	2	701,533,	0,171186,
chr8	90001393	90888014	chr8:91013621..91014389-chr8:91899653..91900242,2	200	.	90001393	90888014	16711680	2	768,589,	0,886032,
chr8	96359797	106624328	chr8:97372025..97372580-chr8:107636021..107636556,2	200	.	96359797	106624328	16711680	2	555,535,	0,10263996,
chr8	97266124	97764802	chr8:98278352..98278969-chr8:98776325..98777030,2	200	.	97266124	97764802	16711680	2	617,705,	0,497973,
chr8	97764044	101121273	chr8:98776272..98776965-chr8:102132660..102133501,2	200	.	97764044	101121273	16711680	2	693,841,	0,3356388,
chr8	97764080	99906108	chr8:98776308..98776975-chr8:100917691..100918336,2	200	.	97764080	99906108	16711680	2	667,645,	0,2141383,
chr8	97764126	106624723	chr8:98776354..98777057-chr8:107636084..107636951,4	400	.	97764126	106624723	16711680	2	703,867,	0,8859730,
chr8	97764228	99818941	chr8:98776456..98777064-chr8:100830411..100831169,2	200	.	97764228	99818941	16711680	2	608,758,	0,2053955,
chr8	99348165	99804874	chr8:100360393..100360964-chr8:100816462..100817102,2	200	.	99348165	99804874	16711680	2	571,640,	0,456069,
chr8	100719344	101121345	chr8:101731572..101732537-chr8:102132629..102133573,4	400	.	100719344	101121345	16711680	2	965,944,	0,401057,
chr8	100952090	101121345	chr8:101964318..101965498-chr8:102132633..102133573,6	600	.	100952090	101121345	16711680	2	1180,940,	0,168315,
chr8	100954273	101121225	chr8:101966501..101967058-chr8:102132683..102133453,3	300	.	100954273	101121225	16711680	2	557,770,	0,166182,
chr8	100994375	101121299	chr8:102006603..102007547-chr8:102132594..102133527,5	500	.	100994375	101121299	16711680	2	944,933,	0,125991,
chr8	101003592	101121357	chr8:102015820..102016789-chr8:102132695..102133585,4	400	.	101003592	101121357	16711680	2	969,890,	0,116875,
chr8	118112273	144372949	chr8:119124512..119125012-chr8:145596006..145596638,2	200	.	118112273	144372949	16711680	2	500,610,	0,26260066,
chr8	139372547	139758894	chr8:140384791..140385611-chr8:140770477..140771137,2	200	.	139372547	139758894	16711680	2	820,660,	0,385687,
chr8	139372787	140258256	chr8:140385031..140385570-chr8:141267788..141268355,3	300	.	139372787	140258256	16711680	2	539,567,	0,884902,
chr9	71782929	72026928	chr9:74397845..74398774-chr9:74641097..74641844,4	400	.	71782929	72026928	16711680	2	929,747,	0,243252,
chr9	71783043	71993028	chr9:74397959..74398839-chr9:74606978..74607944,2	200	.	71783043	71993028	16711680	2	880,966,	0,209019,
chr9	92665922	121717964	chr9:95428204..95428780-chr9:124479526..124480243,2	200	.	92665922	121717964	16711680	2	576,717,	0,29051325,
chr9	128026518	128097688	chr9:130788797..130789413-chr9:130859150..130859967,2	200	.	128026518	128097688	16711680	2	616,817,	0,70353,
chr9	129488404	135393049	chr9:132250683..132251508-chr9:138284217..138284895,3	300	.	129488404	135393049	16711680	2	825,678,	0,5903967,
chr1	32831811	206904130	chr1:33297412..33297932-chr1:207076729..207077475,2	200	.	32831811	206904130	16711680	2	520,746,	0,174071573,
chr1	107420305	111513703	chr1:107962927..107963748-chr1:112055814..112056325,2	200	.	107420305	111513703	16711680	2	821,511,	0,4092887,
chr1	107470032	182473766	chr1:108012654..108013170-chr1:182442381..182442901,2	200	.	107470032	182473766	16711680	2	516,520,	0,75003214,
chr1	202335245	206904048	chr1:202304373..202305136-chr1:207076647..207077393,2	200	.	202335245	206904048	16711680	2	763,746,	0,4568057,
chr1	203089124	204145853	chr1:203058252..203058882-chr1:204114376..204114981,2	200	.	203089124	204145853	16711680	2	630,605,	0,1056124,
chr10	29149742	29164375	chr10:29438671..29439506-chr10:29452536..29453304,2	200	.	29149742	29164375	16711680	2	835,768,	0,13865,
chr10	93435110	100884009	chr10:95194867..95195426-chr10:102642824..102643766,2	200	.	93435110	100884009	16711680	2	559,942,	0,7447957,
chr11	16956651	76773158	chr11:16978198..16978723-chr11:76483683..76484202,2	200	.	16956651	76773158	16711680	2	525,519,	0,59815988,
chr11	72786412	73197600	chr11:72497457..72498076-chr11:72908087..72908645,2	200	.	72786412	73197600	16711680	2	619,558,	0,410630,
chr11	72786571	73192613	chr11:72497616..72498162-chr11:72903047..72903658,2	200	.	72786571	73192613	16711680	2	546,611,	0,405431,
chr12	52148508	52972176	chr12:52542292..52542838-chr12:53365341..53365960,2	200	.	52148508	52972176	16711680	2	546,619,	0,823049,
chr12	52148665	52372382	chr12:52542449..52543112-chr12:52765386..52766166,3	300	.	52148665	52372382	16711680	2	663,780,	0,222937,
chr12	88181895	88459578	chr12:88575672..88576451-chr12:88852795..88853355,2	200	.	88181895	88459578	16711680	2	779,560,	0,277123,
chr12	116390521	121749439	chr12:116828326..116828938-chr12:122186633..122187345,3	300	.	116390521	121749439	16711680	2	612,712,	0,5358206,
chr12	121748488	123070520	chr12:122186394..122187383-chr12:123554322..123555067,2	200	.	121748488	123070520	16711680	2	989,745,	0,1321287,
chr14	49992685	50018955	chr14:50459403..50460282-chr14:50485010..50485673,3	300	.	49992685	50018955	16711680	2	879,663,	0,25607,
chr14	73601971	73785499	chr14:74068675..74069280-chr14:74251230..74252202,2	200	.	73601971	73785499	16711680	2	605,972,	0,182556,
chr14	73633680	73785359	chr14:74100384..74101250-chr14:74251129..74252062,2	200	.	73633680	73785359	16711680	2	867,933,	0,150746,
chr17	57342930	72618613	chr17:55420291..55420841-chr17:70614222..70614752,2	200	.	57342930	72618613	16711680	2	550,530,	0,15275153,
chr17	58639354	74761272	chr17:56716715..56717568-chr17:72756513..72757411,3	300	.	58639354	74761272	16711680	2	853,898,	0,16121020,
chr17	58639402	61723960	chr17:56716763..56717369-chr17:59800406..59801321,3	300	.	58639402	61723960	16711680	2	606,915,	0,3083643,
chr17	61398994	61723584	chr17:59476355..59477034-chr17:59800402..59800945,2	200	.	61398994	61723584	16711680	2	679,543,	0,324047,
chr17	62135170	62962187	chr17:60212531..60213211-chr17:61038756..61039548,3	300	.	62135170	62962187	16711680	2	680,792,	0,826225,
chr17	66952331	67557887	chr17:64948447..64949289-chr17:65553243..65554003,2	200	.	66952331	67557887	16711680	2	842,760,	0,604796,
chr18	346666	13540401	chr18:346666..347469-chr18:13539665..13540400,2	200	.	346666	13540401	16711680	2	803,735,	0,13193000,
chr18	23722424	63241812	chr18:21302388..21303256-chr18:60908424..60909045,3	300	.	23722424	63241812	16711680	2	868,621,	0,39518767,
chr18	48982811	63255318	chr18:46509181..46509888-chr18:60922028..60922551,2	200	.	48982811	63255318	16711680	2	707,523,	0,14271984,
chr18	62436667	63242154	chr18:60103900..60104415-chr18:60908554..60909387,2	200	.	62436667	63242154	16711680	2	515,833,	0,804654,
chr2	47206051	208130341	chr2:47433190..47433692-chr2:208994565..208995065,2	200	.	47206051	208130341	16711680	2	502,500,	0,160923790,
chr2	95740307	113382888	chr2:96406055..96406842-chr2:114139694..114140465,2	200	.	95740307	113382888	16711680	2	787,771,	0,17641810,
chr2	132299714	154108920	chr2:133057287..133057807-chr2:154964913..154965433,2	200	.	132299714	154108920	16711680	2	520,520,	0,21808686,
chr2	190785951	215980283	chr2:191650677..191651383-chr2:216844448..216845006,2	200	.	190785951	215980283	16711680	2	706,558,	0,25193774,
chr2	236611246	237041879	chr2:237519889..237520874-chr2:237949717..237950522,6	600	.	236611246	237041879	16711680	2	985,805,	0,429828,
chr2	236611287	236818898	chr2:237519930..237520578-chr2:237726905..237727541,3	300	.	236611287	236818898	16711680	2	648,636,	0,206975,
chr2	236611299	236732594	chr2:237519942..237520862-chr2:237640389..237641237,6	600	.	236611299	236732594	16711680	2	920,848,	0,120447,
chr20	47140963	55582783	chr20:45769602..45770116-chr20:54157143..54157841,2	200	.	47140963	55582783	16711680	2	514,698,	0,8441122,
chr20	47159570	63657538	chr20:45788209..45788752-chr20:62288293..62288891,3	300	.	47159570	63657538	16711680	2	543,598,	0,16497370,
chr20	47989602	48076374	chr20:46618346..46618855-chr20:46704387..46705117,2	200	.	47989602	48076374	16711680	2	509,730,	0,86042,
chr20	48075780	54124265	chr20:46704523..46705293-chr20:52740109..52740804,2	200	.	48075780	54124265	16711680	2	770,695,	0,6047790,
chr20	48864121	54124021	chr20:47480658..47481873-chr20:52739879..52740560,4	400	.	48864121	54124021	16711680	2	1215,681,	0,5259219,
chr20	50657010	63666016	chr20:49273547..49274079-chr20:62296776..62297369,2	200	.	50657010	63666016	16711680	2	532,593,	0,13008413,
chr20	50727111	54149680	chr20:49343648..49344531-chr20:52765399..52766219,8	800	.	50727111	54149680	16711680	2	883,820,	0,3421749,
chr20	50727128	54195586	chr20:49343665..49344507-chr20:52811425..52812125,4	400	.	50727128	54195586	16711680	2	842,700,	0,3467758,
chr20	50727131	54124230	chr20:49343668..49344574-chr20:52739986..52740769,6	600	.	50727131	54124230	16711680	2	906,783,	0,3396316,
chr20	50727403	57158144	chr20:49343940..49344650-chr20:55732597..55733200,2	200	.	50727403	57158144	16711680	2	710,603,	0,6430138,
chr20	50763838	54123974	chr20:49380375..49380900-chr20:52739954..52740513,2	200	.	50763838	54123974	16711680	2	525,559,	0,3359577,
chr20	53608031	54149344	chr20:52224570..52225410-chr20:52765349..52765883,2	200	.	53608031	54149344	16711680	2	840,534,	0,540779,
chr20	53661555	54149726	chr20:52278094..52278874-chr20:52765343..52766265,2	200	.	53661555	54149726	16711680	2	780,922,	0,487249,
chr20	53982721	54149701	chr20:52599260..52600113-chr20:52765487..52766240,3	300	.	53982721	54149701	16711680	2	853,753,	0,166227,
chr20	53982745	54195906	chr20:52599284..52600198-chr20:52811456..52812445,5	500	.	53982745	54195906	16711680	2	914,989,	0,212172,
chr20	54084769	54195896	chr20:52701308..52702060-chr20:52811896..52812435,2	200	.	54084769	54195896	16711680	2	752,539,	0,110588,
chr20	54099231	54149737	chr20:52715770..52716680-chr20:52765375..52766276,3	300	.	54099231	54149737	16711680	2	910,901,	0,49605,
chr20	54099271	54195921	chr20:52715810..52716720-chr20:52811898..52812460,3	300	.	54099271	54195921	16711680	2	910,562,	0,96088,
chr20	54102112	54195955	chr20:52718651..52719318-chr20:52811679..52812494,3	300	.	54102112	54195955	16711680	2	667,815,	0,93028,
chr20	54103667	54149756	chr20:52720206..52720853-chr20:52765402..52766295,3	300	.	54103667	54149756	16711680	2	647,893,	0,45196,
chr20	54103669	54195947	chr20:52720208..52720912-chr20:52811583..52812486,3	300	.	54103669	54195947	16711680	2	704,903,	0,91375,
chr20	54107946	54149710	chr20:52724485..52725076-chr20:52765714..52766249,2	200	.	54107946	54149710	16711680	2	591,535,	0,41229,
chr20	54110282	54195704	chr20:52726821..52727401-chr20:52811689..52812243,2	200	.	54110282	54195704	16711680	2	580,554,	0,84868,
chr20	54123178	54196130	chr20:52739717..52741325-chr20:52810984..52812669,173	1000	.	54123178	54196130	16711680	2	1608,1685,	0,71267,
chr20	54123199	54149861	chr20:52739738..52741068-chr20:52764992..52766400,210	1000	.	54123199	54149861	16711680	2	1330,1408,	0,25254,
chr20	54123366	54152410	chr20:52739905..52740841-chr20:52768331..52768949,5	500	.	54123366	54152410	16711680	2	936,618,	0,28426,
chr20	54123431	54197572	chr20:52739970..52740788-chr20:52813545..52814111,2	200	.	54123431	54197572	16711680	2	818,566,	0,73575,
chr20	54123668	57263312	chr20:52740207..52740887-chr20:55837805..55838368,2	200	.	54123668	57263312	16711680	2	680,563,	0,3139081,
chr20	54126482	54149857	chr20:52743021..52744541-chr20:52765021..52766396,99	1000	.	54126482	54149857	16711680	2	1520,1375,	0,22000,
chr20	54126739	54196042	chr20:52743278..52744358-chr20:52811125..52812581,75	1000	.	54126739	54196042	16711680	2	1080,1456,	0,67847,
chr20	54148821	57263764	chr20:52765360..52765921-chr20:55837760..55838820,3	300	.	54148821	57263764	16711680	2	561,1060,	0,3113883,
chr20	56735056	56937170	chr20:55310112..55310866-chr20:55511441..55512226,2	200	.	56735056	56937170	16711680	2	754,785,	0,201329,
chr20	56758432	56919834	chr20:55333488..55334433-chr20:55493894..55494890,8	800	.	56758432	56919834	16711680	2	945,996,	0,160406,
chr20	56758480	56955392	chr20:55333536..55334075-chr20:55529658..55530448,2	200	.	56758480	56955392	16711680	2	539,790,	0,196122,
chr20	56758506	56890776	chr20:55333562..55334513-chr20:55464722..55465832,8	800	.	56758506	56890776	16711680	2	951,1110,	0,131160,
chr20	56758584	56829919	chr20:55333640..55334406-chr20:55404430..55404975,2	200	.	56758584	56829919	16711680	2	766,545,	0,70790,
chr20	56758736	56937214	chr20:55333792..55334456-chr20:55511472..55512270,2	200	.	56758736	56937214	16711680	2	664,798,	0,177680,
chr21	14863030	15210925	chr21:16235351..16235999-chr21:16582483..16583245,2	200	.	14863030	15210925	16711680	2	648,762,	0,347133,
chr21	15003080	15210913	chr21:16375401..16376400-chr21:16581899..16583233,5	500	.	15003080	15210913	16711680	2	999,1334,	0,206499,
chr21	15003174	15587501	chr21:16375495..16376174-chr21:16958877..16959820,3	300	.	15003174	15587501	16711680	2	679,943,	0,583384,
chr21	15005023	15173745	chr21:16377344..16378311-chr21:16545010..16546065,7	700	.	15005023	15173745	16711680	2	967,1055,	0,167667,
chr21	15005050	15587483	chr21:16377371..16378318-chr21:16958890..16959802,6	600	.	15005050	15587483	16711680	2	947,912,	0,581521,
chr21	15005090	15200273	chr21:16377411..16378027-chr21:16572053..16572593,2	200	.	15005090	15200273	16711680	2	616,540,	0,194643,
chr21	15005117	15210835	chr21:16377438..16378251-chr21:16582355..16583155,4	400	.	15005117	15210835	16711680	2	813,800,	0,204918,
chr21	15132490	15173344	chr21:16504811..16505357-chr21:16544985..16545664,3	300	.	15132490	15173344	16711680	2	546,679,	0,40175,
chr21	15132493	15587173	chr21:16504814..16505341-chr21:16958945..16959492,2	200	.	15132493	15587173	16711680	2	527,547,	0,454133,
chr21	15132570	15211075	chr21:16504891..16505709-chr21:16582252..16583395,5	500	.	15132570	15211075	16711680	2	818,1143,	0,77362,
chr21	39723220	39985488	chr21:41095147..41095671-chr21:41356913..41357415,2	200	.	39723220	39985488	16711680	2	524,502,	0,261766,
chr3	47910522	111366912	chr3:47952012..47952532-chr3:111085239..111085759,2	200	.	47910522	111366912	16711680	2	520,520,	0,63455870,
chr3	64056216	64157800	chr3:64041892..64042692-chr3:64142804..64143476,2	200	.	64056216	64157800	16711680	2	800,672,	0,100912,
chr3	148891665	189682134	chr3:148609452..148610021-chr3:189399313..189399923,2	200	.	148891665	189682134	16711680	2	569,610,	0,40789859,
chr3	150238401	150737986	chr3:149956188..149956754-chr3:150455102..150455773,3	300	.	150238401	150737986	16711680	2	566,671,	0,498914,
chr3	150240469	150737565	chr3:149958256..149959043-chr3:150454726..150455352,2	200	.	150240469	150737565	16711680	2	787,626,	0,496470,
chr3	150722512	150845352	chr3:150440299..150441134-chr3:150562057..150563139,6	600	.	150722512	150845352	16711680	2	835,1082,	0,121758,
chr3	150736902	150845323	chr3:150454689..150455809-chr3:150561872..150563110,20	1000	.	150736902	150845323	16711680	2	1120,1238,	0,107183,
chr3	150756467	150845151	chr3:150474254..150475011-chr3:150562123..150562938,2	200	.	150756467	150845151	16711680	2	757,815,	0,87869,
chr3	170491463	190459723	chr3:170209252..170209959-chr3:190176618..190177512,2	200	.	170491463	190459723	16711680	2	707,894,	0,19967366,
chr4	17974558	163816363	chr4:17976181..17976700-chr4:164736994..164737515,2	200	.	17974558	163816363	16711680	2	519,521,	0,145841284,
chr4	23800986	120352709	chr4:23802609..23803478-chr4:121273037..121273864,2	200	.	23800986	120352709	16711680	2	869,827,	0,96550896,
chr4	115536820	182657468	chr4:116457976..116458496-chr4:183578101..183578621,2	200	.	115536820	182657468	16711680	2	520,520,	0,67120128,
chr4	145103688	170483125	chr4:146024840..146025360-chr4:171403756..171404276,2	200	.	145103688	170483125	16711680	2	520,520,	0,25378917,
chr4	145103688	176576385	chr4:146024840..146025360-chr4:177497016..177497536,2	200	.	145103688	176576385	16711680	2	520,520,	0,31472177,
chr5	77830864	143746998	chr5:77126688..77127507-chr5:143125722..143126563,2	200	.	77830864	143746998	16711680	2	819,841,	0,65915293,
chr5	133249414	134037876	chr5:132585106..132585658-chr5:133372987..133373567,2	200	.	133249414	134037876	16711680	2	552,580,	0,787882,
chr6	6703757	11047340	chr6:6703990..6704565-chr6:11047029..11047573,2	200	.	6703757	11047340	16711680	2	575,544,	0,4343039,
chr6	11067071	17389939	chr6:11067304..11068005-chr6:17389573..17390170,2	200	.	11067071	17389939	16711680	2	701,597,	0,6322271,
chr6	125202308	125585589	chr6:125523454..125523978-chr6:125905768..125906735,2	200	.	125202308	125585589	16711680	2	524,967,	0,382314,
chr7	151694618	151857194	chr7:151391704..151392503-chr7:151553317..151554279,5	500	.	151694618	151857194	16711680	2	799,962,	0,161614,
chr8	28738807	116703824	chr8:28596324..28597192-chr8:117715403..117716063,2	200	.	28738807	116703824	16711680	2	868,660,	0,87964357,
chr8	68853180	69112151	chr8:69765415..69766202-chr8:70023456..70024386,3	300	.	68853180	69112151	16711680	2	787,930,	0,258041,
chr8	68854156	69112229	chr8:69766391..69767381-chr8:70023551..70024464,7	700	.	68854156	69112229	16711680	2	990,913,	0,257160,
chr8	80870085	121381656	chr8:81782320..81783178-chr8:122393017..122393896,2	200	.	80870085	121381656	16711680	2	858,879,	0,40510692,
chr8	100952791	101121250	chr8:101965019..101965721-chr8:102132951..102133478,2	200	.	100952791	101121250	16711680	2	702,527,	0,167932,
chr8	101003868	101121231	chr8:102016096..102016682-chr8:102132581..102133459,2	200	.	101003868	101121231	16711680	2	586,878,	0,116485,
chr8	121150792	127860092	chr8:122163032..122163721-chr8:128871648..128872338,2	200	.	121150792	127860092	16711680	2	689,690,	0,6708610,
chr8	123975292	127626145	chr8:124987532..124988285-chr8:128637802..128638390,2	200	.	123975292	127626145	16711680	2	753,588,	0,3650265,
