chr1	16607981	152023210	chr1:16934476..16935083-chr1:151995159..151995686,2	200	.	16607981	152023210	16711680	2	607,527,	0,135414702,
chr1	109150934	109246864	chr1:109693556..109694364-chr1:109788586..109789486,3	300	.	109150934	109246864	16711680	2	808,900,	0,95030,
chr1	109198911	109240715	chr1:109741533..109742402-chr1:109782529..109783337,4	400	.	109198911	109240715	16711680	2	869,808,	0,40996,
chr1	109199201	109246776	chr1:109741823..109742750-chr1:109788615..109789398,3	300	.	109199201	109246776	16711680	2	927,783,	0,46792,
chr1	145707959	148891507	chr1:144992979..144993481-chr1:145726417..145727106,2	200	.	145707959	148891507	16711680	2	689,502,	0,3183046,
chr1	147669346	147717557	chr1:147141468..147142147-chr1:147188733..147189691,2	200	.	147669346	147717557	16711680	2	679,958,	0,47253,
chr1	164741024	174967241	chr1:164710261..164710781-chr1:174935859..174936378,2	200	.	164741024	174967241	16711680	2	520,519,	0,10225698,
chr1	203089013	204145671	chr1:203058141..203059141-chr1:204114212..204114799,2	200	.	203089013	204145671	16711680	2	1000,587,	0,1056071,
chr1	206903703	227329107	chr1:207077048..207077588-chr1:227515958..227516808,2	200	.	206903703	227329107	16711680	2	540,850,	0,20424554,
chr1	215425109	215490426	chr1:215598452..215599119-chr1:215662801..215663769,2	200	.	215425109	215490426	16711680	2	667,968,	0,64349,
chr10	3289779	3396264	chr10:3331971..3332527-chr10:3437941..3438456,2	200	.	3289779	3396264	16711680	2	556,515,	0,105970,
chr10	29124745	29304065	chr10:29413674..29414532-chr10:29592205..29592994,2	200	.	29124745	29304065	16711680	2	858,789,	0,178531,
chr10	29501783	30682599	chr10:29790712..29791345-chr10:30970893..30971528,2	200	.	29501783	30682599	16711680	2	633,635,	0,1180181,
chr10	79128273	88108663	chr10:80888030..80888626-chr10:89867901..89868420,2	200	.	79128273	88108663	16711680	2	596,519,	0,8979871,
chr10	93434852	93571553	chr10:95194609..95195304-chr10:95330499..95331310,4	400	.	93434852	93571553	16711680	2	695,811,	0,135890,
chr11	46941904	46985642	chr11:46963455..46964222-chr11:47006540..47007193,2	200	.	46941904	46985642	16711680	2	767,653,	0,43085,
chr11	72786126	73228573	chr11:72497171..72498123-chr11:72938613..72939618,3	300	.	72786126	73228573	16711680	2	952,1005,	0,441442,
chr11	72786194	73195697	chr11:72497239..72498163-chr11:72905493..72906742,9	900	.	72786194	73195697	16711680	2	924,1249,	0,408254,
chr11	72786564	76773137	chr11:72497609..72498128-chr11:76483403..76484181,2	200	.	72786564	76773137	16711680	2	519,778,	0,3985795,
chr11	72786573	73192749	chr11:72497618..72498179-chr11:72903214..72903794,2	200	.	72786573	73192749	16711680	2	561,580,	0,405596,
chr12	52147293	52895880	chr12:52541077..52541974-chr12:53288741..53289664,3	300	.	52147293	52895880	16711680	2	897,923,	0,747664,
chr12	52148359	52345405	chr12:52542143..52543030-chr12:52738085..52739189,6	600	.	52148359	52345405	16711680	2	887,1104,	0,195942,
chr12	52148396	52972684	chr12:52542180..52543176-chr12:53365494..53366468,7	700	.	52148396	52972684	16711680	2	996,974,	0,823314,
chr12	52148450	52372535	chr12:52542234..52543033-chr12:52765367..52766319,3	300	.	52148450	52372535	16711680	2	799,952,	0,223133,
chr12	52148488	52895842	chr12:52542272..52543118-chr12:53288963..53289626,3	300	.	52148488	52895842	16711680	2	846,663,	0,746691,
chr12	52203131	52345603	chr12:52596915..52597791-chr12:52738436..52739387,4	400	.	52203131	52345603	16711680	2	876,951,	0,141521,
chr12	52203253	52972483	chr12:52597037..52597786-chr12:53365566..53366267,2	200	.	52203253	52972483	16711680	2	749,701,	0,768529,
chr12	52203332	52372398	chr12:52597116..52597969-chr12:52765372..52766182,2	200	.	52203332	52372398	16711680	2	853,810,	0,168256,
chr12	55177588	122855390	chr12:55571372..55571892-chr12:123339417..123339937,2	200	.	55177588	122855390	16711680	2	520,520,	0,67677282,
chr12	79022587	79157562	chr12:79416367..79417223-chr12:79550524..79551342,2	200	.	79022587	79157562	16711680	2	856,818,	0,134157,
chr12	119170941	123070297	chr12:119608746..119609266-chr12:123554233..123554844,2	200	.	119170941	123070297	16711680	2	520,611,	0,3898745,
chr14	35331782	35404415	chr14:35800988..35801696-chr14:35872838..35873621,3	300	.	35331782	35404415	16711680	2	708,783,	0,71850,
chr14	35336371	35404321	chr14:35805577..35806437-chr14:35872990..35873527,2	200	.	35336371	35404321	16711680	2	860,537,	0,67413,
chr14	35340601	35404250	chr14:35809807..35810560-chr14:35872889..35873456,4	400	.	35340601	35404250	16711680	2	753,567,	0,63082,
chr14	49992485	50019020	chr14:50459203..50460270-chr14:50484785..50485738,14	1000	.	49992485	50019020	16711680	2	1067,953,	0,25582,
chr14	50001098	50018928	chr14:50467816..50468379-chr14:50484739..50485646,2	200	.	50001098	50018928	16711680	2	563,907,	0,16923,
chr14	50004179	50019034	chr14:50470897..50471638-chr14:50484778..50485752,4	400	.	50004179	50019034	16711680	2	741,974,	0,13881,
chr14	50007147	50018739	chr14:50473865..50474641-chr14:50484668..50485457,3	300	.	50007147	50018739	16711680	2	776,789,	0,10803,
chr14	68177413	68570429	chr14:68644130..68645028-chr14:69036481..69037146,7	700	.	68177413	68570429	16711680	2	898,665,	0,392351,
chr14	68177472	68459411	chr14:68644189..68644931-chr14:68925503..68926128,3	300	.	68177472	68459411	16711680	2	742,625,	0,281314,
chr14	73601883	73785352	chr14:74068587..74069172-chr14:74251195..74252055,3	300	.	73601883	73785352	16711680	2	585,860,	0,182609,
chr14	73601927	73783189	chr14:74068631..74069429-chr14:74249349..74249892,2	200	.	73601927	73783189	16711680	2	798,543,	0,180719,
chr14	73633664	73785325	chr14:74100368..74101094-chr14:74251377..74252028,3	300	.	73633664	73785325	16711680	2	727,651,	0,151010,
chr14	73633831	73783215	chr14:74100534..74101054-chr14:74249389..74249918,2	200	.	73633831	73783215	16711680	2	520,529,	0,148855,
chr15	57591269	73710734	chr15:57883467..57884028-chr15:74002521..74003075,2	200	.	57591269	73710734	16711680	2	561,554,	0,16118911,
chr15	95894265	96337530	chr15:96437494..96438084-chr15:96880092..96880759,2	200	.	95894265	96337530	16711680	2	590,667,	0,442598,
chr15	95895068	96337342	chr15:96438297..96439403-chr15:96879700..96880571,3	300	.	95895068	96337342	16711680	2	1106,871,	0,441403,
chr15	95911386	96337435	chr15:96454615..96455439-chr15:96879983..96880664,2	200	.	95911386	96337435	16711680	2	824,681,	0,425368,
chr16	11457008	85306741	chr16:11550864..11551384-chr16:85339844..85340347,2	200	.	11457008	85306741	16711680	2	520,503,	0,73849230,
chr16	21511338	87861173	chr16:21522659..21523262-chr16:87894262..87894779,2	200	.	21511338	87861173	16711680	2	603,517,	0,66349318,
chr16	29310649	88017636	chr16:29321970..29322894-chr16:88050387..88051242,6	600	.	29310649	88017636	16711680	2	924,855,	0,58706132,
chr17	7951524	47693782	chr17:7854842..7855345-chr17:45770546..45771148,2	200	.	7951524	47693782	16711680	2	503,602,	0,39741656,
chr17	7957595	40449254	chr17:7860913..7861620-chr17:38604584..38605506,2	200	.	7957595	40449254	16711680	2	707,922,	0,32490737,
chr17	58639367	74770271	chr17:56716728..56717687-chr17:72765719..72766410,2	200	.	58639367	74770271	16711680	2	959,691,	0,16130213,
chr17	58639404	74761214	chr17:56716765..56717651-chr17:72756497..72757353,2	200	.	58639404	74761214	16711680	2	886,856,	0,16120954,
chr17	58639450	61723838	chr17:56716811..56717664-chr17:59800437..59801199,3	300	.	58639450	61723838	16711680	2	853,762,	0,3083626,
chr17	58639496	60345826	chr17:56716857..56717548-chr17:58422241..58423187,2	200	.	58639496	60345826	16711680	2	691,946,	0,1705384,
chr17	59007603	61723918	chr17:57084964..57085505-chr17:59800528..59801279,2	200	.	59007603	61723918	16711680	2	541,751,	0,2715564,
chr17	59122312	59829674	chr17:57199673..57200212-chr17:57906494..57907035,2	200	.	59122312	59829674	16711680	2	539,541,	0,706821,
chr17	61219373	61254812	chr17:59296734..59297281-chr17:59331582..59332173,2	200	.	61219373	61254812	16711680	2	547,591,	0,34848,
chr17	61356445	61723973	chr17:59433806..59434541-chr17:59800526..59801334,3	300	.	61356445	61723973	16711680	2	735,808,	0,366720,
chr17	61399011	61723914	chr17:59476372..59477451-chr17:59800613..59801275,3	300	.	61399011	61723914	16711680	2	1079,662,	0,324241,
chr17	61450008	61519322	chr17:59527369..59528071-chr17:59595810..59596683,3	300	.	61450008	61519322	16711680	2	702,873,	0,68441,
chr17	61561198	61723643	chr17:59638559..59639093-chr17:59800446..59801004,2	200	.	61561198	61723643	16711680	2	534,558,	0,161887,
chr17	62135216	62961978	chr17:60212577..60213299-chr17:61038798..61039339,2	200	.	62135216	62961978	16711680	2	722,541,	0,826221,
chr18	45802768	74243342	chr18:43382733..43383273-chr18:71909946..71910577,2	200	.	45802768	74243342	16711680	2	540,631,	0,28439943,
chr18	60053835	63241865	chr18:57721067..57721658-chr18:60908550..60909098,2	200	.	60053835	63241865	16711680	2	591,548,	0,3187482,
chr2	138435479	138565604	chr2:139193049..139193869-chr2:139322592..139323174,4	400	.	138435479	138565604	16711680	2	820,582,	0,129543,
chr2	173428355	173767498	chr2:174293083..174293895-chr2:174631362..174632226,3	300	.	173428355	173767498	16711680	2	812,864,	0,338279,
chr2	189541299	189599823	chr2:190406025..190406770-chr2:190463766..190464549,2	200	.	189541299	189599823	16711680	2	745,783,	0,57741,
chr2	189541378	189555887	chr2:190406104..190406632-chr2:190420068..190420613,2	200	.	189541378	189555887	16711680	2	528,545,	0,13964,
chr2	236398178	237041935	chr2:237306821..237307335-chr2:237949702..237950578,2	200	.	236398178	237041935	16711680	2	514,876,	0,642881,
chr2	236592575	237041968	chr2:237501218..237502013-chr2:237949889..237950611,3	300	.	236592575	237041968	16711680	2	795,722,	0,448671,
chr2	236611234	237041951	chr2:237519877..237520828-chr2:237949655..237950594,15	1000	.	236611234	237041951	16711680	2	951,939,	0,429778,
chr2	236611236	237559257	chr2:237519879..237520437-chr2:238467363..238467900,2	200	.	236611236	237559257	16711680	2	558,537,	0,947484,
chr2	236611249	236732755	chr2:237519892..237520859-chr2:237640150..237641398,9	900	.	236611249	236732755	16711680	2	967,1248,	0,120258,
chr2	236611288	236875511	chr2:237519931..237520711-chr2:237783314..237784154,2	200	.	236611288	236875511	16711680	2	780,840,	0,263383,
chr2	236611645	236967759	chr2:237520288..237520890-chr2:237875850..237876402,3	300	.	236611645	236967759	16711680	2	602,552,	0,355562,
chr2	236611666	236770384	chr2:237520309..237521001-chr2:237678245..237679027,2	200	.	236611666	236770384	16711680	2	692,782,	0,157936,
chr2	236692585	237041884	chr2:237601228..237601791-chr2:237949829..237950527,2	200	.	236692585	237041884	16711680	2	563,698,	0,348601,
chr20	32040757	45342320	chr20:30628560..30629275-chr20:43970231..43970960,2	200	.	32040757	45342320	16711680	2	715,729,	0,13300834,
chr20	39758758	54124105	chr20:38387400..38387900-chr20:52739840..52740644,2	200	.	39758758	54124105	16711680	2	500,804,	0,14364543,
chr20	47331389	50727792	chr20:45960133..45960635-chr20:49343638..49344329,2	200	.	47331389	50727792	16711680	2	502,691,	0,3395712,
chr20	47344997	54149590	chr20:45973741..45974624-chr20:52765376..52766129,2	200	.	47344997	54149590	16711680	2	883,753,	0,6803840,
chr20	47345347	50727991	chr20:45974091..45974604-chr20:49343585..49344528,2	200	.	47345347	50727991	16711680	2	513,943,	0,3381701,
chr20	47382374	50728186	chr20:46011118..46012101-chr20:49343687..49344723,5	500	.	47382374	50728186	16711680	2	983,1036,	0,3344776,
chr20	47789807	48076493	chr20:46418551..46419462-chr20:46704414..46705236,3	300	.	47789807	48076493	16711680	2	911,822,	0,285864,
chr20	47801078	48158402	chr20:46429822..46430713-chr20:46786605..46787145,2	200	.	47801078	48158402	16711680	2	891,540,	0,356784,
chr20	47801082	48076538	chr20:46429826..46430688-chr20:46704454..46705281,2	200	.	47801082	48076538	16711680	2	862,827,	0,274629,
chr20	47801464	48572494	chr20:46430208..46430727-chr20:47188493..47189032,2	200	.	47801464	48572494	16711680	2	519,539,	0,770491,
chr20	47857211	48076680	chr20:46485955..46486580-chr20:46704611..46705423,2	200	.	47857211	48076680	16711680	2	625,812,	0,218657,
chr20	47927613	48076409	chr20:46556357..46557211-chr20:46704538..46705152,2	200	.	47927613	48076409	16711680	2	854,614,	0,148182,
chr20	47989542	48076837	chr20:46618286..46619417-chr20:46704307..46705580,10	1000	.	47989542	48076837	16711680	2	1131,1273,	0,86022,
chr20	48012346	48076384	chr20:46641090..46641668-chr20:46704403..46705127,2	200	.	48012346	48076384	16711680	2	578,724,	0,63314,
chr20	48075654	54195929	chr20:46704397..46705661-chr20:52811502..52812468,14	1000	.	48075654	54195929	16711680	2	1264,966,	0,6119309,
chr20	48075712	54123947	chr20:46704455..46705085-chr20:52739865..52740486,2	200	.	48075712	54123947	16711680	2	630,621,	0,6047614,
chr20	48075759	54149660	chr20:46704502..46705337-chr20:52765426..52766199,4	400	.	48075759	54149660	16711680	2	835,773,	0,6073128,
chr20	48075858	54087806	chr20:46704601..46705157-chr20:52703735..52704345,2	200	.	48075858	54087806	16711680	2	556,610,	0,6011338,
chr20	48571915	54149631	chr20:47188453..47188965-chr20:52765584..52766170,2	200	.	48571915	54149631	16711680	2	512,586,	0,5577130,
chr20	48697764	54149625	chr20:47314302..47315275-chr20:52765377..52766164,3	300	.	48697764	54149625	16711680	2	973,787,	0,5451074,
chr20	48698020	54127607	chr20:47314558..47315197-chr20:52743433..52744146,2	200	.	48698020	54127607	16711680	2	639,713,	0,5428874,
chr20	48864158	54124231	chr20:47480695..47481839-chr20:52739928..52740770,4	400	.	48864158	54124231	16711680	2	1144,842,	0,5259231,
chr20	48864488	54149669	chr20:47481025..47481886-chr20:52765424..52766208,3	300	.	48864488	54149669	16711680	2	861,784,	0,5284397,
chr20	50727090	54195896	chr20:49343627..49344448-chr20:52811576..52812435,6	600	.	50727090	54195896	16711680	2	821,859,	0,3467947,
chr20	50727106	54149736	chr20:49343643..49344493-chr20:52765356..52766275,6	600	.	50727106	54149736	16711680	2	850,919,	0,3421711,
chr20	50727140	54124300	chr20:49343677..49344768-chr20:52739970..52740839,4	400	.	50727140	54124300	16711680	2	1091,869,	0,3396291,
chr20	50727523	53608940	chr20:49344060..49344653-chr20:52224962..52225479,2	200	.	50727523	53608940	16711680	2	593,517,	0,2880900,
chr20	50763971	54124518	chr20:49380508..49381298-chr20:52740109..52741057,2	200	.	50763971	54124518	16711680	2	790,948,	0,3359599,
chr20	50763976	54195952	chr20:49380513..49381355-chr20:52811947..52812491,2	200	.	50763976	54195952	16711680	2	842,544,	0,3431432,
chr20	53579028	53662373	chr20:52195567..52196120-chr20:52278101..52278912,2	200	.	53579028	53662373	16711680	2	553,811,	0,82534,
chr20	53607975	53725753	chr20:52224514..52225346-chr20:52341410..52342292,3	300	.	53607975	53725753	16711680	2	832,882,	0,116896,
chr20	53607976	53662469	chr20:52224515..52225427-chr20:52278079..52279008,9	900	.	53607976	53662469	16711680	2	912,929,	0,53564,
chr20	53607993	54149627	chr20:52224532..52225159-chr20:52765348..52766166,2	200	.	53607993	54149627	16711680	2	627,818,	0,540816,
chr20	53608016	53786305	chr20:52224555..52225218-chr20:52402217..52402844,2	200	.	53608016	53786305	16711680	2	663,627,	0,177662,
chr20	53608039	54195925	chr20:52224578..52225128-chr20:52811673..52812464,2	200	.	53608039	54195925	16711680	2	550,791,	0,587095,
chr20	53621505	53662329	chr20:52238044..52238679-chr20:52278083..52278868,2	200	.	53621505	53662329	16711680	2	635,785,	0,40039,
chr20	53661489	54195963	chr20:52278028..52278937-chr20:52811392..52812502,5	500	.	53661489	54195963	16711680	2	909,1110,	0,533364,
chr20	53661564	53828908	chr20:52278103..52278773-chr20:52444653..52445447,2	200	.	53661564	53828908	16711680	2	670,794,	0,166550,
chr20	53661753	53865077	chr20:52278292..52278903-chr20:52480742..52481616,3	300	.	53661753	53865077	16711680	2	611,874,	0,202450,
chr20	53661837	53806274	chr20:52278376..52279004-chr20:52422159..52422813,2	200	.	53661837	53806274	16711680	2	628,654,	0,143783,
chr20	53661839	54149434	chr20:52278378..52278945-chr20:52765351..52765973,2	200	.	53661839	54149434	16711680	2	567,622,	0,486973,
chr20	53661855	54124177	chr20:52278394..52278897-chr20:52740216..52740716,2	200	.	53661855	54124177	16711680	2	503,500,	0,461822,
chr20	53661875	57264083	chr20:52278414..52279052-chr20:55838156..55839139,2	200	.	53661875	57264083	16711680	2	638,983,	0,3601225,
chr20	53724848	57263619	chr20:52341387..52341931-chr20:55838149..55838675,2	200	.	53724848	57263619	16711680	2	544,526,	0,3538245,
chr20	53773724	54124164	chr20:52390263..52391133-chr20:52740057..52740703,2	200	.	53773724	54124164	16711680	2	870,646,	0,349794,
chr20	53773888	53852768	chr20:52390427..52391199-chr20:52468797..52469307,2	200	.	53773888	53852768	16711680	2	772,510,	0,78370,
chr20	53979747	54195579	chr20:52596286..52596804-chr20:52811617..52812118,2	200	.	53979747	54195579	16711680	2	518,501,	0,215331,
chr20	53982640	54195998	chr20:52599179..52599997-chr20:52811545..52812537,5	500	.	53982640	54195998	16711680	2	818,992,	0,212366,
chr20	53982681	54149673	chr20:52599220..52600148-chr20:52765356..52766212,6	600	.	53982681	54149673	16711680	2	928,856,	0,166136,
chr20	54070455	54195743	chr20:52686994..52687794-chr20:52811640..52812282,3	300	.	54070455	54195743	16711680	2	800,642,	0,124646,
chr20	54084766	54149688	chr20:52701305..52702013-chr20:52765578..52766227,2	200	.	54084766	54149688	16711680	2	708,649,	0,64273,
chr20	54086778	54149709	chr20:52703317..52704188-chr20:52765410..52766248,3	300	.	54086778	54149709	16711680	2	871,838,	0,62093,
chr20	54086829	54195891	chr20:52703368..52704204-chr20:52811305..52812430,3	300	.	54086829	54195891	16711680	2	836,1125,	0,107937,
chr20	54099211	54195995	chr20:52715750..52716706-chr20:52811566..52812534,9	900	.	54099211	54195995	16711680	2	956,968,	0,95816,
chr20	54099239	54149773	chr20:52715778..52716806-chr20:52765023..52766312,8	800	.	54099239	54149773	16711680	2	1028,1289,	0,49245,
chr20	54102002	54195896	chr20:52718541..52720185-chr20:52811223..52812435,5	500	.	54102002	54195896	16711680	2	1644,1212,	0,92682,
chr20	54103812	54196017	chr20:52720351..52721444-chr20:52811556..52812556,6	600	.	54103812	54196017	16711680	2	1093,1000,	0,91205,
chr20	54103814	54149763	chr20:52720353..52721343-chr20:52765343..52766302,5	500	.	54103814	54149763	16711680	2	990,959,	0,44990,
chr20	54107648	54149696	chr20:52724187..52724972-chr20:52765344..52766235,2	200	.	54107648	54149696	16711680	2	785,891,	0,41157,
chr20	54107869	54195981	chr20:52724408..52725083-chr20:52811564..52812520,3	300	.	54107869	54195981	16711680	2	675,956,	0,87156,
chr20	54110404	54196077	chr20:52726943..52727461-chr20:52811544..52812616,3	300	.	54110404	54196077	16711680	2	518,1072,	0,84601,
chr20	54122926	54150126	chr20:52739465..52740961-chr20:52765012..52766665,338	1000	.	54122926	54150126	16711680	2	1496,1653,	0,25547,
chr20	54123155	54196189	chr20:52739694..52741479-chr20:52810799..52812728,283	1000	.	54123155	54196189	16711680	2	1785,1929,	0,71105,
chr20	54123720	54152398	chr20:52740259..52740856-chr20:52768240..52768937,2	200	.	54123720	54152398	16711680	2	597,697,	0,27981,
chr20	54123841	54269564	chr20:52740380..52740956-chr20:52885457..52886103,2	200	.	54123841	54269564	16711680	2	576,646,	0,145077,
chr20	54126708	54149807	chr20:52743247..52744381-chr20:52765148..52766346,109	1000	.	54126708	54149807	16711680	2	1134,1198,	0,21901,
chr20	54126731	54196022	chr20:52743270..52744356-chr20:52811257..52812561,100	1000	.	54126731	54196022	16711680	2	1086,1304,	0,67987,
chr20	54195074	57263606	chr20:52811613..52812326-chr20:55838036..55838662,3	300	.	54195074	57263606	16711680	2	713,626,	0,3067906,
chr20	56734911	56955420	chr20:55309967..55310940-chr20:55529565..55530476,4	400	.	56734911	56955420	16711680	2	973,911,	0,219598,
chr20	56734926	56890833	chr20:55309982..55310990-chr20:55464855..55465889,5	500	.	56734926	56890833	16711680	2	1008,1034,	0,154873,
chr20	56734955	56919842	chr20:55310011..55310858-chr20:55493970..55494898,5	500	.	56734955	56919842	16711680	2	847,928,	0,183959,
chr20	56735039	56936873	chr20:55310095..55310948-chr20:55511359..55511929,3	300	.	56735039	56936873	16711680	2	853,570,	0,201264,
chr20	56735041	57049968	chr20:55310097..55310732-chr20:55624362..55625024,3	300	.	56735041	57049968	16711680	2	635,662,	0,314265,
chr20	56735066	56975242	chr20:55310122..55310927-chr20:55549772..55550298,2	200	.	56735066	56975242	16711680	2	805,526,	0,239650,
chr20	56758442	56890791	chr20:55333498..55334431-chr20:55464867..55465847,4	400	.	56758442	56890791	16711680	2	933,980,	0,131369,
chr20	56758445	57071948	chr20:55333501..55334228-chr20:55646167..55647004,2	200	.	56758445	57071948	16711680	2	727,837,	0,312666,
chr20	56758480	56919860	chr20:55333536..55334308-chr20:55494264..55494916,4	400	.	56758480	56919860	16711680	2	772,652,	0,160728,
chr20	56758506	56955134	chr20:55333562..55334206-chr20:55529531..55530190,2	200	.	56758506	56955134	16711680	2	644,659,	0,195969,
chr20	56758515	56937296	chr20:55333571..55334538-chr20:55511431..55512352,12	1000	.	56758515	56937296	16711680	2	967,921,	0,177860,
chr20	56758638	56974982	chr20:55333694..55334437-chr20:55549409..55550038,2	200	.	56758638	56974982	16711680	2	743,629,	0,215715,
chr20	56758768	56993720	chr20:55333824..55334337-chr20:55567800..55568776,2	200	.	56758768	56993720	16711680	2	513,976,	0,233976,
chr20	56758875	56923143	chr20:55333931..55334453-chr20:55497385..55498199,2	200	.	56758875	56923143	16711680	2	522,814,	0,163454,
chr21	14305950	15210941	chr21:15678271..15679097-chr21:16582211..16583261,3	300	.	14305950	15210941	16711680	2	826,1050,	0,903941,
chr21	14863185	15210484	chr21:16235506..16236232-chr21:16582287..16582804,2	200	.	14863185	15210484	16711680	2	726,517,	0,346782,
chr21	14877488	15210869	chr21:16249809..16250331-chr21:16582564..16583189,2	200	.	14877488	15210869	16711680	2	522,625,	0,332756,
chr21	15003030	15200314	chr21:16375351..16376289-chr21:16571993..16572634,2	200	.	15003030	15200314	16711680	2	938,641,	0,196643,
chr21	15003092	15342988	chr21:16375413..16376190-chr21:16714500..16715307,2	200	.	15003092	15342988	16711680	2	777,807,	0,339089,
chr21	15003112	15210795	chr21:16375433..16376422-chr21:16582244..16583115,4	400	.	15003112	15210795	16711680	2	989,871,	0,206812,
chr21	15003264	15173613	chr21:16375585..16376325-chr21:16545085..16545933,2	200	.	15003264	15173613	16711680	2	740,848,	0,169501,
chr21	15004695	15210962	chr21:16377016..16378255-chr21:16582184..16583282,13	1000	.	15004695	15210962	16711680	2	1239,1098,	0,205169,
chr21	15004917	15173282	chr21:16377238..16378235-chr21:16544902..16545602,3	300	.	15004917	15173282	16711680	2	997,700,	0,167665,
chr21	15005031	15204375	chr21:16377352..16378335-chr21:16575784..16576695,5	500	.	15005031	15204375	16711680	2	983,911,	0,198433,
chr21	15005080	15343028	chr21:16377401..16378315-chr21:16714678..16715347,3	300	.	15005080	15343028	16711680	2	914,669,	0,337279,
chr21	15005093	15587484	chr21:16377414..16378279-chr21:16958983..16959803,3	300	.	15005093	15587484	16711680	2	865,820,	0,581571,
chr21	15005109	15200448	chr21:16377430..16378305-chr21:16571594..16572768,4	400	.	15005109	15200448	16711680	2	875,1174,	0,194165,
chr21	15132428	15211036	chr21:16504749..16505697-chr21:16582211..16583356,5	500	.	15132428	15211036	16711680	2	948,1145,	0,77463,
chr21	15132517	15173329	chr21:16504838..16505677-chr21:16545069..16545649,2	200	.	15132517	15173329	16711680	2	839,580,	0,40232,
chr3	32447519	188491912	chr3:32489011..32489531-chr3:188208875..188209700,2	200	.	32447519	188491912	16711680	2	520,825,	0,156043568,
chr3	32447521	64491732	chr3:32489013..32489531-chr3:64476813..64477408,2	200	.	32447521	64491732	16711680	2	518,595,	0,32043616,
chr3	140947027	193879769	chr3:140665869..140666370-chr3:193597000..193597558,2	200	.	140947027	193879769	16711680	2	501,558,	0,52932184,
chr3	150237678	150737753	chr3:149955465..149956755-chr3:150454327..150455540,5	500	.	150237678	150737753	16711680	2	1290,1213,	0,498862,
chr3	150736948	150845238	chr3:150454735..150455867-chr3:150561994..150563025,23	1000	.	150736948	150845238	16711680	2	1132,1031,	0,107259,
chr3	150736950	161340037	chr3:150454737..150455301-chr3:161057286..161057825,2	200	.	150736950	161340037	16711680	2	564,539,	0,10602548,
chr3	150737090	154219393	chr3:150454877..150455380-chr3:153936589..153937182,2	200	.	150737090	154219393	16711680	2	503,593,	0,3481710,
chr3	150756182	150845153	chr3:150473969..150474942-chr3:150562139..150562940,2	200	.	150756182	150845153	16711680	2	973,801,	0,88170,
chr3	174955478	175128125	chr3:174673268..174674042-chr3:174844572..174845915,4	400	.	174955478	175128125	16711680	2	774,1343,	0,171304,
chr3	174955948	175137221	chr3:174673738..174674520-chr3:174854422..174855011,2	200	.	174955948	175137221	16711680	2	782,589,	0,180684,
chr4	74374421	74618993	chr4:75240138..75240716-chr4:75543495..75544207,2	200	.	74374421	74618993	16711680	2	578,712,	0,243860,
chr4	74374814	74662836	chr4:75240531..75241121-chr4:75587038..75588035,2	200	.	74374814	74662836	16711680	2	590,997,	0,287025,
chr4	74473232	74580589	chr4:75338949..75339551-chr4:75505240..75505771,2	200	.	74473232	74580589	16711680	2	602,531,	0,106826,
chr5	19048436	19885627	chr5:19048545..19049639-chr5:19884956..19885736,3	300	.	19048436	19885627	16711680	2	1094,780,	0,836411,
chr5	19048527	20502512	chr5:19048636..19049560-chr5:20501748..20502621,3	300	.	19048527	20502512	16711680	2	924,873,	0,1453112,
chr5	19048699	19735362	chr5:19048808..19049503-chr5:19734870..19735471,2	200	.	19048699	19735362	16711680	2	695,601,	0,686062,
chr5	137850148	137889348	chr5:137185837..137186695-chr5:137224432..137225037,2	200	.	137850148	137889348	16711680	2	858,605,	0,38595,
chr6	44110069	44238675	chr6:44077806..44078726-chr6:44204971..44206412,4	400	.	44110069	44238675	16711680	2	920,1441,	0,127165,
chr6	53464837	53812310	chr6:53329635..53330329-chr6:53676241..53677108,3	300	.	53464837	53812310	16711680	2	694,867,	0,346606,
chr6	125201951	125585757	chr6:125523097..125523698-chr6:125906341..125906903,2	200	.	125201951	125585757	16711680	2	601,562,	0,383244,
chr7	102316891	105284286	chr7:101957358..101957925-chr7:104924102..104924733,2	200	.	102316891	105284286	16711680	2	567,631,	0,2966764,
chr7	151694484	151857243	chr7:151391570..151392561-chr7:151553318..151554328,13	1000	.	151694484	151857243	16711680	2	991,1010,	0,161749,
chr7	151721270	151857216	chr7:151418356..151419311-chr7:151553722..151554301,2	200	.	151721270	151857216	16711680	2	955,579,	0,135367,
chr8	33244813	127871118	chr8:33102331..33103254-chr8:128882687..128883364,2	200	.	33244813	127871118	16711680	2	923,677,	0,94625628,
chr8	68758111	69112043	chr8:69670346..69670937-chr8:70023622..70024278,2	200	.	68758111	69112043	16711680	2	591,656,	0,353276,
chr8	68853032	69112273	chr8:69765267..69766228-chr8:70023907..70024508,4	400	.	68853032	69112273	16711680	2	961,601,	0,258640,
chr8	68853634	69046512	chr8:69765869..69767143-chr8:69958070..69958747,3	300	.	68853634	69046512	16711680	2	1274,677,	0,192201,
chr8	68854134	69112277	chr8:69766369..69767301-chr8:70023597..70024512,9	900	.	68854134	69112277	16711680	2	932,915,	0,257228,
chr8	68854408	69026201	chr8:69766643..69767279-chr8:69937797..69938436,4	400	.	68854408	69026201	16711680	2	636,639,	0,171154,
chr8	68874991	69112296	chr8:69787226..69788218-chr8:70023691..70024531,2	200	.	68874991	69112296	16711680	2	992,840,	0,236465,
chr8	90581412	90913218	chr8:91593640..91594279-chr8:91924795..91925446,2	200	.	90581412	90913218	16711680	2	639,651,	0,331155,
chr8	97764228	99818941	chr8:98776456..98777064-chr8:100830411..100831169,2	200	.	97764228	99818941	16711680	2	608,758,	0,2053955,
chr8	100719344	101121345	chr8:101731572..101732178-chr8:102132634..102133573,2	200	.	100719344	101121345	16711680	2	606,939,	0,401062,
chr8	100952494	101121307	chr8:101964722..101965498-chr8:102132633..102133535,3	300	.	100952494	101121307	16711680	2	776,902,	0,167911,
chr8	100994375	101121124	chr8:102006603..102007281-chr8:102132823..102133352,2	200	.	100994375	101121124	16711680	2	678,529,	0,126220,
chr8	101003592	101121357	chr8:102015820..102016789-chr8:102132695..102133585,3	300	.	101003592	101121357	16711680	2	969,890,	0,116875,
chr9	71782929	72026773	chr9:74397845..74398622-chr9:74641131..74641689,2	200	.	71782929	72026773	16711680	2	777,558,	0,243286,
chr9	71783043	71993028	chr9:74397959..74398839-chr9:74606978..74607944,2	200	.	71783043	71993028	16711680	2	880,966,	0,209019,
chr9	77846560	78041123	chr9:80461476..80462080-chr9:80655490..80656039,2	200	.	77846560	78041123	16711680	2	604,549,	0,194014,
chr9	88369936	125174889	chr9:90984851..90985655-chr9:127936274..127937168,2	200	.	88369936	125174889	16711680	2	804,894,	0,36804059,
chr9	92665922	121717964	chr9:95428204..95428780-chr9:124479526..124480243,2	200	.	92665922	121717964	16711680	2	576,717,	0,29051325,
