chr15	55357463	55358014	chr1:179943932..179944436-chr15:55649661..55650212,2	200	.	55357463	55358014	16711680	1	551,	0,
chr17	61722960	61723935	chr17:59800321..59801296-chr20:47480983..47481908,3	300	.	61722960	61723935	16711680	1	975,	0,
chr3	64491256	64492044	chr20:52739899..52740773-chr3:64476932..64477720,7	700	.	64491256	64492044	16711680	1	788,	0,
chr3	64491232	64492027	chr20:52811578..52812100-chr3:64476908..64477703,3	300	.	64491232	64492027	16711680	1	795,	0,
chr1	16607981	152023210	chr1:16934476..16935083-chr1:151995159..151995686,2	200	.	16607981	152023210	16711680	2	607,527,	0,135414702,
chr1	109150934	109246864	chr1:109693556..109694364-chr1:109788586..109789486,3	300	.	109150934	109246864	16711680	2	808,900,	0,95030,
chr1	109198911	109240715	chr1:109741533..109742402-chr1:109782529..109783337,4	400	.	109198911	109240715	16711680	2	869,808,	0,40996,
chr1	109199201	109246776	chr1:109741823..109742750-chr1:109788615..109789398,3	300	.	109199201	109246776	16711680	2	927,783,	0,46792,
chr1	148853955	148895554	chr1:144988937..144989757-chr1:145029836..145030458,2	200	.	148853955	148895554	16711680	2	622,820,	0,40779,
chr1	145707959	148891507	chr1:144992979..144993481-chr1:145726417..145727106,2	200	.	145707959	148891507	16711680	2	689,502,	0,3183046,
chr1	147669346	147717557	chr1:147141468..147142147-chr1:147188733..147189691,2	200	.	147669346	147717557	16711680	2	679,958,	0,47253,
chr1	200016526	200487311	chr1:199985654..199986227-chr1:200455916..200456439,2	200	.	200016526	200487311	16711680	2	573,523,	0,470262,
chr1	200016549	202335645	chr1:199985677..199986337-chr1:202304196..202304773,2	200	.	200016549	202335645	16711680	2	660,577,	0,2318519,
chr1	203089013	204145671	chr1:203058141..203059141-chr1:204114212..204114799,2	200	.	203089013	204145671	16711680	2	1000,587,	0,1056071,
chr1	206903703	227329107	chr1:207077048..207077588-chr1:227515958..227516808,2	200	.	206903703	227329107	16711680	2	540,850,	0,20424554,
chr10	3289779	3396264	chr10:3331971..3332527-chr10:3437941..3438456,2	200	.	3289779	3396264	16711680	2	556,515,	0,105970,
chr10	29124745	29304065	chr10:29413674..29414532-chr10:29592205..29592994,2	200	.	29124745	29304065	16711680	2	858,789,	0,178531,
chr10	29501783	30682599	chr10:29790712..29791345-chr10:30970893..30971528,2	200	.	29501783	30682599	16711680	2	633,635,	0,1180181,
chr10	79128273	88108663	chr10:80888030..80888626-chr10:89867901..89868420,2	200	.	79128273	88108663	16711680	2	596,519,	0,8979871,
chr10	93434852	93571553	chr10:95194609..95195304-chr10:95330499..95331310,4	400	.	93434852	93571553	16711680	2	695,811,	0,135890,
chr11	46941904	46985642	chr11:46963455..46964222-chr11:47006540..47007193,2	200	.	46941904	46985642	16711680	2	767,653,	0,43085,
chr11	69891271	72786683	chr11:69706039..69706935-chr11:72497194..72497728,2	200	.	69891271	72786683	16711680	2	896,534,	0,2894878,
chr11	70805661	72787033	chr11:70651766..70652641-chr11:72497493..72498078,2	200	.	70805661	72787033	16711680	2	875,585,	0,1980787,
chr11	72786126	73228573	chr11:72497171..72498123-chr11:72938613..72939618,3	300	.	72786126	73228573	16711680	2	952,1005,	0,441442,
chr11	72786194	73195697	chr11:72497239..72498163-chr11:72905493..72906742,9	900	.	72786194	73195697	16711680	2	924,1249,	0,408254,
chr11	72786564	76773137	chr11:72497609..72498128-chr11:76483403..76484181,2	200	.	72786564	76773137	16711680	2	519,778,	0,3985795,
chr11	72786573	73192749	chr11:72497618..72498179-chr11:72903214..72903794,2	200	.	72786573	73192749	16711680	2	561,580,	0,405596,
chr12	14819757	14836801	chr12:14972691..14973469-chr12:14988885..14989735,2	200	.	14819757	14836801	16711680	2	778,850,	0,16194,
chr12	14819780	14869383	chr12:14972714..14973595-chr12:15021792..15022317,2	200	.	14819780	14869383	16711680	2	881,525,	0,49078,
chr12	52147293	52895880	chr12:52541077..52541974-chr12:53288741..53289664,3	300	.	52147293	52895880	16711680	2	897,923,	0,747664,
chr12	52148359	52345405	chr12:52542143..52543030-chr12:52738085..52739189,6	600	.	52148359	52345405	16711680	2	887,1104,	0,195942,
chr12	52148396	52972684	chr12:52542180..52543176-chr12:53365494..53366468,7	700	.	52148396	52972684	16711680	2	996,974,	0,823314,
chr12	52148450	52372535	chr12:52542234..52543033-chr12:52765367..52766319,3	300	.	52148450	52372535	16711680	2	799,952,	0,223133,
chr12	52148488	52895842	chr12:52542272..52543118-chr12:53288963..53289626,3	300	.	52148488	52895842	16711680	2	846,663,	0,746691,
chr12	52203131	52345603	chr12:52596915..52597791-chr12:52738436..52739387,4	400	.	52203131	52345603	16711680	2	876,951,	0,141521,
chr12	52203253	52972483	chr12:52597037..52597786-chr12:53365566..53366267,2	200	.	52203253	52972483	16711680	2	749,701,	0,768529,
chr12	52203332	52372398	chr12:52597116..52597969-chr12:52765372..52766182,2	200	.	52203332	52372398	16711680	2	853,810,	0,168256,
chr12	53824987	53983784	chr12:54218771..54219658-chr12:54376779..54377568,4	400	.	53824987	53983784	16711680	2	887,789,	0,158008,
chr12	53827043	53983934	chr12:54220827..54221503-chr12:54377155..54377718,2	200	.	53827043	53983934	16711680	2	676,563,	0,156328,
chr12	53867404	53983939	chr12:54261188..54261757-chr12:54377104..54377723,2	200	.	53867404	53983939	16711680	2	569,619,	0,115916,
chr12	55177588	122855390	chr12:55571372..55571892-chr12:123339417..123339937,2	200	.	55177588	122855390	16711680	2	520,520,	0,67677282,
chr12	79022587	79157562	chr12:79416367..79417223-chr12:79550524..79551342,2	200	.	79022587	79157562	16711680	2	856,818,	0,134157,
chr12	119170941	123070297	chr12:119608746..119609266-chr12:123554233..123554844,2	200	.	119170941	123070297	16711680	2	520,611,	0,3898745,
chr14	35331782	35404415	chr14:35800988..35801696-chr14:35872838..35873621,3	300	.	35331782	35404415	16711680	2	708,783,	0,71850,
chr14	35336371	35404321	chr14:35805577..35806437-chr14:35872990..35873527,2	200	.	35336371	35404321	16711680	2	860,537,	0,67413,
chr14	35340601	35404250	chr14:35809807..35810560-chr14:35872889..35873456,4	400	.	35340601	35404250	16711680	2	753,567,	0,63082,
chr14	68177413	68570429	chr14:68644130..68645028-chr14:69036481..69037146,7	700	.	68177413	68570429	16711680	2	898,665,	0,392351,
chr14	68177472	68459411	chr14:68644189..68644931-chr14:68925503..68926128,3	300	.	68177472	68459411	16711680	2	742,625,	0,281314,
chr14	73601883	73785352	chr14:74068587..74069172-chr14:74251195..74252055,3	300	.	73601883	73785352	16711680	2	585,860,	0,182609,
chr14	73601927	73783189	chr14:74068631..74069429-chr14:74249349..74249892,2	200	.	73601927	73783189	16711680	2	798,543,	0,180719,
chr14	73633664	73785325	chr14:74100368..74101094-chr14:74251377..74252028,3	300	.	73633664	73785325	16711680	2	727,651,	0,151010,
chr14	73633831	73783215	chr14:74100534..74101054-chr14:74249389..74249918,2	200	.	73633831	73783215	16711680	2	520,529,	0,148855,
chr14	96574375	100137861	chr14:97040712..97041252-chr14:100603430..100604198,2	200	.	96574375	100137861	16711680	2	540,768,	0,3562718,
chr14	98806263	98909738	chr14:99272600..99273485-chr14:99375523..99376075,2	200	.	98806263	98909738	16711680	2	885,552,	0,102923,
chr14	98806395	98891777	chr14:99272732..99273546-chr14:99357318..99358114,3	300	.	98806395	98891777	16711680	2	814,796,	0,84586,
chr14	98806473	98904209	chr14:99272810..99273601-chr14:99369547..99370546,4	400	.	98806473	98904209	16711680	2	791,999,	0,96737,
chr15	57591269	73710734	chr15:57883467..57884028-chr15:74002521..74003075,2	200	.	57591269	73710734	16711680	2	561,554,	0,16118911,
chr15	95894230	96103589	chr15:96437459..96437978-chr15:96646264..96646818,2	200	.	95894230	96103589	16711680	2	519,554,	0,208805,
chr15	95894265	96337530	chr15:96437494..96438084-chr15:96880092..96880759,2	200	.	95894265	96337530	16711680	2	590,667,	0,442598,
chr15	95895068	96337342	chr15:96438297..96439403-chr15:96879700..96880571,3	300	.	95895068	96337342	16711680	2	1106,871,	0,441403,
chr15	95895156	96103696	chr15:96438385..96439161-chr15:96646260..96646925,3	300	.	95895156	96103696	16711680	2	776,665,	0,207875,
chr15	95911386	96337435	chr15:96454615..96455439-chr15:96879983..96880664,2	200	.	95911386	96337435	16711680	2	824,681,	0,425368,
chr16	11457008	85306741	chr16:11550864..11551384-chr16:85339844..85340347,2	200	.	11457008	85306741	16711680	2	520,503,	0,73849230,
chr16	21511338	87861173	chr16:21522659..21523262-chr16:87894262..87894779,2	200	.	21511338	87861173	16711680	2	603,517,	0,66349318,
chr16	29310649	88017636	chr16:29321970..29322894-chr16:88050387..88051242,6	600	.	29310649	88017636	16711680	2	924,855,	0,58706132,
chr17	7951524	47693782	chr17:7854842..7855345-chr17:45770546..45771148,2	200	.	7951524	47693782	16711680	2	503,602,	0,39741656,
chr17	7957595	40449254	chr17:7860913..7861620-chr17:38604584..38605506,2	200	.	7957595	40449254	16711680	2	707,922,	0,32490737,
chr17	58639367	74770271	chr17:56716728..56717687-chr17:72765719..72766410,2	200	.	58639367	74770271	16711680	2	959,691,	0,16130213,
chr17	58639404	74761214	chr17:56716765..56717651-chr17:72756497..72757353,2	200	.	58639404	74761214	16711680	2	886,856,	0,16120954,
chr17	58639450	61723838	chr17:56716811..56717664-chr17:59800437..59801199,3	300	.	58639450	61723838	16711680	2	853,762,	0,3083626,
chr17	58639496	60345826	chr17:56716857..56717548-chr17:58422241..58423187,2	200	.	58639496	60345826	16711680	2	691,946,	0,1705384,
chr17	59007603	61723918	chr17:57084964..57085505-chr17:59800528..59801279,2	200	.	59007603	61723918	16711680	2	541,751,	0,2715564,
chr17	59122312	59829674	chr17:57199673..57200212-chr17:57906494..57907035,2	200	.	59122312	59829674	16711680	2	539,541,	0,706821,
chr17	61219373	61254812	chr17:59296734..59297281-chr17:59331582..59332173,2	200	.	61219373	61254812	16711680	2	547,591,	0,34848,
chr17	61356445	61723973	chr17:59433806..59434541-chr17:59800526..59801334,3	300	.	61356445	61723973	16711680	2	735,808,	0,366720,
chr17	61399011	61723914	chr17:59476372..59477451-chr17:59800613..59801275,3	300	.	61399011	61723914	16711680	2	1079,662,	0,324241,
chr17	61450008	61519322	chr17:59527369..59528071-chr17:59595810..59596683,3	300	.	61450008	61519322	16711680	2	702,873,	0,68441,
chr17	61561198	61723643	chr17:59638559..59639093-chr17:59800446..59801004,2	200	.	61561198	61723643	16711680	2	534,558,	0,161887,
chr17	61723011	61745836	chr17:59800372..59801306-chr17:59822185..59823197,8	800	.	61723011	61745836	16711680	2	934,1012,	0,21813,
chr17	61723012	61862816	chr17:59800373..59801238-chr17:59939362..59940177,3	300	.	61723012	61862816	16711680	2	865,815,	0,138989,
chr17	61723026	61800983	chr17:59800387..59801536-chr17:59877330..59878344,11	1000	.	61723026	61800983	16711680	2	1149,1014,	0,76943,
chr17	61723227	61839950	chr17:59800588..59801107-chr17:59916679..59917311,2	200	.	61723227	61839950	16711680	2	519,632,	0,116091,
chr18	45802768	74243342	chr18:43382733..43383273-chr18:71909946..71910577,2	200	.	45802768	74243342	16711680	2	540,631,	0,28439943,
chr2	113176458	120404852	chr2:113934035..113934641-chr2:121161484..121162428,2	200	.	113176458	120404852	16711680	2	606,944,	0,7227450,
chr2	138435479	138565604	chr2:139193049..139193869-chr2:139322592..139323174,4	400	.	138435479	138565604	16711680	2	820,582,	0,129543,
chr2	163840132	163857386	chr2:164696642..164697370-chr2:164713055..164713896,3	300	.	163840132	163857386	16711680	2	728,841,	0,16413,
chr2	173428355	173767498	chr2:174293083..174293895-chr2:174631362..174632226,3	300	.	173428355	173767498	16711680	2	812,864,	0,338279,
chr2	231519166	231708397	chr2:232383877..232384820-chr2:232572359..232573107,2	200	.	231519166	231708397	16711680	2	943,748,	0,188483,
chr20	32040757	45342320	chr20:30628560..30629275-chr20:43970231..43970960,2	200	.	32040757	45342320	16711680	2	715,729,	0,13300834,
chr20	39758758	54124105	chr20:38387400..38387900-chr20:52739840..52740644,2	200	.	39758758	54124105	16711680	2	500,804,	0,14364543,
chr20	47331389	50727792	chr20:45960133..45960635-chr20:49343638..49344329,2	200	.	47331389	50727792	16711680	2	502,691,	0,3395712,
chr20	47344997	54149590	chr20:45973741..45974624-chr20:52765376..52766129,2	200	.	47344997	54149590	16711680	2	883,753,	0,6803840,
chr20	47345347	50727991	chr20:45974091..45974604-chr20:49343585..49344528,2	200	.	47345347	50727991	16711680	2	513,943,	0,3381701,
chr20	47382374	50728186	chr20:46011118..46012101-chr20:49343687..49344723,5	500	.	47382374	50728186	16711680	2	983,1036,	0,3344776,
chr20	48075654	54195929	chr20:46704397..46705661-chr20:52811502..52812468,14	1000	.	48075654	54195929	16711680	2	1264,966,	0,6119309,
chr20	48075712	54123947	chr20:46704455..46705085-chr20:52739865..52740486,2	200	.	48075712	54123947	16711680	2	630,621,	0,6047614,
chr20	48075759	54149660	chr20:46704502..46705337-chr20:52765426..52766199,4	400	.	48075759	54149660	16711680	2	835,773,	0,6073128,
chr20	48075858	54087806	chr20:46704601..46705157-chr20:52703735..52704345,2	200	.	48075858	54087806	16711680	2	556,610,	0,6011338,
chr20	48571915	54149631	chr20:47188453..47188965-chr20:52765584..52766170,2	200	.	48571915	54149631	16711680	2	512,586,	0,5577130,
chr20	48697764	54149625	chr20:47314302..47315275-chr20:52765377..52766164,3	300	.	48697764	54149625	16711680	2	973,787,	0,5451074,
chr20	48698020	54127607	chr20:47314558..47315197-chr20:52743433..52744146,2	200	.	48698020	54127607	16711680	2	639,713,	0,5428874,
chr20	48864158	54124231	chr20:47480695..47481839-chr20:52739928..52740770,4	400	.	48864158	54124231	16711680	2	1144,842,	0,5259231,
chr20	48864488	54149669	chr20:47481025..47481886-chr20:52765424..52766208,3	300	.	48864488	54149669	16711680	2	861,784,	0,5284397,
chr20	50727090	54195896	chr20:49343627..49344448-chr20:52811576..52812435,6	600	.	50727090	54195896	16711680	2	821,859,	0,3467947,
chr20	50727106	54149736	chr20:49343643..49344493-chr20:52765356..52766275,6	600	.	50727106	54149736	16711680	2	850,919,	0,3421711,
chr20	50727140	54124300	chr20:49343677..49344768-chr20:52739970..52740839,4	400	.	50727140	54124300	16711680	2	1091,869,	0,3396291,
chr20	50727523	53608940	chr20:49344060..49344653-chr20:52224962..52225479,2	200	.	50727523	53608940	16711680	2	593,517,	0,2880900,
chr20	50763971	54124518	chr20:49380508..49381298-chr20:52740109..52741057,2	200	.	50763971	54124518	16711680	2	790,948,	0,3359599,
chr20	50763976	54195952	chr20:49380513..49381355-chr20:52811947..52812491,2	200	.	50763976	54195952	16711680	2	842,544,	0,3431432,
chr20	53579028	53662373	chr20:52195567..52196120-chr20:52278101..52278912,2	200	.	53579028	53662373	16711680	2	553,811,	0,82534,
chr20	53607975	53725753	chr20:52224514..52225346-chr20:52341410..52342292,3	300	.	53607975	53725753	16711680	2	832,882,	0,116896,
chr20	53607976	53662469	chr20:52224515..52225427-chr20:52278079..52279008,9	900	.	53607976	53662469	16711680	2	912,929,	0,53564,
chr20	53607993	54149627	chr20:52224532..52225159-chr20:52765348..52766166,2	200	.	53607993	54149627	16711680	2	627,818,	0,540816,
chr20	53608016	53786305	chr20:52224555..52225218-chr20:52402217..52402844,2	200	.	53608016	53786305	16711680	2	663,627,	0,177662,
chr20	53608039	54195925	chr20:52224578..52225128-chr20:52811673..52812464,2	200	.	53608039	54195925	16711680	2	550,791,	0,587095,
chr20	53621505	53662329	chr20:52238044..52238679-chr20:52278083..52278868,2	200	.	53621505	53662329	16711680	2	635,785,	0,40039,
chr20	53661489	54195963	chr20:52278028..52278937-chr20:52811392..52812502,5	500	.	53661489	54195963	16711680	2	909,1110,	0,533364,
chr20	53661564	53828908	chr20:52278103..52278773-chr20:52444653..52445447,2	200	.	53661564	53828908	16711680	2	670,794,	0,166550,
chr20	53661753	53865077	chr20:52278292..52278903-chr20:52480742..52481616,3	300	.	53661753	53865077	16711680	2	611,874,	0,202450,
chr20	53661837	53806274	chr20:52278376..52279004-chr20:52422159..52422813,2	200	.	53661837	53806274	16711680	2	628,654,	0,143783,
chr20	53661839	54149434	chr20:52278378..52278945-chr20:52765351..52765973,2	200	.	53661839	54149434	16711680	2	567,622,	0,486973,
chr20	53661855	54124177	chr20:52278394..52278897-chr20:52740216..52740716,2	200	.	53661855	54124177	16711680	2	503,500,	0,461822,
chr20	53661875	57264083	chr20:52278414..52279052-chr20:55838156..55839139,2	200	.	53661875	57264083	16711680	2	638,983,	0,3601225,
chr20	53724848	57263619	chr20:52341387..52341931-chr20:55838149..55838675,2	200	.	53724848	57263619	16711680	2	544,526,	0,3538245,
chr20	53773724	54124164	chr20:52390263..52391133-chr20:52740057..52740703,2	200	.	53773724	54124164	16711680	2	870,646,	0,349794,
chr20	53773888	53852768	chr20:52390427..52391199-chr20:52468797..52469307,2	200	.	53773888	53852768	16711680	2	772,510,	0,78370,
chr20	54195074	57263606	chr20:52811613..52812326-chr20:55838036..55838662,3	300	.	54195074	57263606	16711680	2	713,626,	0,3067906,
chr20	56734911	56955420	chr20:55309967..55310940-chr20:55529565..55530476,4	400	.	56734911	56955420	16711680	2	973,911,	0,219598,
chr20	56734926	56890833	chr20:55309982..55310990-chr20:55464855..55465889,5	500	.	56734926	56890833	16711680	2	1008,1034,	0,154873,
chr20	56734955	56919842	chr20:55310011..55310858-chr20:55493970..55494898,5	500	.	56734955	56919842	16711680	2	847,928,	0,183959,
chr20	56735039	56936873	chr20:55310095..55310948-chr20:55511359..55511929,3	300	.	56735039	56936873	16711680	2	853,570,	0,201264,
chr20	56735041	57049968	chr20:55310097..55310732-chr20:55624362..55625024,3	300	.	56735041	57049968	16711680	2	635,662,	0,314265,
chr20	56735066	56975242	chr20:55310122..55310927-chr20:55549772..55550298,2	200	.	56735066	56975242	16711680	2	805,526,	0,239650,
chr20	56758442	56890791	chr20:55333498..55334431-chr20:55464867..55465847,4	400	.	56758442	56890791	16711680	2	933,980,	0,131369,
chr20	56758445	57071948	chr20:55333501..55334228-chr20:55646167..55647004,2	200	.	56758445	57071948	16711680	2	727,837,	0,312666,
chr20	56758480	56919860	chr20:55333536..55334308-chr20:55494264..55494916,4	400	.	56758480	56919860	16711680	2	772,652,	0,160728,
chr20	56758506	56955134	chr20:55333562..55334206-chr20:55529531..55530190,2	200	.	56758506	56955134	16711680	2	644,659,	0,195969,
chr20	56758515	56937296	chr20:55333571..55334538-chr20:55511431..55512352,12	1000	.	56758515	56937296	16711680	2	967,921,	0,177860,
chr20	56758638	56974982	chr20:55333694..55334437-chr20:55549409..55550038,2	200	.	56758638	56974982	16711680	2	743,629,	0,215715,
chr20	56758768	56993720	chr20:55333824..55334337-chr20:55567800..55568776,2	200	.	56758768	56993720	16711680	2	513,976,	0,233976,
chr20	56758875	56923143	chr20:55333931..55334453-chr20:55497385..55498199,2	200	.	56758875	56923143	16711680	2	522,814,	0,163454,
chr21	14305950	15210941	chr21:15678271..15679097-chr21:16582211..16583261,3	300	.	14305950	15210941	16711680	2	826,1050,	0,903941,
chr21	14863185	15210484	chr21:16235506..16236232-chr21:16582287..16582804,2	200	.	14863185	15210484	16711680	2	726,517,	0,346782,
chr21	14877488	15210869	chr21:16249809..16250331-chr21:16582564..16583189,2	200	.	14877488	15210869	16711680	2	522,625,	0,332756,
chr21	15003030	15200314	chr21:16375351..16376289-chr21:16571993..16572634,2	200	.	15003030	15200314	16711680	2	938,641,	0,196643,
chr21	15003092	15342988	chr21:16375413..16376190-chr21:16714500..16715307,2	200	.	15003092	15342988	16711680	2	777,807,	0,339089,
chr21	15003112	15210795	chr21:16375433..16376422-chr21:16582244..16583115,4	400	.	15003112	15210795	16711680	2	989,871,	0,206812,
chr21	15003264	15173613	chr21:16375585..16376325-chr21:16545085..16545933,2	200	.	15003264	15173613	16711680	2	740,848,	0,169501,
chr21	15004695	15210962	chr21:16377016..16378255-chr21:16582184..16583282,13	1000	.	15004695	15210962	16711680	2	1239,1098,	0,205169,
chr21	15004917	15173282	chr21:16377238..16378235-chr21:16544902..16545602,3	300	.	15004917	15173282	16711680	2	997,700,	0,167665,
chr21	15005031	15204375	chr21:16377352..16378335-chr21:16575784..16576695,5	500	.	15005031	15204375	16711680	2	983,911,	0,198433,
chr21	15005080	15343028	chr21:16377401..16378315-chr21:16714678..16715347,3	300	.	15005080	15343028	16711680	2	914,669,	0,337279,
chr21	15005093	15587484	chr21:16377414..16378279-chr21:16958983..16959803,3	300	.	15005093	15587484	16711680	2	865,820,	0,581571,
chr21	15005109	15200448	chr21:16377430..16378305-chr21:16571594..16572768,4	400	.	15005109	15200448	16711680	2	875,1174,	0,194165,
chr21	15132428	15211036	chr21:16504749..16505697-chr21:16582211..16583356,5	500	.	15132428	15211036	16711680	2	948,1145,	0,77463,
chr21	15132517	15173329	chr21:16504838..16505677-chr21:16545069..16545649,2	200	.	15132517	15173329	16711680	2	839,580,	0,40232,
chr3	9954918	9970664	chr3:9996602..9997384-chr3:10011452..10012348,2	200	.	9954918	9970664	16711680	2	782,896,	0,14850,
chr3	32447519	188491912	chr3:32489011..32489531-chr3:188208875..188209700,2	200	.	32447519	188491912	16711680	2	520,825,	0,156043568,
chr3	32447521	64491732	chr3:32489013..32489531-chr3:64476813..64477408,2	200	.	32447521	64491732	16711680	2	518,595,	0,32043616,
chr3	64491136	64502049	chr3:64476812..64477772-chr3:64486807..64487725,11	1000	.	64491136	64502049	16711680	2	960,918,	0,9995,
chr3	140947027	193879769	chr3:140665869..140666370-chr3:193597000..193597558,2	200	.	140947027	193879769	16711680	2	501,558,	0,52932184,
chr3	150237678	150737753	chr3:149955465..149956755-chr3:150454327..150455540,5	500	.	150237678	150737753	16711680	2	1290,1213,	0,498862,
chr3	150736948	150845238	chr3:150454735..150455867-chr3:150561994..150563025,23	1000	.	150736948	150845238	16711680	2	1132,1031,	0,107259,
chr3	150736950	161340037	chr3:150454737..150455301-chr3:161057286..161057825,2	200	.	150736950	161340037	16711680	2	564,539,	0,10602548,
chr3	150737090	154219393	chr3:150454877..150455380-chr3:153936589..153937182,2	200	.	150737090	154219393	16711680	2	503,593,	0,3481710,
chr3	150756182	150845153	chr3:150473969..150474942-chr3:150562139..150562940,2	200	.	150756182	150845153	16711680	2	973,801,	0,88170,
chr3	174955478	175128125	chr3:174673268..174674042-chr3:174844572..174845915,4	400	.	174955478	175128125	16711680	2	774,1343,	0,171304,
chr3	174955948	175137221	chr3:174673738..174674520-chr3:174854422..174855011,2	200	.	174955948	175137221	16711680	2	782,589,	0,180684,
chr3	194158669	196287851	chr3:193876458..193877164-chr3:196013904..196014722,2	200	.	194158669	196287851	16711680	2	706,818,	0,2128364,
chr4	74374814	74662836	chr4:75240531..75241121-chr4:75587038..75588035,2	200	.	74374814	74662836	16711680	2	590,997,	0,287025,
chr4	74618364	74662265	chr4:75543578..75544249-chr4:75586605..75587464,5	500	.	74618364	74662265	16711680	2	671,859,	0,43042,
chr5	19048436	19885627	chr5:19048545..19049639-chr5:19884956..19885736,3	300	.	19048436	19885627	16711680	2	1094,780,	0,836411,
chr5	19048527	20502512	chr5:19048636..19049560-chr5:20501748..20502621,3	300	.	19048527	20502512	16711680	2	924,873,	0,1453112,
chr5	19048699	19735362	chr5:19048808..19049503-chr5:19734870..19735471,2	200	.	19048699	19735362	16711680	2	695,601,	0,686062,
chr5	129128953	129178267	chr5:128464646..128465258-chr5:128513053..128513960,2	200	.	129128953	129178267	16711680	2	612,907,	0,48407,
chr5	137850148	137889348	chr5:137185837..137186695-chr5:137224432..137225037,2	200	.	137850148	137889348	16711680	2	858,605,	0,38595,
chr6	42075048	42227445	chr6:42042786..42043698-chr6:42194280..42195183,8	800	.	42075048	42227445	16711680	2	912,903,	0,151494,
chr6	44110069	44238675	chr6:44077806..44078726-chr6:44204971..44206412,4	400	.	44110069	44238675	16711680	2	920,1441,	0,127165,
chr6	122620656	122697579	chr6:122941801..122942437-chr6:123018040..123018724,2	200	.	122620656	122697579	16711680	2	636,684,	0,76239,
chr6	122622360	122697642	chr6:122943505..122944478-chr6:123017798..123018787,6	600	.	122622360	122697642	16711680	2	973,989,	0,74293,
chr6	125201951	125585757	chr6:125523097..125523698-chr6:125906341..125906903,2	200	.	125201951	125585757	16711680	2	601,562,	0,383244,
chr7	102316891	105284286	chr7:101957358..101957925-chr7:104924102..104924733,2	200	.	102316891	105284286	16711680	2	567,631,	0,2966764,
chr7	108201588	108352027	chr7:107842032..107842538-chr7:107991881..107992471,2	200	.	108201588	108352027	16711680	2	506,590,	0,149849,
chr7	116272925	116340306	chr7:115912979..115913921-chr7:115979610..115980360,5	500	.	116272925	116340306	16711680	2	942,750,	0,66631,
chr7	116316468	116427146	chr7:115956522..115957043-chr7:116066484..116067200,2	200	.	116316468	116427146	16711680	2	521,716,	0,109962,
chr7	116317012	116427019	chr7:115957066..115957794-chr7:116066378..116067073,2	200	.	116317012	116427019	16711680	2	728,695,	0,109312,
chr7	151694484	151857243	chr7:151391570..151392561-chr7:151553318..151554328,13	1000	.	151694484	151857243	16711680	2	991,1010,	0,161749,
chr7	151721270	151857216	chr7:151418356..151419311-chr7:151553722..151554301,2	200	.	151721270	151857216	16711680	2	955,579,	0,135367,
chr8	33244813	127871118	chr8:33102331..33103254-chr8:128882687..128883364,2	200	.	33244813	127871118	16711680	2	923,677,	0,94625628,
chr8	90581412	90913218	chr8:91593640..91594279-chr8:91924795..91925446,2	200	.	90581412	90913218	16711680	2	639,651,	0,331155,
chr8	97764228	99818941	chr8:98776456..98777064-chr8:100830411..100831169,2	200	.	97764228	99818941	16711680	2	608,758,	0,2053955,
chr8	100719344	101121345	chr8:101731572..101732178-chr8:102132634..102133573,2	200	.	100719344	101121345	16711680	2	606,939,	0,401062,
chr8	100952494	101121307	chr8:101964722..101965498-chr8:102132633..102133535,3	300	.	100952494	101121307	16711680	2	776,902,	0,167911,
chr8	100994375	101121124	chr8:102006603..102007281-chr8:102132823..102133352,2	200	.	100994375	101121124	16711680	2	678,529,	0,126220,
chr8	101003592	101121357	chr8:102015820..102016789-chr8:102132695..102133585,3	300	.	101003592	101121357	16711680	2	969,890,	0,116875,
chr8	101120491	101504333	chr8:102132719..102133605-chr8:102516006..102516561,3	300	.	101120491	101504333	16711680	2	886,555,	0,383287,
chr8	101360800	101437506	chr8:102373028..102373637-chr8:102448966..102449734,2	200	.	101360800	101437506	16711680	2	609,768,	0,75938,
chr8	109575325	109638739	chr8:110587554..110588184-chr8:110650422..110650968,2	200	.	109575325	109638739	16711680	2	630,546,	0,62868,
chr8	109575497	109645368	chr8:110587726..110588239-chr8:110657058..110657597,2	200	.	109575497	109645368	16711680	2	513,539,	0,69332,
chr8	123453964	123564223	chr8:124466204..124466710-chr8:124575524..124576463,2	200	.	123453964	123564223	16711680	2	506,939,	0,109320,
chr9	88369936	125174889	chr9:90984851..90985655-chr9:127936274..127937168,2	200	.	88369936	125174889	16711680	2	804,894,	0,36804059,
chr9	92665922	121717964	chr9:95428204..95428780-chr9:124479526..124480243,2	200	.	92665922	121717964	16711680	2	576,717,	0,29051325,
chr9	125460832	125562226	chr9:128223111..128223765-chr9:128323886..128324505,2	200	.	125460832	125562226	16711680	2	654,619,	0,100775,
chr9	125501003	125538744	chr9:128263282..128263814-chr9:128300192..128301023,2	200	.	125501003	125538744	16711680	2	532,831,	0,36910,
chr9	125511803	125562408	chr9:128274082..128274832-chr9:128324131..128324687,2	200	.	125511803	125562408	16711680	2	750,556,	0,50049,
chr9	134662059	135393198	chr9:137553905..137554678-chr9:138284506..138285044,2	200	.	134662059	135393198	16711680	2	773,538,	0,730601,
chr9	134895423	135393120	chr9:137787269..137788241-chr9:138284240..138284966,2	200	.	134895423	135393120	16711680	2	972,726,	0,496971,
