chr1	108198466	108199882	108199426.0	55	41	10	0.0	1.3416451316583533e-07	5.390238571959195e-05	5390.238571959195	3.051959991037659e-05	3051.959991037659	2338.2785809215356	0.0	1	chr1	107420305	111513703
chr1	108216309	108217487	108217058.0	68	53	12	0.0	1.0323784049859341e-08	6.664294961695005e-05	6664.2949616950045	3.945216573780389e-05	3945.2165737803884	2719.078387914616	0.0	0	chr1	107420305	111513703
chr1	108234545	108235501	108234986.0	30	20	8	4.030220601691781e-11	6.016933462560381e-05	2.940130130159561e-05	2940.130130159561	1.4887609712378825e-05	1488.7609712378824	1451.3691589216785	3.9612477454268404e-07	0	chr1	107420305	111513703
chr1	108458159	108459797	108459285.0	54	26	13	0.0	4.131028852327745e-12	5.2922342342872094e-05	5292.23423428721	1.9353892626092473e-05	1935.3892626092472	3356.8449716779623	0.0	0	chr1	107420305	111513703
chr1	108533169	108534271	108533744.0	27	14	8	9.430896064088756e-10	1.3904713940582347e-05	2.6461171171436047e-05	2646.117117143605	1.0421326798665176e-05	1042.1326798665177	1603.9844372770872	6.852331146500746e-06	1	chr1	107420305	111513703
chr1	108815817	108816578	108816295.0	27	18	9	1.181083675305672e-09	0.0007467220680938969	2.6461171171436047e-05	2646.117117143605	1.3398848741140941e-05	1339.8848741140941	1306.2322430295108	8.361516293186507e-06	1	chr1	107420305	111513703
chr1	109214503	109215019	109214789.0	25	7	4	7.588306649708443e-10	7.238076733528942e-06	2.450108441799634e-05	2450.108441799634	5.210663399332588e-06	521.0663399332589	1929.042101866375	5.621117735451026e-06	0	chr1	107420305	111513703
chr1	113975582	113977020	113976809.0	44	16	9	0.0	4.878280335240959e-09	4.312190857567356e-05	4312.190857567356	1.191008776990306e-05	1191.008776990306	3121.1820805770503	0.0	1	chr1	113976359	114001085
chr1	151006952	151008342	151007152.0	25	7	6	2.2734386595502087e-09	1.0504727765314748e-05	2.450108441799634e-05	2450.108441799634	5.210663399332588e-06	521.0663399332589	1929.042101866375	1.5141889199157481e-05	4	chr1	150981438	151008600
chr10	8725294	8727606	8726431.0	47	40	17	0.0	7.862206319320109e-08	4.606203870583312e-05	4606.203870583312	2.977521942475765e-05	2977.5219424757647	1628.6819281075473	0.0	1	chr10	8628109	8726579
chr10	29163208	29164759	29164370.0	29	13	11	9.018830127160982e-11	0.00011890160132710381	2.8421257924875754e-05	2842.1257924875754	9.676946313046236e-06	967.6946313046236	1874.4311611829517	8.225600996439311e-07	1	chr10	29149742	29164375
chr10	44172768	44174190	44173414.0	37	16	13	1.1102230246251565e-16	7.892083397798011e-06	3.626160493863458e-05	3626.160493863458	1.191008776990306e-05	1191.008776990306	2435.1517168731525	2.676093914367862e-12	1	chr10	44173308	44245541
chr10	44172768	44174190	44173414.0	37	16	13	1.1102230246251565e-16	7.892083397798011e-06	3.626160493863458e-05	3626.160493863458	1.191008776990306e-05	1191.008776990306	2435.1517168731525	2.676093914367862e-12	1	chr10	44173356	44244370
chr10	44172768	44174190	44173414.0	37	16	13	1.1102230246251565e-16	7.892083397798011e-06	3.626160493863458e-05	3626.160493863458	1.191008776990306e-05	1191.008776990306	2435.1517168731525	2.676093914367862e-12	1	chr10	43853948	44174170
chr10	74821746	74823209	74822007.0	26	14	9	4.768372363628259e-10	0.0005164862623954214	2.5481127794716194e-05	2548.1127794716194	1.0421326798665176e-05	1042.1326798665177	1505.9800996051017	3.6850151491801356e-06	1	chr10	74743070	74900519
chr10	96863482	96864253	96863692.0	27	12	7	4.6197712322282314e-11	0.00012368063114087668	2.6461171171436047e-05	2646.117117143605	8.932565827427295e-06	893.2565827427295	1752.8605344008754	4.497048194000815e-07	1	chr10	93435110	100884009
chr10	115664074	115665167	115664803.0	60	80	14	0.0	1.214842089147794e-07	5.880260260319122e-05	5880.260260319122	5.95504388495153e-05	5955.043884951529	-74.78362463240774	0.0	1	chr10	115664435	115706674
chr10	115664074	115665167	115664803.0	60	80	14	0.0	1.214842089147794e-07	5.880260260319122e-05	5880.260260319122	5.95504388495153e-05	5955.043884951529	-74.78362463240774	0.0	1	chr10	115431781	115665308
chr11	17238536	17239566	17238784.0	33	11	7	1.3655743202889425e-14	1.6928214015998755e-05	3.234143143175517e-05	3234.143143175517	8.188185341808353e-06	818.8185341808353	2415.3246089946815	2.425386168706031e-10	2	chr11	16956651	76773158
chr11	24446070	24446529	24446296.0	30	14	3	2.682298827494378e-13	3.3339958772637956e-05	2.940130130159561e-05	2940.130130159561	1.0421326798665176e-05	1042.1326798665177	1897.9974502930431	4.013033522345848e-09	0	chr11	16956651	76773158
chr11	38970925	38972328	38972076.5	30	9	17	2.652322805829499e-12	6.374225824945512e-08	2.940130130159561e-05	2940.130130159561	6.699424370570471e-06	669.9424370570471	2270.1876931025135	3.42783716399799e-08	2	chr11	16956651	76773158
chr11	47945982	47947262	47946961.5	28	11	10	2.7000846003488732e-11	0.00010994709359857247	2.74412145481559e-05	2744.12145481559	8.188185341808353e-06	818.8185341808353	1925.3029206347546	2.7592374582329954e-07	1	chr11	16956651	76773158
chr11	63528493	63528926	63528723.0	34	6	4	1.887379141862766e-15	1.3134958676275232e-09	3.332147480847502e-05	3332.1474808475023	4.466282913713647e-06	446.62829137136475	2885.5191894761374	3.847109506426819e-11	0	chr11	16956651	76773158
chr11	63530836	63531295	63531066.0	23	3	4	5.412635672996657e-09	7.174536487131178e-07	2.2540997664556634e-05	2254.0997664556635	2.2331414568568237e-06	223.31414568568238	2030.785620769981	3.32769498580977e-05	0	chr11	16956651	76773158
chr11	66124359	66125316	66124772.0	28	4	8	1.0287637408623596e-10	2.1520475734781996e-08	2.74412145481559e-05	2744.12145481559	2.977521942475765e-06	297.7521942475765	2446.3692605680135	9.271444733294979e-07	1	chr11	16956651	76773158
chr11	72164287	72164817	72164584.0	29	10	4	2.2746249328520207e-12	0.00010875343886906919	2.8421257924875754e-05	2842.1257924875754	7.443804856189412e-06	744.3804856189412	2097.745306868634	3.0116737641914056e-08	0	chr11	16956651	76773158
chr11	78150627	78151407	78151052.0	27	12	6	4.534128628108647e-11	0.0001754317862086019	2.6461171171436047e-05	2646.117117143605	8.932565827427295e-06	893.2565827427295	1752.8605344008754	4.4278725629402177e-07	1	chr11	78145423	78156929
chr11	78150627	78151407	78151052.0	27	12	6	4.534128628108647e-11	0.0001754317862086019	2.6461171171436047e-05	2646.117117143605	8.932565827427295e-06	893.2565827427295	1752.8605344008754	4.4278725629402177e-07	1	chr11	78150490	78260401
chr11	78150627	78151407	78151052.0	27	12	6	4.534128628108647e-11	0.0001754317862086019	2.6461171171436047e-05	2646.117117143605	8.932565827427295e-06	893.2565827427295	1752.8605344008754	4.4278725629402177e-07	1	chr11	76772336	78157007
chr11	101033439	101034888	101034141.0	34	22	18	2.5646151868841116e-14	4.170497512978599e-05	3.332147480847502e-05	3332.1474808475023	1.6376370683616706e-05	1637.6370683616706	1694.5104124858317	4.425590310885852e-10	1	chr11	100999897	101034716
chr11	101033439	101034888	101034141.0	34	22	18	2.5646151868841116e-14	4.170497512978599e-05	3.332147480847502e-05	3332.1474808475023	1.6376370683616706e-05	1637.6370683616706	1694.5104124858317	4.425590310885852e-10	1	chr11	101033893	101337380
chr12	7919993	7920956	7920461.0	25	11	14	1.915111180750273e-09	0.0006903360494229238	2.450108441799634e-05	2450.108441799634	8.188185341808353e-06	818.8185341808353	1631.2899076187987	1.3070603683276196e-05	1	chr12	7884754	7920420
chr12	97499803	97501049	97500629.0	36	33	10	6.661338147750939e-16	2.372380209147984e-05	3.528156156191473e-05	3528.156156191473	2.456455602542506e-05	2456.455602542506	1071.7005536489673	1.47673503595774e-11	1	chr12	97500406	97569224
chr12	118059088	118060284	118059764.0	39	18	9	0.0	1.6137521681613975e-05	3.822169169207429e-05	3822.169169207429	1.3398848741140941e-05	1339.8848741140941	2482.284295093335	0.0	0	chr12	116390521	121749439
chr12	118105961	118106846	118106217.0	27	12	6	5.3640647479369363e-11	0.00040109012390709964	2.6461171171436047e-05	2646.117117143605	8.932565827427295e-06	893.2565827427295	1752.8605344008754	5.18831133730087e-07	1	chr12	116390521	121749439
chr12	118356413	118357702	118357058.0	25	10	13	2.022497946896351e-09	0.00024030556802445702	2.450108441799634e-05	2450.108441799634	7.443804856189412e-06	744.3804856189412	1705.7279561806927	1.374175597199542e-05	1	chr12	116390521	121749439
chr12	122110940	122112310	122111140.0	27	10	11	6.06223182764154e-10	0.00014110981968340486	2.6461171171436047e-05	2646.117117143605	7.443804856189412e-06	744.3804856189412	1901.7366315246636	4.591449726659108e-06	1	chr12	121748488	123070520
chr14	73696048	73697136	73696743.0	25	4	10	4.203231873667335e-09	2.823773650462158e-07	2.450108441799634e-05	2450.108441799634	2.977521942475765e-06	297.7521942475765	2152.3562475520575	2.653994008667108e-05	0	chr14	73601971	73785499
chr14	95273452	95274212	95273825.0	25	7	3	4.1431735819941196e-10	3.567227126799466e-05	2.450108441799634e-05	2450.108441799634	5.210663399332588e-06	521.0663399332589	1929.042101866375	3.235885018087126e-06	1	chr14	95056211	95486011
chr14	95273452	95274212	95273825.0	25	7	3	4.1431735819941196e-10	3.567227126799466e-05	2.450108441799634e-05	2450.108441799634	5.210663399332588e-06	521.0663399332589	1929.042101866375	3.235885018087126e-06	1	chr14	95056262	95617239
chr15	39668322	39669680	39668594.0	24	8	13	4.721160795639889e-09	8.475175937916468e-05	2.3521041041276488e-05	2352.1041041276485	5.95504388495153e-06	595.504388495153	1756.5997156324956	2.9564376151200476e-05	1	chr15	39627878	39668845
chr15	39668322	39669680	39668594.0	24	8	13	4.721160795639889e-09	8.475175937916468e-05	2.3521041041276488e-05	2352.1041041276485	5.95504388495153e-06	595.504388495153	1756.5997156324956	2.9564376151200476e-05	1	chr15	39654491	39669025
chr15	39668322	39669680	39668594.0	24	8	13	4.721160795639889e-09	8.475175937916468e-05	2.3521041041276488e-05	2352.1041041276485	5.95504388495153e-06	595.504388495153	1756.5997156324956	2.9564376151200476e-05	1	chr15	39534073	39669064
chr15	39668322	39669680	39668594.0	24	8	13	4.721160795639889e-09	8.475175937916468e-05	2.3521041041276488e-05	2352.1041041276485	5.95504388495153e-06	595.504388495153	1756.5997156324956	2.9564376151200476e-05	1	chr15	39668629	39789439
chr15	64521522	64522806	64522326.0	33	8	12	3.086420008457935e-14	4.003807120289693e-07	3.234143143175517e-05	3234.143143175517	5.95504388495153e-06	595.504388495153	2638.638754680364	5.236771934775278e-10	1	chr15	64521627	64624846
chr15	80668937	80670232	80669976.0	31	13	6	2.575717417130363e-13	0.0001507079204287054	3.0381344678315463e-05	3038.1344678315463	9.676946313046236e-06	967.6946313046236	2070.4398365269226	3.872652341821848e-09	2	chr15	78950707	86588505
chr15	95895296	95896503	95895693.0	41	40	12	0.0	0.0005888846427071215	4.0181778445513996e-05	4018.1778445513996	2.977521942475765e-05	2977.5219424757647	1040.655902075635	0.0	2	chr15	95894492	96103779
chr15	98748597	98749724	98749214.0	56	62	16	0.0	0.00022105812228789823	5.48824290963118e-05	5488.24290963118	4.6151590108374355e-05	4615.159010837436	873.0838987937441	0.0	1	chr15	98748883	98854657
chr15	98748597	98749724	98749214.0	56	62	16	0.0	0.00022105812228789823	5.48824290963118e-05	5488.24290963118	4.6151590108374355e-05	4615.159010837436	873.0838987937441	0.0	1	chr15	98749185	98897463
chr16	87789520	87790252	87789720.0	48	21	4	0.0	9.558834005884975e-06	4.7042082082552975e-05	4704.208208255297	1.5631990197997764e-05	1563.1990197997766	3141.0091884555204	0.0	2	chr16	87779029	87790583
chr16	87789520	87790252	87789720.0	48	21	4	0.0	9.558834005884975e-06	4.7042082082552975e-05	4704.208208255297	1.5631990197997764e-05	1563.1990197997766	3141.0091884555204	0.0	2	chr16	87789451	87835153
chr16	87789520	87790252	87789720.0	48	21	4	0.0	9.558834005884975e-06	4.7042082082552975e-05	4704.208208255297	1.5631990197997764e-05	1563.1990197997766	3141.0091884555204	0.0	2	chr16	87789978	87853973
chr17	50950089	50951335	50950816.0	28	11	4	1.6395218516152e-11	0.00010537139939337248	2.74412145481559e-05	2744.12145481559	8.188185341808353e-06	818.8185341808353	1925.3029206347546	1.7847388268580116e-07	3	chr17	50784850	58640231
chr17	56869690	56870897	56870694.0	27	6	12	6.758601456269275e-10	2.0599215871941468e-06	2.6461171171436047e-05	2646.117117143605	4.466282913713647e-06	446.62829137136475	2199.48882577224	5.0558300831678895e-06	1	chr17	50784850	58640231
chr17	58575300	58576345	58575914.0	27	14	9	4.217371007975146e-09	0.00022363750176435104	2.6461171171436047e-05	2646.117117143605	1.0421326798665176e-05	1042.1326798665177	1603.9844372770872	2.6573969711617135e-05	1	chr17	50784850	58640231
chr17	58639510	58640144	58639876.0	25	2	5	7.511904986934326e-09	4.951944410080955e-09	2.450108441799634e-05	2450.108441799634	1.4887609712378825e-06	148.87609712378824	2301.2323446758455	4.535694204792844e-05	1	chr17	58639422	58639966
chr17	58639510	58640144	58639876.0	25	2	5	7.511904986934326e-09	4.951944410080955e-09	2.450108441799634e-05	2450.108441799634	1.4887609712378825e-06	148.87609712378824	2301.2323446758455	4.535694204792844e-05	1	chr17	58639435	58640340
chr17	58639510	58640144	58639876.0	25	2	5	7.511904986934326e-09	4.951944410080955e-09	2.450108441799634e-05	2450.108441799634	1.4887609712378825e-06	148.87609712378824	2301.2323446758455	4.535694204792844e-05	1	chr17	58639518	58687259
chr17	58639510	58640144	58639876.0	25	2	5	7.511904986934326e-09	4.951944410080955e-09	2.450108441799634e-05	2450.108441799634	1.4887609712378825e-06	148.87609712378824	2301.2323446758455	4.535694204792844e-05	1	chr17	50784850	58640231
chr17	58639510	58640144	58639876.0	25	2	5	7.511904986934326e-09	4.951944410080955e-09	2.450108441799634e-05	2450.108441799634	1.4887609712378825e-06	148.87609712378824	2301.2323446758455	4.535694204792844e-05	1	chr17	58639402	61723960
chr17	58740898	58741634	58741118.0	49	23	5	0.0	6.4392353671394176e-09	4.802212545927283e-05	4802.212545927283	1.7120751169235648e-05	1712.0751169235648	3090.1374290037184	0.0	1	chr17	58639402	61723960
chr17	58900128	58900984	58900616.5	40	29	7	2.220446049250313e-16	0.000584722633999224	3.920173506879414e-05	3920.1735068794146	2.1587034082949294e-05	2158.7034082949294	1761.4700985844852	5.187505126313087e-12	1	chr17	58639402	61723960
chr17	59093106	59095705	59094612.0	75	37	21	0.0	4.784284080017187e-12	7.350325325398902e-05	7350.325325398902	2.7542077967900824e-05	2754.2077967900823	4596.11752860882	0.0	2	chr17	58639402	61723960
chr17	59832730	59833500	59833124.0	51	34	9	0.0	2.739968679976723e-05	4.9982212212712535e-05	4998.221221271254	2.5308936511044003e-05	2530.8936511044003	2467.3275701668535	0.0	1	chr17	58639402	61723960
chr17	60030854	60031476	60031092.0	64	48	4	0.0	2.5326640642919784e-05	6.272277611007063e-05	6272.277611007064	3.573026330970918e-05	3573.026330970918	2699.2512800361455	0.0	0	chr17	58639402	61723960
chr17	60344695	60345600	60345133.0	48	26	12	3.552713678800501e-15	2.710152344653771e-06	4.7042082082552975e-05	4704.208208255297	1.9353892626092473e-05	1935.3892626092472	2768.8189456460495	6.916673501750782e-11	1	chr17	58639402	61723960
chr17	60355895	60357064	60356539.0	35	23	10	1.8276102853320708e-10	0.0009141900662260616	3.4301518185194876e-05	3430.1518185194877	1.7120751169235648e-05	1712.0751169235648	1718.076701595923	1.5461471015507431e-06	2	chr17	58639402	61723960
chr17	60567361	60568518	60568041.0	53	24	13	0.0	9.19952991562667e-09	5.194229896615224e-05	5194.229896615224	1.786513165485459e-05	1786.513165485459	3407.716731129765	0.0	1	chr17	58639402	61723960
chr17	61230384	61231501	61231110.0	45	26	7	1.1102230246251565e-16	2.3946156451293277e-05	4.4101951952393415e-05	4410.195195239341	1.9353892626092473e-05	1935.3892626092472	2474.8059326300936	2.676093914367862e-12	1	chr17	58639402	61723960
chr17	61360113	61361506	61360713.0	74	47	13	0.0	7.037365890028013e-08	7.252320987726917e-05	7252.320987726916	3.498588282409024e-05	3498.5882824090236	3753.732705317893	0.0	0	chr17	58639402	61723960
chr17	61722584	61724092	61723257.0	196	183	24	0.0	5.997919325650969e-07	0.0001920885018370913	19208.85018370913	0.00013622162886826625	13622.162886826623	5586.687296882508	0.0	1	chr17	61722773	61839678
chr17	61722584	61724092	61723257.0	196	183	24	0.0	5.997919325650969e-07	0.0001920885018370913	19208.85018370913	0.00013622162886826625	13622.162886826623	5586.687296882508	0.0	1	chr17	58639402	61723960
chr17	62819231	62820392	62820027.0	31	14	7	3.368416656712725e-12	0.000128724546632486	3.0381344678315463e-05	3038.1344678315463	1.0421326798665176e-05	1042.1326798665177	1996.0017879650286	4.227387958513239e-08	1	chr17	62135170	62962187
chr17	62887764	62888999	62888544.0	52	29	11	0.0	1.6750248429953096e-05	5.096225558943239e-05	5096.225558943239	2.1587034082949294e-05	2158.7034082949294	2937.5221506483094	0.0	1	chr17	62135170	62962187
chr17	62950153	62950877	62950461.0	35	13	6	7.993605777301127e-15	2.796020426187873e-06	3.4301518185194876e-05	3430.1518185194877	9.676946313046236e-06	967.6946313046236	2462.457187214864	1.4803368287283684e-10	1	chr17	62135170	62962187
chr17	64073607	64075155	64074820.0	39	9	11	2.220446049250313e-16	1.0413289119881597e-09	3.822169169207429e-05	3822.169169207429	6.699424370570471e-06	669.9424370570471	3152.2267321503823	5.187505126313087e-12	2	chr17	64073768	64132087
chr17	67490893	67491559	67491356.0	24	3	3	1.7839087984583557e-09	1.57480436024926e-07	2.3521041041276488e-05	2352.1041041276485	2.2331414568568237e-06	223.31414568568238	2128.789958441966	1.2285581682893977e-05	2	chr17	67490881	67558390
chr18	23684290	23685085	23684782.0	27	6	9	7.197920037782524e-11	1.1148874657918029e-06	2.6461171171436047e-05	2646.117117143605	4.466282913713647e-06	446.62829137136475	2199.48882577224	6.705807518193246e-07	1	chr18	23626998	23723206
chr18	60053754	60054776	60054108.0	33	16	12	1.2656542480726785e-14	0.0001569072502090041	3.234143143175517e-05	3234.143143175517	1.191008776990306e-05	1191.008776990306	2043.1343661852109	2.261141940351763e-10	1	chr18	23722424	63241812
chr18	60053754	60054776	60054108.0	33	16	12	1.2656542480726785e-14	0.0001569072502090041	3.234143143175517e-05	3234.143143175517	1.191008776990306e-05	1191.008776990306	2043.1343661852109	2.261141940351763e-10	1	chr18	48982811	63255318
chr18	62485349	62486193	62485910.0	29	9	5	1.6381340728344185e-12	9.15480387053691e-07	2.8421257924875754e-05	2842.1257924875754	6.699424370570471e-06	669.9424370570471	2172.1833554305285	2.211202879563877e-08	1	chr18	23722424	63241812
chr18	62485349	62486193	62485910.0	29	9	5	1.6381340728344185e-12	9.15480387053691e-07	2.8421257924875754e-05	2842.1257924875754	6.699424370570471e-06	669.9424370570471	2172.1833554305285	2.211202879563877e-08	1	chr18	48982811	63255318
chr19	16003389	16004146	16003842.0	24	4	8	2.834760981507145e-09	1.3354033737700277e-06	2.3521041041276488e-05	2352.1041041276485	2.977521942475765e-06	297.7521942475765	2054.351909880072	1.8435767885723807e-05	1	chr19	15934672	16004028
chr19	16003389	16004146	16003842.0	24	4	8	2.834760981507145e-09	1.3354033737700277e-06	2.3521041041276488e-05	2352.1041041276485	2.977521942475765e-06	297.7521942475765	2054.351909880072	1.8435767885723807e-05	1	chr19	15975579	16003981
chr2	11498204	11499199	11498905.0	53	46	8	0.0	9.418021722473746e-05	5.194229896615224e-05	5194.229896615224	3.4241502338471296e-05	3424.1502338471296	1770.0796627680943	0.0	1	chr2	11498267	11525060
chr2	11498204	11499199	11498905.0	53	46	8	0.0	9.418021722473746e-05	5.194229896615224e-05	5194.229896615224	3.4241502338471296e-05	3424.1502338471296	1770.0796627680943	0.0	1	chr2	11498680	11513284
chr2	11498204	11499199	11498905.0	53	46	8	0.0	9.418021722473746e-05	5.194229896615224e-05	5194.229896615224	3.4241502338471296e-05	3424.1502338471296	1770.0796627680943	0.0	1	chr2	11498177	11540394
chr2	33069793	33070690	33070286.0	24	7	6	1.5815815324060623e-09	1.957402189267654e-05	2.3521041041276488e-05	2352.1041041276485	5.210663399332588e-06	521.0663399332589	1831.0377641943896	1.0991875836471475e-05	1	chr2	32945821	33070778
chr2	58010336	58011389	58010934.0	30	8	11	7.590594819362195e-13	6.722692225125115e-08	2.940130130159561e-05	2940.130130159561	5.95504388495153e-06	595.504388495153	2344.625741664408	1.0672931553977627e-08	0	chr2	47206051	208130341
chr2	74794453	74795568	74795330.0	27	14	9	1.5162449074068718e-10	0.0007321272376235033	2.6461171171436047e-05	2646.117117143605	1.0421326798665176e-05	1042.1326798665177	1603.9844372770872	1.3157184859124982e-06	0	chr2	47206051	208130341
chr2	74897254	74898345	74897930.0	36	22	10	8.881784197001252e-16	0.0006608964405788731	3.528156156191473e-05	3528.156156191473	1.6376370683616706e-05	1637.6370683616706	1890.5190878298026	1.9131224579310674e-11	1	chr2	47206051	208130341
chr2	101395759	101396889	101396609.0	28	10	9	2.4520163677266282e-11	3.4123415401765556e-05	2.74412145481559e-05	2744.12145481559	7.443804856189412e-06	744.3804856189412	1999.7409691966486	2.541659742906881e-07	0	chr2	47206051	208130341
chr2	105455188	105456220	105455437.0	26	6	7	1.483199119078904e-10	2.3648806769527297e-06	2.5481127794716194e-05	2548.1127794716194	4.466282913713647e-06	446.62829137136475	2101.4844881002546	1.294439868430656e-06	2	chr2	105390954	105523163
chr2	105455188	105456220	105455437.0	26	6	7	1.483199119078904e-10	2.3648806769527297e-06	2.5481127794716194e-05	2548.1127794716194	4.466282913713647e-06	446.62829137136475	2101.4844881002546	1.294439868430656e-06	2	chr2	47206051	208130341
chr2	111705490	111706514	111705913.0	31	3	6	1.8340884366807586e-13	7.247735744897454e-11	3.0381344678315463e-05	3038.1344678315463	2.2331414568568237e-06	223.31414568568238	2814.820322145864	2.799167339012559e-09	0	chr2	47206051	208130341
chr2	113307870	113308474	113308090.0	23	3	5	4.360511951517765e-09	6.20520428606941e-06	2.2540997664556634e-05	2254.0997664556635	2.2331414568568237e-06	223.31414568568238	2030.785620769981	2.7419025542794472e-05	0	chr2	47206051	208130341
chr2	129864235	129865542	129865002.0	40	19	9	0.0	2.5034648035715534e-06	3.920173506879414e-05	3920.1735068794146	1.4143229226759883e-05	1414.3229226759884	2505.8505842034265	0.0	0	chr2	47206051	208130341
chr2	131668229	131669540	131668973.0	36	14	8	2.220446049250313e-16	2.4551721988785857e-08	3.528156156191473e-05	3528.156156191473	1.0421326798665176e-05	1042.1326798665177	2486.0234763249555	5.187505126313087e-12	1	chr2	47206051	208130341
chr2	137178977	137180498	137179608.0	24	9	13	2.421668310326197e-09	2.5915835691114886e-05	2.3521041041276488e-05	2352.1041041276485	6.699424370570471e-06	669.9424370570471	1682.1616670706014	1.595421348225874e-05	1	chr2	47206051	208130341
chr2	137508007	137509388	137508955.0	24	10	10	2.57862164954048e-09	7.458658062697854e-05	2.3521041041276488e-05	2352.1041041276485	7.443804856189412e-06	744.3804856189412	1607.7236185087072	1.691485578187707e-05	1	chr2	47206051	208130341
chr2	141501478	141502763	141502359.0	43	55	12	0.0	6.695440456683244e-05	4.214186519895371e-05	4214.186519895371	4.0940926709041764e-05	4094.0926709041764	120.09384899119459	0.0	0	chr2	47206051	208130341
chr2	148244285	148245249	148244971.0	32	9	11	5.1181281435219717e-14	2.2563039325795842e-08	3.136138805503532e-05	3136.138805503532	6.699424370570471e-06	669.9424370570471	2466.1963684464845	8.494185306555826e-10	0	chr2	47206051	208130341
chr2	160241485	160243051	160242118.0	25	12	11	1.682977313066658e-09	0.0004339061515160614	2.450108441799634e-05	2450.108441799634	8.932565827427295e-06	893.2565827427295	1556.8518590569045	1.1616819752514506e-05	1	chr2	47206051	208130341
chr2	161159210	161160055	161159605.0	28	8	10	2.7073454589299217e-11	2.1099911018396256e-07	2.74412145481559e-05	2744.12145481559	5.95504388495153e-06	595.504388495153	2148.617066320437	2.7592374582329954e-07	2	chr2	47206051	208130341
chr2	161871686	161872874	161872210.0	35	25	10	1.4432899320127035e-15	2.9280126894182246e-06	3.4301518185194876e-05	3430.1518185194877	1.860951214047353e-05	1860.951214047353	1569.2006044721347	2.9819332188670465e-11	1	chr2	47206051	208130341
chr2	162555187	162555860	162555560.0	26	13	6	1.7677848074271196e-10	9.986402380524062e-05	2.5481127794716194e-05	2548.1127794716194	9.676946313046236e-06	967.6946313046236	1580.4181481669957	1.4997125862467707e-06	0	chr2	47206051	208130341
chr2	163856143	163857397	163857125.0	37	13	13	5.551115123125783e-16	1.9576862353432034e-10	3.626160493863458e-05	3626.160493863458	9.676946313046236e-06	967.6946313046236	2658.4658625588345	1.2488438267050023e-11	0	chr2	163840182	163857426
chr2	163856143	163857397	163857125.0	37	13	13	5.551115123125783e-16	1.9576862353432034e-10	3.626160493863458e-05	3626.160493863458	9.676946313046236e-06	967.6946313046236	2658.4658625588345	1.2488438267050023e-11	0	chr2	47206051	208130341
chr2	173048508	173050039	173049100.0	27	9	17	2.745911276136326e-10	7.83154007732989e-06	2.6461171171436047e-05	2646.117117143605	6.699424370570471e-06	669.9424370570471	1976.1746800865578	2.2478858660799475e-06	1	chr2	47206051	208130341
chr2	190786529	190787358	190786940.0	28	3	4	8.733791467818719e-12	1.4322130148514134e-09	2.74412145481559e-05	2744.12145481559	2.2331414568568237e-06	223.31414568568238	2520.8073091299075	9.860801217531097e-08	2	chr2	47206051	208130341
chr2	190786529	190787358	190786940.0	28	3	4	8.733791467818719e-12	1.4322130148514134e-09	2.74412145481559e-05	2744.12145481559	2.2331414568568237e-06	223.31414568568238	2520.8073091299075	9.860801217531097e-08	2	chr2	190785951	215980283
chr2	191215153	191216474	191215664.0	31	17	17	5.136002734218437e-12	0.00015139391752538867	3.0381344678315463e-05	3038.1344678315463	1.2654468255522001e-05	1265.4468255522002	1772.6876422793462	5.999479366209243e-08	0	chr2	47206051	208130341
chr2	191215153	191216474	191215664.0	31	17	17	5.136002734218437e-12	0.00015139391752538867	3.0381344678315463e-05	3038.1344678315463	1.2654468255522001e-05	1265.4468255522002	1772.6876422793462	5.999479366209243e-08	0	chr2	190785951	215980283
chr2	200786041	200786915	200786519.0	62	27	10	0.0	5.070862618694605e-10	6.076268935663093e-05	6076.268935663093	2.009827311171141e-05	2009.8273111711412	4066.441624491951	0.0	2	chr2	47206051	208130341
chr2	200786041	200786915	200786519.0	62	27	10	0.0	5.070862618694605e-10	6.076268935663093e-05	6076.268935663093	2.009827311171141e-05	2009.8273111711412	4066.441624491951	0.0	2	chr2	190785951	215980283
chr2	207036800	207037268	207037035.0	28	16	4	5.729861030090433e-12	0.00036935321449405034	2.74412145481559e-05	2744.12145481559	1.191008776990306e-05	1191.008776990306	1553.112677825284	6.667534127197775e-08	0	chr2	47206051	208130341
chr2	207036800	207037268	207037035.0	28	16	4	5.729861030090433e-12	0.00036935321449405034	2.74412145481559e-05	2744.12145481559	1.191008776990306e-05	1191.008776990306	1553.112677825284	6.667534127197775e-08	0	chr2	190785951	215980283
chr2	207632301	207633469	207633043.0	36	9	11	6.661338147750939e-16	2.784023900304078e-09	3.528156156191473e-05	3528.156156191473	6.699424370570471e-06	669.9424370570471	2858.2137191344264	1.47673503595774e-11	1	chr2	47206051	208130341
chr2	207632301	207633469	207633043.0	36	9	11	6.661338147750939e-16	2.784023900304078e-09	3.528156156191473e-05	3528.156156191473	6.699424370570471e-06	669.9424370570471	2858.2137191344264	1.47673503595774e-11	1	chr2	190785951	215980283
chr2	209368547	209369954	209369507.0	35	20	13	7.771561172376096e-16	0.00019467309714404912	3.4301518185194876e-05	3430.1518185194877	1.4887609712378825e-05	1488.7609712378824	1941.3908472816054	1.710373067009025e-11	1	chr2	190785951	215980283
chr2	209495068	209496550	209496309.0	38	14	11	0.0	1.0427682217706291e-07	3.7241648315354436e-05	3724.1648315354437	1.0421326798665176e-05	1042.1326798665177	2682.032151668926	0.0	0	chr2	190785951	215980283
chr2	212912129	212913552	212912642.0	26	15	13	4.269553599556275e-10	0.0002974384289109455	2.5481127794716194e-05	2548.1127794716194	1.1165707284284118e-05	1116.5707284284117	1431.5420510432077	3.324907202353117e-06	0	chr2	190785951	215980283
chr2	237501996	237503020	237502548.0	34	27	8	1.199040866595169e-14	0.0005349644380616692	3.332147480847502e-05	3332.1474808475023	2.009827311171141e-05	2009.8273111711412	1322.320169676361	2.1676360706379683e-10	3	chr2	237496156	237559252
chr20	47173853	47174980	47174645.0	35	20	5	3.389954983390453e-12	0.0006412715223271803	3.4301518185194876e-05	3430.1518185194877	1.4887609712378825e-05	1488.7609712378824	1941.3908472816054	4.236910822734505e-08	0	chr20	47140963	55582783
chr20	47204101	47205125	47204301.0	31	12	3	1.8103296639537803e-11	1.7877809169064562e-05	3.0381344678315463e-05	3038.1344678315463	8.932565827427295e-06	893.2565827427295	2144.8778850888166	1.9375121589353488e-07	2	chr20	47140963	55582783
chr20	47486850	47488146	47487619.0	42	14	7	5.682121440031551e-13	2.2162173762829696e-08	4.116182182223385e-05	4116.182182223385	1.0421326798665176e-05	1042.1326798665177	3074.0495023568674	8.17880251360462e-09	1	chr20	47140963	55582783
chr20	47598805	47600173	47599702.0	48	26	12	9.554146362944493e-11	3.3403859320824125e-05	4.7042082082552975e-05	4704.208208255297	1.9353892626092473e-05	1935.3892626092472	2768.8189456460495	8.687745477105764e-07	0	chr20	47140963	55582783
chr20	48051537	48052758	48051934.0	29	9	4	7.53443862855363e-10	1.6648343554082068e-05	2.8421257924875754e-05	2842.1257924875754	6.699424370570471e-06	669.9424370570471	2172.1833554305285	5.594860434883996e-06	1	chr20	47989602	48076374
chr20	48051537	48052758	48051934.0	29	9	4	7.53443862855363e-10	1.6648343554082068e-05	2.8421257924875754e-05	2842.1257924875754	6.699424370570471e-06	669.9424370570471	2172.1833554305285	5.594860434883996e-06	1	chr20	47140963	55582783
chr20	48064666	48065627	48065258.0	60	29	9	0.0	4.973507287120427e-06	5.880260260319122e-05	5880.260260319122	2.1587034082949294e-05	2158.7034082949294	3721.5568520241923	0.0	1	chr20	47989602	48076374
chr20	48064666	48065627	48065258.0	60	29	9	0.0	4.973507287120427e-06	5.880260260319122e-05	5880.260260319122	2.1587034082949294e-05	2158.7034082949294	3721.5568520241923	0.0	1	chr20	47140963	55582783
chr20	48294998	48295981	48295594.0	38	11	8	1.1335377081422848e-12	3.6371557192715898e-06	3.7241648315354436e-05	3724.1648315354437	8.188185341808353e-06	818.8185341808353	2905.3462973546084	1.5720035511770225e-08	1	chr20	48295202	48572879
chr20	48294998	48295981	48295594.0	38	11	8	1.1335377081422848e-12	3.6371557192715898e-06	3.7241648315354436e-05	3724.1648315354437	8.188185341808353e-06	818.8185341808353	2905.3462973546084	1.5720035511770225e-08	1	chr20	47140963	55582783
chr20	48294998	48295981	48295594.0	38	11	8	1.1335377081422848e-12	3.6371557192715898e-06	3.7241648315354436e-05	3724.1648315354437	8.188185341808353e-06	818.8185341808353	2905.3462973546084	1.5720035511770225e-08	1	chr20	48075780	54124265
chr20	48571435	48572727	48572317.0	49	17	8	0.0	1.4966998296284117e-06	4.802212545927283e-05	4802.212545927283	1.2654468255522001e-05	1265.4468255522002	3536.7657203750828	0.0	1	chr20	48572132	48572805
chr20	48571435	48572727	48572317.0	49	17	8	0.0	1.4966998296284117e-06	4.802212545927283e-05	4802.212545927283	1.2654468255522001e-05	1265.4468255522002	3536.7657203750828	0.0	1	chr20	48572299	48572847
chr20	48571435	48572727	48572317.0	49	17	8	0.0	1.4966998296284117e-06	4.802212545927283e-05	4802.212545927283	1.2654468255522001e-05	1265.4468255522002	3536.7657203750828	0.0	1	chr20	48571892	48598091
chr20	48571435	48572727	48572317.0	49	17	8	0.0	1.4966998296284117e-06	4.802212545927283e-05	4802.212545927283	1.2654468255522001e-05	1265.4468255522002	3536.7657203750828	0.0	1	chr20	48295202	48572879
chr20	48571435	48572727	48572317.0	49	17	8	0.0	1.4966998296284117e-06	4.802212545927283e-05	4802.212545927283	1.2654468255522001e-05	1265.4468255522002	3536.7657203750828	0.0	1	chr20	48482119	48572470
chr20	48571435	48572727	48572317.0	49	17	8	0.0	1.4966998296284117e-06	4.802212545927283e-05	4802.212545927283	1.2654468255522001e-05	1265.4468255522002	3536.7657203750828	0.0	1	chr20	48571953	48922369
chr20	48571435	48572727	48572317.0	49	17	8	0.0	1.4966998296284117e-06	4.802212545927283e-05	4802.212545927283	1.2654468255522001e-05	1265.4468255522002	3536.7657203750828	0.0	1	chr20	47140963	55582783
chr20	48571435	48572727	48572317.0	49	17	8	0.0	1.4966998296284117e-06	4.802212545927283e-05	4802.212545927283	1.2654468255522001e-05	1265.4468255522002	3536.7657203750828	0.0	1	chr20	48075780	54124265
chr20	48863714	48865108	48864897.0	42	13	6	0.0	7.409314888295881e-07	4.116182182223385e-05	4116.182182223385	9.676946313046236e-06	967.6946313046236	3148.4875509187614	0.0	2	chr20	48864527	48865454
chr20	48863714	48865108	48864897.0	42	13	6	0.0	7.409314888295881e-07	4.116182182223385e-05	4116.182182223385	9.676946313046236e-06	967.6946313046236	3148.4875509187614	0.0	2	chr20	48864411	48865409
chr20	48863714	48865108	48864897.0	42	13	6	0.0	7.409314888295881e-07	4.116182182223385e-05	4116.182182223385	9.676946313046236e-06	967.6946313046236	3148.4875509187614	0.0	2	chr20	48804541	48865161
chr20	48863714	48865108	48864897.0	42	13	6	0.0	7.409314888295881e-07	4.116182182223385e-05	4116.182182223385	9.676946313046236e-06	967.6946313046236	3148.4875509187614	0.0	2	chr20	48571953	48922369
chr20	48863714	48865108	48864897.0	42	13	6	0.0	7.409314888295881e-07	4.116182182223385e-05	4116.182182223385	9.676946313046236e-06	967.6946313046236	3148.4875509187614	0.0	2	chr20	48657185	48865104
chr20	48863714	48865108	48864897.0	42	13	6	0.0	7.409314888295881e-07	4.116182182223385e-05	4116.182182223385	9.676946313046236e-06	967.6946313046236	3148.4875509187614	0.0	2	chr20	48697464	48865416
chr20	48863714	48865108	48864897.0	42	13	6	0.0	7.409314888295881e-07	4.116182182223385e-05	4116.182182223385	9.676946313046236e-06	967.6946313046236	3148.4875509187614	0.0	2	chr20	48734377	48865317
chr20	48863714	48865108	48864897.0	42	13	6	0.0	7.409314888295881e-07	4.116182182223385e-05	4116.182182223385	9.676946313046236e-06	967.6946313046236	3148.4875509187614	0.0	2	chr20	47140963	55582783
chr20	48863714	48865108	48864897.0	42	13	6	0.0	7.409314888295881e-07	4.116182182223385e-05	4116.182182223385	9.676946313046236e-06	967.6946313046236	3148.4875509187614	0.0	2	chr20	48075780	54124265
chr20	48863714	48865108	48864897.0	42	13	6	0.0	7.409314888295881e-07	4.116182182223385e-05	4116.182182223385	9.676946313046236e-06	967.6946313046236	3148.4875509187614	0.0	2	chr20	48864121	54124021
chr20	48863714	48865108	48864897.0	42	13	6	0.0	7.409314888295881e-07	4.116182182223385e-05	4116.182182223385	9.676946313046236e-06	967.6946313046236	3148.4875509187614	0.0	2	chr20	48864465	50728024
chr20	50726735	50727892	50727505.0	93	56	8	0.0	1.2509359880175097e-06	9.114403403494639e-05	9114.403403494638	4.1685307194660705e-05	4168.530719466071	4945.872684028567	0.0	1	chr20	50727051	50728138
chr20	50726735	50727892	50727505.0	93	56	8	0.0	1.2509359880175097e-06	9.114403403494639e-05	9114.403403494638	4.1685307194660705e-05	4168.530719466071	4945.872684028567	0.0	1	chr20	50727070	50727714
chr20	50726735	50727892	50727505.0	93	56	8	0.0	1.2509359880175097e-06	9.114403403494639e-05	9114.403403494638	4.1685307194660705e-05	4168.530719466071	4945.872684028567	0.0	1	chr20	50727087	50728309
chr20	50726735	50727892	50727505.0	93	56	8	0.0	1.2509359880175097e-06	9.114403403494639e-05	9114.403403494638	4.1685307194660705e-05	4168.530719466071	4945.872684028567	0.0	1	chr20	50727066	50764870
chr20	50726735	50727892	50727505.0	93	56	8	0.0	1.2509359880175097e-06	9.114403403494639e-05	9114.403403494638	4.1685307194660705e-05	4168.530719466071	4945.872684028567	0.0	1	chr20	50727128	54195586
chr20	50726735	50727892	50727505.0	93	56	8	0.0	1.2509359880175097e-06	9.114403403494639e-05	9114.403403494638	4.1685307194660705e-05	4168.530719466071	4945.872684028567	0.0	1	chr20	50727131	54124230
chr20	50726735	50727892	50727505.0	93	56	8	0.0	1.2509359880175097e-06	9.114403403494639e-05	9114.403403494638	4.1685307194660705e-05	4168.530719466071	4945.872684028567	0.0	1	chr20	47140963	55582783
chr20	50726735	50727892	50727505.0	93	56	8	0.0	1.2509359880175097e-06	9.114403403494639e-05	9114.403403494638	4.1685307194660705e-05	4168.530719466071	4945.872684028567	0.0	1	chr20	48075780	54124265
chr20	50726735	50727892	50727505.0	93	56	8	0.0	1.2509359880175097e-06	9.114403403494639e-05	9114.403403494638	4.1685307194660705e-05	4168.530719466071	4945.872684028567	0.0	1	chr20	48864121	54124021
chr20	50726735	50727892	50727505.0	93	56	8	0.0	1.2509359880175097e-06	9.114403403494639e-05	9114.403403494638	4.1685307194660705e-05	4168.530719466071	4945.872684028567	0.0	1	chr20	48864465	50728024
chr20	50726735	50727892	50727505.0	93	56	8	0.0	1.2509359880175097e-06	9.114403403494639e-05	9114.403403494638	4.1685307194660705e-05	4168.530719466071	4945.872684028567	0.0	1	chr20	50657010	63666016
chr20	50763878	50764686	50764178.0	65	32	6	0.0	2.3470564658456539e-07	6.370281948679049e-05	6370.281948679049	2.382017553980612e-05	2382.017553980612	3988.2643946984367	0.0	3	chr20	50727066	50764870
chr20	50763878	50764686	50764178.0	65	32	6	0.0	2.3470564658456539e-07	6.370281948679049e-05	6370.281948679049	2.382017553980612e-05	2382.017553980612	3988.2643946984367	0.0	3	chr20	50727128	54195586
chr20	50763878	50764686	50764178.0	65	32	6	0.0	2.3470564658456539e-07	6.370281948679049e-05	6370.281948679049	2.382017553980612e-05	2382.017553980612	3988.2643946984367	0.0	3	chr20	50727131	54124230
chr20	50763878	50764686	50764178.0	65	32	6	0.0	2.3470564658456539e-07	6.370281948679049e-05	6370.281948679049	2.382017553980612e-05	2382.017553980612	3988.2643946984367	0.0	3	chr20	50763838	54123974
chr20	50763878	50764686	50764178.0	65	32	6	0.0	2.3470564658456539e-07	6.370281948679049e-05	6370.281948679049	2.382017553980612e-05	2382.017553980612	3988.2643946984367	0.0	3	chr20	47140963	55582783
chr20	50763878	50764686	50764178.0	65	32	6	0.0	2.3470564658456539e-07	6.370281948679049e-05	6370.281948679049	2.382017553980612e-05	2382.017553980612	3988.2643946984367	0.0	3	chr20	48075780	54124265
chr20	50763878	50764686	50764178.0	65	32	6	0.0	2.3470564658456539e-07	6.370281948679049e-05	6370.281948679049	2.382017553980612e-05	2382.017553980612	3988.2643946984367	0.0	3	chr20	48864121	54124021
chr20	50763878	50764686	50764178.0	65	32	6	0.0	2.3470564658456539e-07	6.370281948679049e-05	6370.281948679049	2.382017553980612e-05	2382.017553980612	3988.2643946984367	0.0	3	chr20	50657010	63666016
chr20	50798171	50799631	50799210.0	55	26	9	0.0	9.839804352429482e-07	5.390238571959195e-05	5390.238571959195	1.9353892626092473e-05	1935.3892626092472	3454.8493093499474	0.0	1	chr20	50727128	54195586
chr20	50798171	50799631	50799210.0	55	26	9	0.0	9.839804352429482e-07	5.390238571959195e-05	5390.238571959195	1.9353892626092473e-05	1935.3892626092472	3454.8493093499474	0.0	1	chr20	50727131	54124230
chr20	50798171	50799631	50799210.0	55	26	9	0.0	9.839804352429482e-07	5.390238571959195e-05	5390.238571959195	1.9353892626092473e-05	1935.3892626092472	3454.8493093499474	0.0	1	chr20	50763838	54123974
chr20	50798171	50799631	50799210.0	55	26	9	0.0	9.839804352429482e-07	5.390238571959195e-05	5390.238571959195	1.9353892626092473e-05	1935.3892626092472	3454.8493093499474	0.0	1	chr20	47140963	55582783
chr20	50798171	50799631	50799210.0	55	26	9	0.0	9.839804352429482e-07	5.390238571959195e-05	5390.238571959195	1.9353892626092473e-05	1935.3892626092472	3454.8493093499474	0.0	1	chr20	48075780	54124265
chr20	50798171	50799631	50799210.0	55	26	9	0.0	9.839804352429482e-07	5.390238571959195e-05	5390.238571959195	1.9353892626092473e-05	1935.3892626092472	3454.8493093499474	0.0	1	chr20	48864121	54124021
chr20	50798171	50799631	50799210.0	55	26	9	0.0	9.839804352429482e-07	5.390238571959195e-05	5390.238571959195	1.9353892626092473e-05	1935.3892626092472	3454.8493093499474	0.0	1	chr20	50657010	63666016
chr20	51386843	51387807	51387489.0	33	14	9	1.1536327448880002e-12	5.731791105079154e-05	3.234143143175517e-05	3234.143143175517	1.0421326798665176e-05	1042.1326798665177	2192.010463308999	1.5925994431312516e-08	1	chr20	50727128	54195586
chr20	51386843	51387807	51387489.0	33	14	9	1.1536327448880002e-12	5.731791105079154e-05	3.234143143175517e-05	3234.143143175517	1.0421326798665176e-05	1042.1326798665177	2192.010463308999	1.5925994431312516e-08	1	chr20	50727131	54124230
chr20	51386843	51387807	51387489.0	33	14	9	1.1536327448880002e-12	5.731791105079154e-05	3.234143143175517e-05	3234.143143175517	1.0421326798665176e-05	1042.1326798665177	2192.010463308999	1.5925994431312516e-08	1	chr20	50763838	54123974
chr20	51386843	51387807	51387489.0	33	14	9	1.1536327448880002e-12	5.731791105079154e-05	3.234143143175517e-05	3234.143143175517	1.0421326798665176e-05	1042.1326798665177	2192.010463308999	1.5925994431312516e-08	1	chr20	47140963	55582783
chr20	51386843	51387807	51387489.0	33	14	9	1.1536327448880002e-12	5.731791105079154e-05	3.234143143175517e-05	3234.143143175517	1.0421326798665176e-05	1042.1326798665177	2192.010463308999	1.5925994431312516e-08	1	chr20	48075780	54124265
chr20	51386843	51387807	51387489.0	33	14	9	1.1536327448880002e-12	5.731791105079154e-05	3.234143143175517e-05	3234.143143175517	1.0421326798665176e-05	1042.1326798665177	2192.010463308999	1.5925994431312516e-08	1	chr20	48864121	54124021
chr20	51386843	51387807	51387489.0	33	14	9	1.1536327448880002e-12	5.731791105079154e-05	3.234143143175517e-05	3234.143143175517	1.0421326798665176e-05	1042.1326798665177	2192.010463308999	1.5925994431312516e-08	1	chr20	50657010	63666016
chr20	51446902	51447942	51447447.0	39	21	6	1.1102230246251565e-16	0.0005786213083281977	3.822169169207429e-05	3822.169169207429	1.5631990197997764e-05	1563.1990197997766	2258.9701494076526	2.676093914367862e-12	1	chr20	50727128	54195586
chr20	51446902	51447942	51447447.0	39	21	6	1.1102230246251565e-16	0.0005786213083281977	3.822169169207429e-05	3822.169169207429	1.5631990197997764e-05	1563.1990197997766	2258.9701494076526	2.676093914367862e-12	1	chr20	50727131	54124230
chr20	51446902	51447942	51447447.0	39	21	6	1.1102230246251565e-16	0.0005786213083281977	3.822169169207429e-05	3822.169169207429	1.5631990197997764e-05	1563.1990197997766	2258.9701494076526	2.676093914367862e-12	1	chr20	50763838	54123974
chr20	51446902	51447942	51447447.0	39	21	6	1.1102230246251565e-16	0.0005786213083281977	3.822169169207429e-05	3822.169169207429	1.5631990197997764e-05	1563.1990197997766	2258.9701494076526	2.676093914367862e-12	1	chr20	47140963	55582783
chr20	51446902	51447942	51447447.0	39	21	6	1.1102230246251565e-16	0.0005786213083281977	3.822169169207429e-05	3822.169169207429	1.5631990197997764e-05	1563.1990197997766	2258.9701494076526	2.676093914367862e-12	1	chr20	48075780	54124265
chr20	51446902	51447942	51447447.0	39	21	6	1.1102230246251565e-16	0.0005786213083281977	3.822169169207429e-05	3822.169169207429	1.5631990197997764e-05	1563.1990197997766	2258.9701494076526	2.676093914367862e-12	1	chr20	48864121	54124021
chr20	51446902	51447942	51447447.0	39	21	6	1.1102230246251565e-16	0.0005786213083281977	3.822169169207429e-05	3822.169169207429	1.5631990197997764e-05	1563.1990197997766	2258.9701494076526	2.676093914367862e-12	1	chr20	50657010	63666016
chr20	51984622	51985760	51985314.0	66	46	14	0.0	0.00042915054218239934	6.468286286351034e-05	6468.286286351034	3.4241502338471296e-05	3424.1502338471296	3044.136052503904	0.0	0	chr20	50727128	54195586
chr20	51984622	51985760	51985314.0	66	46	14	0.0	0.00042915054218239934	6.468286286351034e-05	6468.286286351034	3.4241502338471296e-05	3424.1502338471296	3044.136052503904	0.0	0	chr20	50727131	54124230
chr20	51984622	51985760	51985314.0	66	46	14	0.0	0.00042915054218239934	6.468286286351034e-05	6468.286286351034	3.4241502338471296e-05	3424.1502338471296	3044.136052503904	0.0	0	chr20	50763838	54123974
chr20	51984622	51985760	51985314.0	66	46	14	0.0	0.00042915054218239934	6.468286286351034e-05	6468.286286351034	3.4241502338471296e-05	3424.1502338471296	3044.136052503904	0.0	0	chr20	47140963	55582783
chr20	51984622	51985760	51985314.0	66	46	14	0.0	0.00042915054218239934	6.468286286351034e-05	6468.286286351034	3.4241502338471296e-05	3424.1502338471296	3044.136052503904	0.0	0	chr20	48075780	54124265
chr20	51984622	51985760	51985314.0	66	46	14	0.0	0.00042915054218239934	6.468286286351034e-05	6468.286286351034	3.4241502338471296e-05	3424.1502338471296	3044.136052503904	0.0	0	chr20	48864121	54124021
chr20	51984622	51985760	51985314.0	66	46	14	0.0	0.00042915054218239934	6.468286286351034e-05	6468.286286351034	3.4241502338471296e-05	3424.1502338471296	3044.136052503904	0.0	0	chr20	50657010	63666016
chr20	53679322	53680664	53679851.0	137	128	11	0.0	4.665364615341616e-05	0.00013426594261061996	13426.594261061995	9.528070215922448e-05	9528.070215922447	3898.5240451395475	0.0	1	chr20	53661856	53725431
chr20	53679322	53680664	53679851.0	137	128	11	0.0	4.665364615341616e-05	0.00013426594261061996	13426.594261061995	9.528070215922448e-05	9528.070215922447	3898.5240451395475	0.0	1	chr20	53608031	54149344
chr20	53679322	53680664	53679851.0	137	128	11	0.0	4.665364615341616e-05	0.00013426594261061996	13426.594261061995	9.528070215922448e-05	9528.070215922447	3898.5240451395475	0.0	1	chr20	50727128	54195586
chr20	53679322	53680664	53679851.0	137	128	11	0.0	4.665364615341616e-05	0.00013426594261061996	13426.594261061995	9.528070215922448e-05	9528.070215922447	3898.5240451395475	0.0	1	chr20	50727131	54124230
chr20	53679322	53680664	53679851.0	137	128	11	0.0	4.665364615341616e-05	0.00013426594261061996	13426.594261061995	9.528070215922448e-05	9528.070215922447	3898.5240451395475	0.0	1	chr20	50763838	54123974
chr20	53679322	53680664	53679851.0	137	128	11	0.0	4.665364615341616e-05	0.00013426594261061996	13426.594261061995	9.528070215922448e-05	9528.070215922447	3898.5240451395475	0.0	1	chr20	47140963	55582783
chr20	53679322	53680664	53679851.0	137	128	11	0.0	4.665364615341616e-05	0.00013426594261061996	13426.594261061995	9.528070215922448e-05	9528.070215922447	3898.5240451395475	0.0	1	chr20	48075780	54124265
chr20	53679322	53680664	53679851.0	137	128	11	0.0	4.665364615341616e-05	0.00013426594261061996	13426.594261061995	9.528070215922448e-05	9528.070215922447	3898.5240451395475	0.0	1	chr20	48864121	54124021
chr20	53679322	53680664	53679851.0	137	128	11	0.0	4.665364615341616e-05	0.00013426594261061996	13426.594261061995	9.528070215922448e-05	9528.070215922447	3898.5240451395475	0.0	1	chr20	50657010	63666016
chr20	53786107	53786952	53786404.0	101	91	7	0.0	0.0002560936618065668	9.898438104870522e-05	9898.438104870522	6.773862419132365e-05	6773.862419132365	3124.5756857381566	0.0	1	chr20	53608031	54149344
chr20	53786107	53786952	53786404.0	101	91	7	0.0	0.0002560936618065668	9.898438104870522e-05	9898.438104870522	6.773862419132365e-05	6773.862419132365	3124.5756857381566	0.0	1	chr20	50727128	54195586
chr20	53786107	53786952	53786404.0	101	91	7	0.0	0.0002560936618065668	9.898438104870522e-05	9898.438104870522	6.773862419132365e-05	6773.862419132365	3124.5756857381566	0.0	1	chr20	50727131	54124230
chr20	53786107	53786952	53786404.0	101	91	7	0.0	0.0002560936618065668	9.898438104870522e-05	9898.438104870522	6.773862419132365e-05	6773.862419132365	3124.5756857381566	0.0	1	chr20	50763838	54123974
chr20	53786107	53786952	53786404.0	101	91	7	0.0	0.0002560936618065668	9.898438104870522e-05	9898.438104870522	6.773862419132365e-05	6773.862419132365	3124.5756857381566	0.0	1	chr20	47140963	55582783
chr20	53786107	53786952	53786404.0	101	91	7	0.0	0.0002560936618065668	9.898438104870522e-05	9898.438104870522	6.773862419132365e-05	6773.862419132365	3124.5756857381566	0.0	1	chr20	48075780	54124265
chr20	53786107	53786952	53786404.0	101	91	7	0.0	0.0002560936618065668	9.898438104870522e-05	9898.438104870522	6.773862419132365e-05	6773.862419132365	3124.5756857381566	0.0	1	chr20	48864121	54124021
chr20	53786107	53786952	53786404.0	101	91	7	0.0	0.0002560936618065668	9.898438104870522e-05	9898.438104870522	6.773862419132365e-05	6773.862419132365	3124.5756857381566	0.0	1	chr20	50657010	63666016
chr20	53800320	53801731	53801003.0	66	47	12	0.0	1.3344662531666884e-05	6.468286286351034e-05	6468.286286351034	3.498588282409024e-05	3498.5882824090236	2969.69800394201	0.0	0	chr20	53608031	54149344
chr20	53800320	53801731	53801003.0	66	47	12	0.0	1.3344662531666884e-05	6.468286286351034e-05	6468.286286351034	3.498588282409024e-05	3498.5882824090236	2969.69800394201	0.0	0	chr20	50727128	54195586
chr20	53800320	53801731	53801003.0	66	47	12	0.0	1.3344662531666884e-05	6.468286286351034e-05	6468.286286351034	3.498588282409024e-05	3498.5882824090236	2969.69800394201	0.0	0	chr20	50727131	54124230
chr20	53800320	53801731	53801003.0	66	47	12	0.0	1.3344662531666884e-05	6.468286286351034e-05	6468.286286351034	3.498588282409024e-05	3498.5882824090236	2969.69800394201	0.0	0	chr20	50763838	54123974
chr20	53800320	53801731	53801003.0	66	47	12	0.0	1.3344662531666884e-05	6.468286286351034e-05	6468.286286351034	3.498588282409024e-05	3498.5882824090236	2969.69800394201	0.0	0	chr20	47140963	55582783
chr20	53800320	53801731	53801003.0	66	47	12	0.0	1.3344662531666884e-05	6.468286286351034e-05	6468.286286351034	3.498588282409024e-05	3498.5882824090236	2969.69800394201	0.0	0	chr20	48075780	54124265
chr20	53800320	53801731	53801003.0	66	47	12	0.0	1.3344662531666884e-05	6.468286286351034e-05	6468.286286351034	3.498588282409024e-05	3498.5882824090236	2969.69800394201	0.0	0	chr20	48864121	54124021
chr20	53800320	53801731	53801003.0	66	47	12	0.0	1.3344662531666884e-05	6.468286286351034e-05	6468.286286351034	3.498588282409024e-05	3498.5882824090236	2969.69800394201	0.0	0	chr20	50657010	63666016
chr20	54067444	54071684	54069405.0	134	82	18	0.0	2.0095036745715333e-14	0.00013132581248046039	13132.581248046039	6.103919982075317e-05	6103.919982075318	7028.661265970721	0.0	2	chr20	53608031	54149344
chr20	54067444	54071684	54069405.0	134	82	18	0.0	2.0095036745715333e-14	0.00013132581248046039	13132.581248046039	6.103919982075317e-05	6103.919982075318	7028.661265970721	0.0	2	chr20	53979688	54124130
chr20	54067444	54071684	54069405.0	134	82	18	0.0	2.0095036745715333e-14	0.00013132581248046039	13132.581248046039	6.103919982075317e-05	6103.919982075318	7028.661265970721	0.0	2	chr20	53982745	54195906
chr20	54067444	54071684	54069405.0	134	82	18	0.0	2.0095036745715333e-14	0.00013132581248046039	13132.581248046039	6.103919982075317e-05	6103.919982075318	7028.661265970721	0.0	2	chr20	50727128	54195586
chr20	54067444	54071684	54069405.0	134	82	18	0.0	2.0095036745715333e-14	0.00013132581248046039	13132.581248046039	6.103919982075317e-05	6103.919982075318	7028.661265970721	0.0	2	chr20	50727131	54124230
chr20	54067444	54071684	54069405.0	134	82	18	0.0	2.0095036745715333e-14	0.00013132581248046039	13132.581248046039	6.103919982075317e-05	6103.919982075318	7028.661265970721	0.0	2	chr20	50763838	54123974
chr20	54067444	54071684	54069405.0	134	82	18	0.0	2.0095036745715333e-14	0.00013132581248046039	13132.581248046039	6.103919982075317e-05	6103.919982075318	7028.661265970721	0.0	2	chr20	47140963	55582783
chr20	54067444	54071684	54069405.0	134	82	18	0.0	2.0095036745715333e-14	0.00013132581248046039	13132.581248046039	6.103919982075317e-05	6103.919982075318	7028.661265970721	0.0	2	chr20	48075780	54124265
chr20	54067444	54071684	54069405.0	134	82	18	0.0	2.0095036745715333e-14	0.00013132581248046039	13132.581248046039	6.103919982075317e-05	6103.919982075318	7028.661265970721	0.0	2	chr20	48864121	54124021
chr20	54067444	54071684	54069405.0	134	82	18	0.0	2.0095036745715333e-14	0.00013132581248046039	13132.581248046039	6.103919982075317e-05	6103.919982075318	7028.661265970721	0.0	2	chr20	50657010	63666016
chr20	54132506	54133263	54132894.0	34	18	6	2.0793784472061816e-09	7.045908177472082e-05	3.332147480847502e-05	3332.1474808475023	1.3398848741140941e-05	1339.8848741140941	1992.2626067334081	1.406529556975934e-05	1	chr20	53608031	54149344
chr20	54132506	54133263	54132894.0	34	18	6	2.0793784472061816e-09	7.045908177472082e-05	3.332147480847502e-05	3332.1474808475023	1.3398848741140941e-05	1339.8848741140941	1992.2626067334081	1.406529556975934e-05	1	chr20	53982745	54195906
chr20	54132506	54133263	54132894.0	34	18	6	2.0793784472061816e-09	7.045908177472082e-05	3.332147480847502e-05	3332.1474808475023	1.3398848741140941e-05	1339.8848741140941	1992.2626067334081	1.406529556975934e-05	1	chr20	54084769	54195896
chr20	54132506	54133263	54132894.0	34	18	6	2.0793784472061816e-09	7.045908177472082e-05	3.332147480847502e-05	3332.1474808475023	1.3398848741140941e-05	1339.8848741140941	1992.2626067334081	1.406529556975934e-05	1	chr20	54099231	54149737
chr20	54132506	54133263	54132894.0	34	18	6	2.0793784472061816e-09	7.045908177472082e-05	3.332147480847502e-05	3332.1474808475023	1.3398848741140941e-05	1339.8848741140941	1992.2626067334081	1.406529556975934e-05	1	chr20	54099271	54195921
chr20	54132506	54133263	54132894.0	34	18	6	2.0793784472061816e-09	7.045908177472082e-05	3.332147480847502e-05	3332.1474808475023	1.3398848741140941e-05	1339.8848741140941	1992.2626067334081	1.406529556975934e-05	1	chr20	54103667	54149756
chr20	54132506	54133263	54132894.0	34	18	6	2.0793784472061816e-09	7.045908177472082e-05	3.332147480847502e-05	3332.1474808475023	1.3398848741140941e-05	1339.8848741140941	1992.2626067334081	1.406529556975934e-05	1	chr20	54123178	54196130
chr20	54132506	54133263	54132894.0	34	18	6	2.0793784472061816e-09	7.045908177472082e-05	3.332147480847502e-05	3332.1474808475023	1.3398848741140941e-05	1339.8848741140941	1992.2626067334081	1.406529556975934e-05	1	chr20	54123366	54152410
chr20	54132506	54133263	54132894.0	34	18	6	2.0793784472061816e-09	7.045908177472082e-05	3.332147480847502e-05	3332.1474808475023	1.3398848741140941e-05	1339.8848741140941	1992.2626067334081	1.406529556975934e-05	1	chr20	54126739	54196042
chr20	54132506	54133263	54132894.0	34	18	6	2.0793784472061816e-09	7.045908177472082e-05	3.332147480847502e-05	3332.1474808475023	1.3398848741140941e-05	1339.8848741140941	1992.2626067334081	1.406529556975934e-05	1	chr20	50727128	54195586
chr20	54132506	54133263	54132894.0	34	18	6	2.0793784472061816e-09	7.045908177472082e-05	3.332147480847502e-05	3332.1474808475023	1.3398848741140941e-05	1339.8848741140941	1992.2626067334081	1.406529556975934e-05	1	chr20	54123668	57263312
chr20	54132506	54133263	54132894.0	34	18	6	2.0793784472061816e-09	7.045908177472082e-05	3.332147480847502e-05	3332.1474808475023	1.3398848741140941e-05	1339.8848741140941	1992.2626067334081	1.406529556975934e-05	1	chr20	47140963	55582783
chr20	54132506	54133263	54132894.0	34	18	6	2.0793784472061816e-09	7.045908177472082e-05	3.332147480847502e-05	3332.1474808475023	1.3398848741140941e-05	1339.8848741140941	1992.2626067334081	1.406529556975934e-05	1	chr20	50657010	63666016
chr20	54194696	54195682	54195255.0	55	10	6	0.0	0.0	5.390238571959195e-05	5390.238571959195	7.443804856189412e-06	744.3804856189412	4645.858086340254	0.0	1	chr20	54194631	54196039
chr20	54194696	54195682	54195255.0	55	10	6	0.0	0.0	5.390238571959195e-05	5390.238571959195	7.443804856189412e-06	744.3804856189412	4645.858086340254	0.0	1	chr20	54195077	54195665
chr20	54194696	54195682	54195255.0	55	10	6	0.0	0.0	5.390238571959195e-05	5390.238571959195	7.443804856189412e-06	744.3804856189412	4645.858086340254	0.0	1	chr20	54148194	54196102
chr20	54194696	54195682	54195255.0	55	10	6	0.0	0.0	5.390238571959195e-05	5390.238571959195	7.443804856189412e-06	744.3804856189412	4645.858086340254	0.0	1	chr20	54148884	54197767
chr20	54194696	54195682	54195255.0	55	10	6	0.0	0.0	5.390238571959195e-05	5390.238571959195	7.443804856189412e-06	744.3804856189412	4645.858086340254	0.0	1	chr20	53982745	54195906
chr20	54194696	54195682	54195255.0	55	10	6	0.0	0.0	5.390238571959195e-05	5390.238571959195	7.443804856189412e-06	744.3804856189412	4645.858086340254	0.0	1	chr20	54084769	54195896
chr20	54194696	54195682	54195255.0	55	10	6	0.0	0.0	5.390238571959195e-05	5390.238571959195	7.443804856189412e-06	744.3804856189412	4645.858086340254	0.0	1	chr20	54099271	54195921
chr20	54194696	54195682	54195255.0	55	10	6	0.0	0.0	5.390238571959195e-05	5390.238571959195	7.443804856189412e-06	744.3804856189412	4645.858086340254	0.0	1	chr20	54123178	54196130
chr20	54194696	54195682	54195255.0	55	10	6	0.0	0.0	5.390238571959195e-05	5390.238571959195	7.443804856189412e-06	744.3804856189412	4645.858086340254	0.0	1	chr20	54126739	54196042
chr20	54194696	54195682	54195255.0	55	10	6	0.0	0.0	5.390238571959195e-05	5390.238571959195	7.443804856189412e-06	744.3804856189412	4645.858086340254	0.0	1	chr20	50727128	54195586
chr20	54194696	54195682	54195255.0	55	10	6	0.0	0.0	5.390238571959195e-05	5390.238571959195	7.443804856189412e-06	744.3804856189412	4645.858086340254	0.0	1	chr20	54123668	57263312
chr20	54194696	54195682	54195255.0	55	10	6	0.0	0.0	5.390238571959195e-05	5390.238571959195	7.443804856189412e-06	744.3804856189412	4645.858086340254	0.0	1	chr20	47140963	55582783
chr20	54194696	54195682	54195255.0	55	10	6	0.0	0.0	5.390238571959195e-05	5390.238571959195	7.443804856189412e-06	744.3804856189412	4645.858086340254	0.0	1	chr20	50657010	63666016
chr20	54268646	54269646	54269166.0	33	15	7	5.203869557490748e-10	1.5077788033557304e-05	3.234143143175517e-05	3234.143143175517	1.1165707284284118e-05	1116.5707284284117	2117.572414747105	3.981049345770072e-06	1	chr20	54123668	57263312
chr20	54268646	54269646	54269166.0	33	15	7	5.203869557490748e-10	1.5077788033557304e-05	3.234143143175517e-05	3234.143143175517	1.1165707284284118e-05	1116.5707284284117	2117.572414747105	3.981049345770072e-06	1	chr20	47140963	55582783
chr20	54268646	54269646	54269166.0	33	15	7	5.203869557490748e-10	1.5077788033557304e-05	3.234143143175517e-05	3234.143143175517	1.1165707284284118e-05	1116.5707284284117	2117.572414747105	3.981049345770072e-06	1	chr20	50657010	63666016
chr20	56814321	56814910	56814597.0	29	12	5	2.761193496070291e-10	0.00017246571189255544	2.8421257924875754e-05	2842.1257924875754	8.932565827427295e-06	893.2565827427295	1948.8692097448459	2.25007158680042e-06	1	chr20	56735056	56937170
chr20	56814321	56814910	56814597.0	29	12	5	2.761193496070291e-10	0.00017246571189255544	2.8421257924875754e-05	2842.1257924875754	8.932565827427295e-06	893.2565827427295	1948.8692097448459	2.25007158680042e-06	1	chr20	56758480	56955392
chr20	56814321	56814910	56814597.0	29	12	5	2.761193496070291e-10	0.00017246571189255544	2.8421257924875754e-05	2842.1257924875754	8.932565827427295e-06	893.2565827427295	1948.8692097448459	2.25007158680042e-06	1	chr20	56758506	56890776
chr20	56814321	56814910	56814597.0	29	12	5	2.761193496070291e-10	0.00017246571189255544	2.8421257924875754e-05	2842.1257924875754	8.932565827427295e-06	893.2565827427295	1948.8692097448459	2.25007158680042e-06	1	chr20	56758736	56937214
chr20	56814321	56814910	56814597.0	29	12	5	2.761193496070291e-10	0.00017246571189255544	2.8421257924875754e-05	2842.1257924875754	8.932565827427295e-06	893.2565827427295	1948.8692097448459	2.25007158680042e-06	1	chr20	54123668	57263312
chr20	56814321	56814910	56814597.0	29	12	5	2.761193496070291e-10	0.00017246571189255544	2.8421257924875754e-05	2842.1257924875754	8.932565827427295e-06	893.2565827427295	1948.8692097448459	2.25007158680042e-06	1	chr20	50657010	63666016
chr20	56935796	56936989	56936706.0	35	18	8	5.9259264162392356e-12	0.0005260348542471815	3.4301518185194876e-05	3430.1518185194877	1.3398848741140941e-05	1339.8848741140941	2090.2669444053936	6.869365566960182e-08	2	chr20	56890057	56937232
chr20	56935796	56936989	56936706.0	35	18	8	5.9259264162392356e-12	0.0005260348542471815	3.4301518185194876e-05	3430.1518185194877	1.3398848741140941e-05	1339.8848741140941	2090.2669444053936	6.869365566960182e-08	2	chr20	56735056	56937170
chr20	56935796	56936989	56936706.0	35	18	8	5.9259264162392356e-12	0.0005260348542471815	3.4301518185194876e-05	3430.1518185194877	1.3398848741140941e-05	1339.8848741140941	2090.2669444053936	6.869365566960182e-08	2	chr20	56758480	56955392
chr20	56935796	56936989	56936706.0	35	18	8	5.9259264162392356e-12	0.0005260348542471815	3.4301518185194876e-05	3430.1518185194877	1.3398848741140941e-05	1339.8848741140941	2090.2669444053936	6.869365566960182e-08	2	chr20	56758736	56937214
chr20	56935796	56936989	56936706.0	35	18	8	5.9259264162392356e-12	0.0005260348542471815	3.4301518185194876e-05	3430.1518185194877	1.3398848741140941e-05	1339.8848741140941	2090.2669444053936	6.869365566960182e-08	2	chr20	54123668	57263312
chr20	56935796	56936989	56936706.0	35	18	8	5.9259264162392356e-12	0.0005260348542471815	3.4301518185194876e-05	3430.1518185194877	1.3398848741140941e-05	1339.8848741140941	2090.2669444053936	6.869365566960182e-08	2	chr20	50657010	63666016
chr20	57710573	57711143	57710829.0	27	7	8	4.875211678800895e-09	7.269355352002016e-06	2.6461171171436047e-05	2646.117117143605	5.210663399332588e-06	521.0663399332589	2125.050777210346	3.0279331581792266e-05	0	chr20	50657010	63666016
chr20	58111855	58112575	58112102.0	25	9	6	2.350248440308178e-09	0.0002638092038400597	2.450108441799634e-05	2450.108441799634	6.699424370570471e-06	669.9424370570471	1780.166004742587	1.5551158698326562e-05	0	chr20	50657010	63666016
chr20	59350640	59351698	59351151.0	26	6	8	3.988135377497315e-10	1.6117456270725583e-06	2.5481127794716194e-05	2548.1127794716194	4.466282913713647e-06	446.62829137136475	2101.4844881002546	3.129828873755527e-06	1	chr20	50657010	63666016
chr20	59986857	59988245	59988026.0	53	36	12	0.0	1.9192143663193661e-07	5.194229896615224e-05	5194.229896615224	2.6797697482281882e-05	2679.7697482281883	2514.4601483870356	0.0	2	chr20	50657010	63666016
chr21	15164451	15165523	15164756.0	24	14	8	6.814959929712927e-09	0.0009168749766553796	2.3521041041276488e-05	2352.1041041276485	1.0421326798665176e-05	1042.1326798665177	1309.9714242611308	4.139567494361973e-05	0	chr21	15003080	15210913
chr21	15164451	15165523	15164756.0	24	14	8	6.814959929712927e-09	0.0009168749766553796	2.3521041041276488e-05	2352.1041041276485	1.0421326798665176e-05	1042.1326798665177	1309.9714242611308	4.139567494361973e-05	0	chr21	15005023	15173745
chr21	15164451	15165523	15164756.0	24	14	8	6.814959929712927e-09	0.0009168749766553796	2.3521041041276488e-05	2352.1041041276485	1.0421326798665176e-05	1042.1326798665177	1309.9714242611308	4.139567494361973e-05	0	chr21	15005050	15587483
chr21	15164451	15165523	15164756.0	24	14	8	6.814959929712927e-09	0.0009168749766553796	2.3521041041276488e-05	2352.1041041276485	1.0421326798665176e-05	1042.1326798665177	1309.9714242611308	4.139567494361973e-05	0	chr21	15005117	15210835
chr21	15164451	15165523	15164756.0	24	14	8	6.814959929712927e-09	0.0009168749766553796	2.3521041041276488e-05	2352.1041041276485	1.0421326798665176e-05	1042.1326798665177	1309.9714242611308	4.139567494361973e-05	0	chr21	15132493	15587173
chr21	37267580	37268817	37268462.0	38	17	11	0.0	3.9572427168121926e-05	3.7241648315354436e-05	3724.1648315354437	1.2654468255522001e-05	1265.4468255522002	2458.7180059832435	0.0	2	chr21	37267592	37447185
chr21	40367285	40368481	40367961.0	43	47	11	0.0	3.272784642305293e-05	4.214186519895371e-05	4214.186519895371	3.498588282409024e-05	3498.5882824090236	715.5982374863474	0.0	1	chr21	40324200	40387199
chr21	40367285	40368481	40367961.0	43	47	11	0.0	3.272784642305293e-05	4.214186519895371e-05	4214.186519895371	3.498588282409024e-05	3498.5882824090236	715.5982374863474	0.0	1	chr21	40340134	40383527
chr3	107985456	107986863	107986646.0	29	13	9	7.696399073608973e-12	9.231387401154034e-05	2.8421257924875754e-05	2842.1257924875754	9.676946313046236e-06	967.6946313046236	1874.4311611829517	8.787545925428999e-08	1	chr3	107986298	108000273
chr3	107985456	107986863	107986646.0	29	13	9	7.696399073608973e-12	9.231387401154034e-05	2.8421257924875754e-05	2842.1257924875754	9.676946313046236e-06	967.6946313046236	1874.4311611829517	8.787545925428999e-08	1	chr3	107825610	108000130
chr3	150253104	150254315	150253828.5	26	4	14	4.906915762603603e-09	5.352583187789861e-08	2.5481127794716194e-05	2548.1127794716194	2.977521942475765e-06	297.7521942475765	2250.360585224043	3.0414045279769653e-05	0	chr3	150238401	150737986
chr3	150756494	150758018	150756806.0	27	14	9	3.1211577766754317e-10	0.0004596163380812257	2.6461171171436047e-05	2646.117117143605	1.0421326798665176e-05	1042.1326798665177	1603.9844372770872	2.501141019625576e-06	2	chr3	150737098	150774391
chr3	150756494	150758018	150756806.0	27	14	9	3.1211577766754317e-10	0.0004596163380812257	2.6461171171436047e-05	2646.117117143605	1.0421326798665176e-05	1042.1326798665177	1603.9844372770872	2.501141019625576e-06	2	chr3	150737176	150757218
chr3	150756494	150758018	150756806.0	27	14	9	3.1211577766754317e-10	0.0004596163380812257	2.6461171171436047e-05	2646.117117143605	1.0421326798665176e-05	1042.1326798665177	1603.9844372770872	2.501141019625576e-06	2	chr3	150756467	150845151
chr3	150756494	150758018	150756806.0	27	14	9	3.1211577766754317e-10	0.0004596163380812257	2.6461171171436047e-05	2646.117117143605	1.0421326798665176e-05	1042.1326798665177	1603.9844372770872	2.501141019625576e-06	2	chr3	150722512	150845352
chr3	161290591	161291457	161291221.0	52	50	6	0.0	4.5909464648774545e-06	5.096225558943239e-05	5096.225558943239	3.721902428094706e-05	3721.902428094706	1374.3231308485329	0.0	1	chr3	161272381	161340336
chr3	161338999	161340395	161340002.0	27	19	8	8.838733078775363e-10	8.283197392977559e-05	2.6461171171436047e-05	2646.117117143605	1.4143229226759883e-05	1414.3229226759884	1231.7941944676165	6.499824535289121e-06	1	chr3	161272381	161340336
chr3	168877667	168878512	168877946.0	29	14	11	6.2303495695914535e-12	0.0007173239692532807	2.8421257924875754e-05	2842.1257924875754	1.0421326798665176e-05	1042.1326798665177	1799.9931126210577	7.167540463673658e-08	1	chr3	168870547	168957613
chr3	189641509	189642372	189641913.0	26	5	14	2.8150148878580694e-09	2.566897451261596e-07	2.5481127794716194e-05	2548.1127794716194	3.721902428094706e-06	372.1902428094706	2175.922536662149	1.8386091153078978e-05	1	chr3	189458264	189843387
chr3	189756544	189757778	189756827.0	32	12	9	2.702282841937631e-13	3.775344544210135e-06	3.136138805503532e-05	3136.138805503532	8.932565827427295e-06	893.2565827427295	2242.8822227608025	4.023113657029379e-09	1	chr3	189458264	189843387
chr4	25568102	25568832	25568418.0	23	7	8	7.941709623260351e-09	4.075179286200381e-05	2.2540997664556634e-05	2254.0997664556635	5.210663399332588e-06	521.0663399332589	1733.0334265224046	4.766780483710916e-05	1	chr4	17974558	163816363
chr4	39539503	39540798	39540296.0	51	42	14	0.0	0.00015040655159415106	4.9982212212712535e-05	4998.221221271254	3.126398039599553e-05	3126.398039599553	1871.8231816717007	0.0	2	chr4	17974558	163816363
chr4	48800941	48802340	48801951.0	28	8	20	6.348499503872063e-11	6.019612561747323e-07	2.74412145481559e-05	2744.12145481559	5.95504388495153e-06	595.504388495153	2148.617066320437	6.006586329034552e-07	0	chr4	17974558	163816363
chr4	48954346	48955218	48954822.0	23	8	8	6.008812780677886e-09	6.4795533408879e-05	2.2540997664556634e-05	2254.0997664556635	5.95504388495153e-06	595.504388495153	1658.5953779605106	3.679329325569931e-05	1	chr4	48852854	48962270
chr4	48954346	48955218	48954822.0	23	8	8	6.008812780677886e-09	6.4795533408879e-05	2.2540997664556634e-05	2254.0997664556635	5.95504388495153e-06	595.504388495153	1658.5953779605106	3.679329325569931e-05	1	chr4	17974558	163816363
chr4	67928433	67929953	67929268.0	39	24	17	0.0	8.929958764225532e-06	3.822169169207429e-05	3822.169169207429	1.786513165485459e-05	1786.513165485459	2035.6560037219701	0.0	2	chr4	67928342	68039361
chr4	67928433	67929953	67929268.0	39	24	17	0.0	8.929958764225532e-06	3.822169169207429e-05	3822.169169207429	1.786513165485459e-05	1786.513165485459	2035.6560037219701	0.0	2	chr4	17974558	163816363
chr4	72129746	72130205	72129976.0	26	8	4	5.733613583913666e-11	3.5861572216244753e-06	2.5481127794716194e-05	2548.1127794716194	5.95504388495153e-06	595.504388495153	1952.6083909764666	5.475994031681983e-07	0	chr4	17974558	163816363
chr4	73729823	73730841	73730559.0	34	6	19	3.4416913763379853e-15	1.6077894571253637e-10	3.332147480847502e-05	3332.1474808475023	4.466282913713647e-06	446.62829137136475	2885.5191894761374	6.743756664207012e-11	0	chr4	17974558	163816363
chr4	74545753	74546648	74546249.0	27	16	14	1.4497311129346713e-09	0.00013682052148078494	2.6461171171436047e-05	2646.117117143605	1.191008776990306e-05	1191.008776990306	1455.108340153299	1.014610543324756e-05	1	chr4	17974558	163816363
chr4	74623996	74625284	74624927.0	35	29	12	2.5646151868841116e-14	0.0007299222062091548	3.4301518185194876e-05	3430.1518185194877	2.1587034082949294e-05	2158.7034082949294	1271.4484102245583	4.425590310885852e-10	0	chr4	17974558	163816363
chr4	87520907	87522314	87522103.0	28	10	12	6.478373393292713e-11	8.532730741972472e-07	2.74412145481559e-05	2744.12145481559	7.443804856189412e-06	744.3804856189412	1999.7409691966486	6.110429951394527e-07	2	chr4	17974558	163816363
chr4	88241889	88242934	88242191.0	24	6	9	3.6136804659747668e-09	5.509450968332885e-06	2.3521041041276488e-05	2352.1041041276485	4.466282913713647e-06	446.62829137136475	1905.4758127562836	2.32033276732777e-05	1	chr4	17974558	163816363
chr4	95746938	95747890	95747595.0	25	4	10	3.387072844418526e-10	6.680310249418397e-08	2.450108441799634e-05	2450.108441799634	2.977521942475765e-06	297.7521942475765	2152.3562475520575	2.7035614265913564e-06	1	chr4	17974558	163816363
chr4	99561078	99561901	99561350.0	27	2	8	3.843192430963427e-11	9.785053878275107e-10	2.6461171171436047e-05	2646.117117143605	1.4887609712378825e-06	148.87609712378824	2497.2410200198165	3.8020289607631206e-07	0	chr4	17974558	163816363
chr4	101264144	101265416	101264866.0	32	20	14	7.434053372890048e-13	8.662055821151426e-05	3.136138805503532e-05	3136.138805503532	1.4887609712378825e-05	1488.7609712378824	1647.3778342656494	1.050144061012329e-08	0	chr4	17974558	163816363
chr4	102255573	102256819	102256283.0	26	8	12	7.088108988639874e-10	1.360714726450496e-07	2.5481127794716194e-05	2548.1127794716194	5.95504388495153e-06	595.504388495153	1952.6083909764666	5.276329263568616e-06	0	chr4	17974558	163816363
chr4	119343054	119343864	119343284.0	23	11	9	6.778339223245666e-09	0.0007325199128818127	2.2540997664556634e-05	2254.0997664556635	8.188185341808353e-06	818.8185341808353	1435.2812322748282	4.1255743617285435e-05	0	chr4	17974558	163816363
chr4	142614511	142615932	142615460.0	61	70	18	0.0	0.00026248955339136515	5.9782645979911074e-05	5978.264597991107	5.210663399332588e-05	5210.663399332589	767.6011986585181	0.0	1	chr4	142615157	143037044
chr4	142614511	142615932	142615460.0	61	70	18	0.0	0.00026248955339136515	5.9782645979911074e-05	5978.264597991107	5.210663399332588e-05	5210.663399332589	767.6011986585181	0.0	1	chr4	17974558	163816363
chr4	156305284	156305743	156305514.0	37	17	3	0.0	6.332935215014324e-06	3.626160493863458e-05	3626.160493863458	1.2654468255522001e-05	1265.4468255522002	2360.713668311258	0.0	0	chr4	145103688	170483125
chr4	156305284	156305743	156305514.0	37	17	3	0.0	6.332935215014324e-06	3.626160493863458e-05	3626.160493863458	1.2654468255522001e-05	1265.4468255522002	2360.713668311258	0.0	0	chr4	17974558	163816363
chr4	158804544	158805912	158805597.0	37	8	13	1.1102230246251565e-16	1.6822632176172192e-09	3.626160493863458e-05	3626.160493863458	5.95504388495153e-06	595.504388495153	3030.6561053683054	2.676093914367862e-12	1	chr4	145103688	170483125
chr4	158804544	158805912	158805597.0	37	8	13	1.1102230246251565e-16	1.6822632176172192e-09	3.626160493863458e-05	3626.160493863458	5.95504388495153e-06	595.504388495153	3030.6561053683054	2.676093914367862e-12	1	chr4	17974558	163816363
chr4	160658699	160659229	160658996.0	40	17	4	0.0	1.1181644499203003e-10	3.920173506879414e-05	3920.1735068794146	1.2654468255522001e-05	1265.4468255522002	2654.7266813272145	0.0	0	chr4	145103688	170483125
chr4	160658699	160659229	160658996.0	40	17	4	0.0	1.1181644499203003e-10	3.920173506879414e-05	3920.1735068794146	1.2654468255522001e-05	1265.4468255522002	2654.7266813272145	0.0	0	chr4	17974558	163816363
chr4	163447699	163448844	163448578.0	27	13	8	3.024935857354194e-11	0.00010367836457636503	2.6461171171436047e-05	2646.117117143605	9.676946313046236e-06	967.6946313046236	1678.4224858389812	3.0521884190085893e-07	2	chr4	145103688	170483125
chr4	163447699	163448844	163448578.0	27	13	8	3.024935857354194e-11	0.00010367836457636503	2.6461171171436047e-05	2646.117117143605	9.676946313046236e-06	967.6946313046236	1678.4224858389812	3.0521884190085893e-07	2	chr4	17974558	163816363
chr4	168691178	168692458	168691553.0	24	10	10	3.412308768879768e-09	5.144638292031711e-05	2.3521041041276488e-05	2352.1041041276485	7.443804856189412e-06	744.3804856189412	1607.7236185087072	2.200336387159784e-05	1	chr4	168487553	168692212
chr4	168691178	168692458	168691553.0	24	10	10	3.412308768879768e-09	5.144638292031711e-05	2.3521041041276488e-05	2352.1041041276485	7.443804856189412e-06	744.3804856189412	1607.7236185087072	2.200336387159784e-05	1	chr4	168676893	168692322
chr4	168691178	168692458	168691553.0	24	10	10	3.412308768879768e-09	5.144638292031711e-05	2.3521041041276488e-05	2352.1041041276485	7.443804856189412e-06	744.3804856189412	1607.7236185087072	2.200336387159784e-05	1	chr4	168691314	168920339
chr4	168691178	168692458	168691553.0	24	10	10	3.412308768879768e-09	5.144638292031711e-05	2.3521041041276488e-05	2352.1041041276485	7.443804856189412e-06	744.3804856189412	1607.7236185087072	2.200336387159784e-05	1	chr4	145103688	170483125
chr5	19734400	19735453	19734934.0	53	38	10	0.0	1.4673544275201067e-06	5.194229896615224e-05	5194.229896615224	2.8286458453519766e-05	2828.6458453519767	2365.584051263247	0.0	1	chr5	19734809	19885425
chr5	19884932	19885525	19885258.0	28	6	10	6.884581793542566e-11	1.3655380270982675e-08	2.74412145481559e-05	2744.12145481559	4.466282913713647e-06	446.62829137136475	2297.493163444225	6.453483730753213e-07	1	chr5	19734809	19885425
chr5	61304473	61305127	61304754.5	35	4	8	5.551115123125783e-16	2.879030347457956e-12	3.4301518185194876e-05	3430.1518185194877	2.977521942475765e-06	297.7521942475765	3132.3996242719113	1.2488438267050023e-11	1	chr5	61168716	61305247
chr5	86284327	86285329	86285057.0	33	12	9	5.662137425588298e-15	3.9838289767057944e-07	3.234143143175517e-05	3234.143143175517	8.932565827427295e-06	893.2565827427295	2340.8865604327875	1.0615172526992519e-10	0	chr5	77830864	143746998
chr5	86302707	86303714	86303013.0	32	12	11	2.9976021664879227e-14	1.0874981074548984e-06	3.136138805503532e-05	3136.138805503532	8.932565827427295e-06	893.2565827427295	2242.8822227608025	5.143543218462975e-10	0	chr5	77830864	143746998
chr5	90221440	90222430	90222173.0	29	15	11	4.897748873133878e-12	0.0005964913800738936	2.8421257924875754e-05	2842.1257924875754	1.1165707284284118e-05	1116.5707284284117	1725.5550640591637	5.76551986902117e-08	0	chr5	77830864	143746998
chr5	103014060	103015543	103015163.0	53	22	19	0.0	2.089064188304235e-08	5.194229896615224e-05	5194.229896615224	1.6376370683616706e-05	1637.6370683616706	3556.5928282535533	0.0	2	chr5	77830864	143746998
chr5	103408361	103409523	103409224.0	30	16	11	1.4055423491754482e-12	0.0002830032675043004	2.940130130159561e-05	2940.130130159561	1.191008776990306e-05	1191.008776990306	1749.121353169255	1.931582791150696e-08	1	chr5	103409261	103444780
chr5	103408361	103409523	103409224.0	30	16	11	1.4055423491754482e-12	0.0002830032675043004	2.940130130159561e-05	2940.130130159561	1.191008776990306e-05	1191.008776990306	1749.121353169255	1.931582791150696e-08	1	chr5	77830864	143746998
chr5	104645145	104646410	104645904.0	26	7	14	2.9790614419766825e-10	1.933671043841123e-06	2.5481127794716194e-05	2548.1127794716194	5.210663399332588e-06	521.0663399332589	2027.0464395383606	2.3935876001410947e-06	2	chr5	77830864	143746998
chr5	122849046	122850341	122849732.0	26	12	8	1.749586031607464e-10	0.0003683237736820111	2.5481127794716194e-05	2548.1127794716194	8.932565827427295e-06	893.2565827427295	1654.85619672889	1.4926121430178646e-06	2	chr5	122848937	122858744
chr5	122849046	122850341	122849732.0	26	12	8	1.749586031607464e-10	0.0003683237736820111	2.5481127794716194e-05	2548.1127794716194	8.932565827427295e-06	893.2565827427295	1654.85619672889	1.4926121430178646e-06	2	chr5	77830864	143746998
chr5	128036734	128037620	128037244.0	26	7	8	2.0080748175388408e-10	4.1451431957995055e-06	2.5481127794716194e-05	2548.1127794716194	5.210663399332588e-06	521.0663399332589	2027.0464395383606	1.675483564201629e-06	1	chr5	127980651	128037849
chr5	128036734	128037620	128037244.0	26	7	8	2.0080748175388408e-10	4.1451431957995055e-06	2.5481127794716194e-05	2548.1127794716194	5.210663399332588e-06	521.0663399332589	2027.0464395383606	1.675483564201629e-06	1	chr5	77830864	143746998
chr5	129126250	129127020	129126709.0	23	20	7	7.55862261669904e-09	0.0002452939490991124	2.2540997664556634e-05	2254.0997664556635	1.4887609712378825e-05	1488.7609712378824	765.3387952177811	4.554846984996777e-05	1	chr5	77830864	143746998
chr5	132371076	132371574	132371276.0	26	8	3	7.727984918659558e-11	5.121816628261833e-06	2.5481127794716194e-05	2548.1127794716194	5.95504388495153e-06	595.504388495153	1952.6083909764666	7.11236427278469e-07	2	chr5	77830864	143746998
chr5	137890098	137891347	137891124.0	36	9	12	3.3306690738754696e-16	2.9383194655174805e-08	3.528156156191473e-05	3528.156156191473	6.699424370570471e-06	669.9424370570471	2858.2137191344264	7.663359845689786e-12	0	chr5	77830864	143746998
chr6	7972985	7974116	7973903.0	27	11	9	1.7673729146849837e-10	0.0002511437589486354	2.6461171171436047e-05	2646.117117143605	8.188185341808353e-06	818.8185341808353	1827.2985829627696	1.4997125862467707e-06	1	chr6	6703757	11047340
chr7	80883317	80884120	80883767.0	43	43	11	0.0	0.0007328010537459573	4.214186519895371e-05	4214.186519895371	3.200836088161447e-05	3200.836088161447	1013.3504317339239	0.0	1	chr7	80876594	80943864
chr7	80942343	80943488	80943010.0	39	29	6	0.0	1.7159521213949702e-05	3.822169169207429e-05	3822.169169207429	2.1587034082949294e-05	2158.7034082949294	1663.4657609124997	0.0	2	chr7	80876594	80943864
chr7	80942343	80943488	80943010.0	39	29	6	0.0	1.7159521213949702e-05	3.822169169207429e-05	3822.169169207429	2.1587034082949294e-05	2158.7034082949294	1663.4657609124997	0.0	2	chr7	80942729	81159920
chr7	117123818	117124988	117124717.0	26	4	18	2.128727194516955e-09	1.3207982829666065e-07	2.5481127794716194e-05	2548.1127794716194	2.977521942475765e-06	297.7521942475765	2250.360585224043	1.4367101510126544e-05	1	chr7	117036008	117125122
chr7	117123818	117124988	117124717.0	26	4	18	2.128727194516955e-09	1.3207982829666065e-07	2.5481127794716194e-05	2548.1127794716194	2.977521942475765e-06	297.7521942475765	2250.360585224043	1.4367101510126544e-05	1	chr7	117124271	117203629
chr7	151736088	151736965	151736406.0	24	9	6	2.2479151873255887e-09	0.0005526748937002557	2.3521041041276488e-05	2352.1041041276485	6.699424370570471e-06	669.9424370570471	1682.1616670706014	1.500479929208773e-05	0	chr7	151694618	151857194
chr8	8289353	8290798	8290235.0	28	11	14	3.322475627953736e-11	0.0005356161519428637	2.74412145481559e-05	2744.12145481559	8.188185341808353e-06	818.8185341808353	1925.3029206347546	3.3193258336248667e-07	2	chr8	8289135	8315310
chr8	9099844	9100726	9100346.0	31	12	10	3.1863400806741993e-13	1.397942800529517e-05	3.0381344678315463e-05	3038.1344678315463	8.932565827427295e-06	893.2565827427295	2144.8778850888166	4.675019716491335e-09	1	chr8	9099976	9120018
chr8	66713241	66714777	66714071.0	66	46	12	0.0	2.3374116531194034e-08	6.468286286351034e-05	6468.286286351034	3.4241502338471296e-05	3424.1502338471296	3044.136052503904	0.0	3	chr8	66124088	66714761
chr8	66713241	66714777	66714071.0	66	46	12	0.0	2.3374116531194034e-08	6.468286286351034e-05	6468.286286351034	3.4241502338471296e-05	3424.1502338471296	3044.136052503904	0.0	3	chr8	66522170	66714819
chr8	99904498	99905705	99905250.0	55	25	11	0.0	1.952095152191191e-10	5.390238571959195e-05	5390.238571959195	1.860951214047353e-05	1860.951214047353	3529.287357911842	0.0	1	chr8	99804045	99906030
chr8	99904498	99905705	99905250.0	55	25	11	0.0	1.952095152191191e-10	5.390238571959195e-05	5390.238571959195	1.860951214047353e-05	1860.951214047353	3529.287357911842	0.0	1	chr8	99818415	99906083
chr8	101466458	101467804	101467317.0	60	52	14	0.0	0.00025269635652214184	5.880260260319122e-05	5880.260260319122	3.8707785252184945e-05	3870.7785252184945	2009.4817351006272	0.0	1	chr8	101466447	101504833
chr8	121432088	121432974	121432630.0	25	7	10	3.0405206130623696e-09	2.4049959070904237e-06	2.450108441799634e-05	2450.108441799634	5.210663399332588e-06	521.0663399332589	1929.042101866375	1.96895946339078e-05	1	chr8	121150851	121432950
chr8	123563440	123564034	123563806.0	33	4	6	4.451994328746878e-14	1.1980203495909336e-09	3.234143143175517e-05	3234.143143175517	2.977521942475765e-06	297.7521942475765	2936.3909489279404	7.429248413041242e-10	2	chr8	123563310	123626669
chr8	125069205	125070253	125069971.0	25	11	7	4.199048775355152e-09	0.0006235598819351873	2.450108441799634e-05	2450.108441799634	8.188185341808353e-06	818.8185341808353	1631.2899076187987	2.653994008667108e-05	1	chr8	125069594	125070486
chr8	127869931	127871231	127870807.0	30	7	5	2.3989699116100383e-12	2.0199330785786174e-07	2.940130130159561e-05	2940.130130159561	5.210663399332588e-06	521.0663399332589	2419.063790226302	3.1404977155212314e-08	3	chr8	127859207	127871355
chr8	127869931	127871231	127870807.0	30	7	5	2.3989699116100383e-12	2.0199330785786174e-07	2.940130130159561e-05	2940.130130159561	5.210663399332588e-06	521.0663399332589	2419.063790226302	3.1404977155212314e-08	3	chr8	127870294	127911831
chr8	127869931	127871231	127870807.0	30	7	5	2.3989699116100383e-12	2.0199330785786174e-07	2.940130130159561e-05	2940.130130159561	5.210663399332588e-06	521.0663399332589	2419.063790226302	3.1404977155212314e-08	3	chr8	127552239	127871185
chr8	127869931	127871231	127870807.0	30	7	5	2.3989699116100383e-12	2.0199330785786174e-07	2.940130130159561e-05	2940.130130159561	5.210663399332588e-06	521.0663399332589	2419.063790226302	3.1404977155212314e-08	3	chr8	127668251	127871262
chr8	127869931	127871231	127870807.0	30	7	5	2.3989699116100383e-12	2.0199330785786174e-07	2.940130130159561e-05	2940.130130159561	5.210663399332588e-06	521.0663399332589	2419.063790226302	3.1404977155212314e-08	3	chr8	127800576	128142552
chr8	127869931	127871231	127870807.0	30	7	5	2.3989699116100383e-12	2.0199330785786174e-07	2.940130130159561e-05	2940.130130159561	5.210663399332588e-06	521.0663399332589	2419.063790226302	3.1404977155212314e-08	3	chr8	127867532	128142570
chr8	127869931	127871231	127870807.0	30	7	5	2.3989699116100383e-12	2.0199330785786174e-07	2.940130130159561e-05	2940.130130159561	5.210663399332588e-06	521.0663399332589	2419.063790226302	3.1404977155212314e-08	3	chr8	127870300	128140624
chr8	127869931	127871231	127870807.0	30	7	5	2.3989699116100383e-12	2.0199330785786174e-07	2.940130130159561e-05	2940.130130159561	5.210663399332588e-06	521.0663399332589	2419.063790226302	3.1404977155212314e-08	3	chr8	127870375	128121287
chr9	4865408	4866706	4866399.0	51	35	14	0.0	8.3890934130193e-05	4.9982212212712535e-05	4998.221221271254	2.605331699666294e-05	2605.3316996662943	2392.8895216049596	0.0	2	chr9	4755714	4866965
chr9	94866708	94868061	94867245.0	32	11	10	8.695266728864226e-13	6.187252074019156e-07	3.136138805503532e-05	3136.138805503532	8.188185341808353e-06	818.8185341808353	2317.3202713226965	1.2114014264694798e-08	1	chr9	94782559	94951575
chr9	94866708	94868061	94867245.0	32	11	10	8.695266728864226e-13	6.187252074019156e-07	3.136138805503532e-05	3136.138805503532	8.188185341808353e-06	818.8185341808353	2317.3202713226965	1.2114014264694798e-08	1	chr9	94782712	94953569
chr9	108478587	108479738	108479259.0	44	19	12	0.0	3.190487788407026e-07	4.312190857567356e-05	4312.190857567356	1.4143229226759883e-05	1414.3229226759884	2897.8679348913674	0.0	2	chr9	107541247	108479705
chr9	125460195	125461309	125461106.0	28	4	6	3.276356963510807e-11	3.678569115983521e-09	2.74412145481559e-05	2744.12145481559	2.977521942475765e-06	297.7521942475765	2446.3692605680135	3.284053699110236e-07	1	chr9	125451151	125461536
