chr1	46134772	46135683	46135347	27	11	7	4.68491911931324e-11	0.000201678001572447	2.6461171171436e-05	2646.1171171436	8.18818534180835e-06	818.818534180835	1827.29858296277	3.79219665939363e-07	0	chr1	32831811	206904130
chr1	75377061	75377529	75377296	31	15	5	6.0507154842071e-14	0.000137027759491426	3.03813446783155e-05	3038.13446783155	1.11657072842841e-05	1116.57072842841	1921.56373940313	8.62452385810915e-10	0	chr1	32831811	206904130
chr1	75382012	75382934	75382701	32	20	11	2.18713935851156e-14	0.00184942317416548	3.13613880550353e-05	3136.13880550353	1.48876097123788e-05	1488.76097123788	1647.37783426565	3.33911084143428e-10	0	chr1	32831811	206904130
chr1	89066958	89067853	89067615	21	5	6	3.78465870864986e-08	1.96564404154609e-05	2.05809109111169e-05	2058.09109111169	3.72190242809471e-06	372.190242809471	1685.90084830222	0.00015051456856592	0	chr1	32831811	206904130
chr1	108215809	108217313	108217004	71	60	14	0	5.81356052187232e-08	6.95830797471096e-05	6958.30797471096	4.46628291371365e-05	4466.28291371365	2492.02506099731	0	0	chr1	32831811	206904130
chr1	108215809	108217313	108217004	71	60	14	0	5.81356052187232e-08	6.95830797471096e-05	6958.30797471096	4.46628291371365e-05	4466.28291371365	2492.02506099731	0	0	chr1	107470032	182473766
chr1	108815817	108816529	108816295	27	18	9	1.18108367530567e-09	0.000746722068093897	2.6461171171436e-05	2646.1171171436	1.33988487411409e-05	1339.88487411409	1306.23224302951	6.89252617531979e-06	0	chr1	32831811	206904130
chr1	108815817	108816529	108816295	27	18	9	1.18108367530567e-09	0.000746722068093897	2.6461171171436e-05	2646.1171171436	1.33988487411409e-05	1339.88487411409	1306.23224302951	6.89252617531979e-06	0	chr1	107470032	182473766
chr1	109214503	109215453	109214816	26	7	6	4.51704229575967e-10	3.0047583043924e-06	2.54811277947162e-05	2548.11277947162	5.21066339933259e-06	521.066339933259	2027.04643953836	2.88709088553711e-06	0	chr1	32831811	206904130
chr1	109214503	109215453	109214816	26	7	6	4.51704229575967e-10	3.0047583043924e-06	2.54811277947162e-05	2548.11277947162	5.21066339933259e-06	521.066339933259	2027.04643953836	2.88709088553711e-06	0	chr1	107470032	182473766
chr1	115929672	115930325	115929945	24	9	10	3.97411600294717e-08	0.000396565094379797	2.35210410412765e-05	2352.10410412765	6.69942437057047e-06	669.942437057047	1682.1616670706	0.000156695064787832	0	chr1	32831811	206904130
chr1	115929672	115930325	115929945	24	9	10	3.97411600294717e-08	0.000396565094379797	2.35210410412765e-05	2352.10410412765	6.69942437057047e-06	669.942437057047	1682.1616670706	0.000156695064787832	0	chr1	107470032	182473766
chr1	116219262	116220480	116220003	26	2	11	1.86118546130487e-08	5.23499108506797e-08	2.54811277947162e-05	2548.11277947162	1.48876097123788e-06	148.876097123788	2399.23668234783	7.90023300398898e-05	0	chr1	32831811	206904130
chr1	116219262	116220480	116220003	26	2	11	1.86118546130487e-08	5.23499108506797e-08	2.54811277947162e-05	2548.11277947162	1.48876097123788e-06	148.876097123788	2399.23668234783	7.90023300398898e-05	0	chr1	107470032	182473766
chr1	117363132	117363684	117363454	23	5	4	1.15705763858998e-08	4.36437738926543e-06	2.25409976645566e-05	2254.09976645566	3.72190242809471e-06	372.190242809471	1881.90952364619	5.22759939356341e-05	0	chr1	32831811	206904130
chr1	117363132	117363684	117363454	23	5	4	1.15705763858998e-08	4.36437738926543e-06	2.25409976645566e-05	2254.09976645566	3.72190242809471e-06	372.190242809471	1881.90952364619	5.22759939356341e-05	0	chr1	107470032	182473766
chr1	120041361	120042891	120042375	40	28	16	2.36477504245158e-14	0.000434420790055401	3.92017350687941e-05	3920.17350687941	2.08426535973304e-05	2084.26535973304	1835.90814714638	3.59327790792503e-10	0	chr1	32831811	206904130
chr1	120041361	120042891	120042375	40	28	16	2.36477504245158e-14	0.000434420790055401	3.92017350687941e-05	3920.17350687941	2.08426535973304e-05	2084.26535973304	1835.90814714638	3.59327790792503e-10	0	chr1	107470032	182473766
chr1	120733478	120734847	120734273	29	21	14	4.8924176820897e-08	0.00213934488893197	2.84212579248758e-05	2842.12579248758	1.56319901979978e-05	1563.19901979978	1278.9267726878	0.000188518547378687	0	chr1	32831811	206904130
chr1	120733478	120734847	120734273	29	21	14	4.8924176820897e-08	0.00213934488893197	2.84212579248758e-05	2842.12579248758	1.56319901979978e-05	1563.19901979978	1278.9267726878	0.000188518547378687	0	chr1	107470032	182473766
chr1	120750274	120751603	120751082	33	22	11	6.95266066941258e-11	0.000336228065638267	3.23414314317552e-05	3234.14314317552	1.63763706836167e-05	1637.63706836167	1596.50607481385	5.40987870196301e-07	0	chr1	32831811	206904130
chr1	120750274	120751603	120751082	33	22	11	6.95266066941258e-11	0.000336228065638267	3.23414314317552e-05	3234.14314317552	1.63763706836167e-05	1637.63706836167	1596.50607481385	5.40987870196301e-07	0	chr1	107470032	182473766
chr1	146200556	146202099	146201737	48	36	17	0	0.000788993741324573	4.7042082082553e-05	4704.2082082553	2.67976974822819e-05	2679.76974822819	2024.43846002711	0	0	chr1	32831811	206904130
chr1	146200556	146202099	146201737	48	36	17	0	0.000788993741324573	4.7042082082553e-05	4704.2082082553	2.67976974822819e-05	2679.76974822819	2024.43846002711	0	0	chr1	107470032	182473766
chr1	147675817	147677336	147676757	64	30	14	0	5.89714299614741e-09	6.27227761100706e-05	6272.27761100706	2.23314145685682e-05	2233.14145685682	4039.13615415024	0	0	chr1	32831811	206904130
chr1	147675817	147677336	147676757	64	30	14	0	5.89714299614741e-09	6.27227761100706e-05	6272.27761100706	2.23314145685682e-05	2233.14145685682	4039.13615415024	0	0	chr1	107470032	182473766
chr1	148652105	148653135	148652623	44	23	11	0	1.32595975177452e-06	4.31219085756736e-05	4312.19085756736	1.71207511692356e-05	1712.07511692356	2600.11574064379	0	0	chr1	32831811	206904130
chr1	148652105	148653135	148652623	44	23	11	0	1.32595975177452e-06	4.31219085756736e-05	4312.19085756736	1.71207511692356e-05	1712.07511692356	2600.11574064379	0	0	chr1	107470032	182473766
chr1	148661683	148662855	148662384	31	25	15	1.13123664879922e-08	0.00907317921394768	3.03813446783155e-05	3038.13446783155	1.86095121404735e-05	1860.95121404735	1177.18325378419	5.1253166367316e-05	0	chr1	32831811	206904130
chr1	148661683	148662855	148662384	31	25	15	1.13123664879922e-08	0.00907317921394768	3.03813446783155e-05	3038.13446783155	1.86095121404735e-05	1860.95121404735	1177.18325378419	5.1253166367316e-05	0	chr1	107470032	182473766
chr1	149400609	149401860	149401285	29	24	10	2.71476292557082e-08	0.00471947664798755	2.84212579248758e-05	2842.12579248758	1.78651316548546e-05	1786.51316548546	1055.61262700212	0.000110558531380331	0	chr1	32831811	206904130
chr1	149400609	149401860	149401285	29	24	10	2.71476292557082e-08	0.00471947664798755	2.84212579248758e-05	2842.12579248758	1.78651316548546e-05	1786.51316548546	1055.61262700212	0.000110558531380331	0	chr1	107470032	182473766
chr1	149417595	149418924	149418403	45	27	12	1.22124532708767e-15	1.0774646035383e-06	4.41019519523934e-05	4410.19519523934	2.00982731117114e-05	2009.82731117114	2400.3678840682	2.34169575264956e-11	0	chr1	32831811	206904130
chr1	149417595	149418924	149418403	45	27	12	1.22124532708767e-15	1.0774646035383e-06	4.41019519523934e-05	4410.19519523934	2.00982731117114e-05	2009.82731117114	2400.3678840682	2.34169575264956e-11	0	chr1	107470032	182473766
chr1	150020960	150022070	150021539	32	12	14	1.08772657547718e-09	1.53833833782535e-07	3.13613880550353e-05	3136.13880550353	8.93256582742729e-06	893.25658274273	2242.8822227608	6.44106489356765e-06	0	chr1	32831811	206904130
chr1	150020960	150022070	150021539	32	12	14	1.08772657547718e-09	1.53833833782535e-07	3.13613880550353e-05	3136.13880550353	8.93256582742729e-06	893.25658274273	2242.8822227608	6.44106489356765e-06	0	chr1	107470032	182473766
chr1	151885549	151886045	151885749	24	3	9	2.38715897049602e-08	9.0330890523127e-07	2.35210410412765e-05	2352.10410412765	2.23314145685682e-06	223.314145685682	2128.78995844197	9.821015903366e-05	0	chr1	32831811	206904130
chr1	151885549	151886045	151885749	24	3	9	2.38715897049602e-08	9.0330890523127e-07	2.35210410412765e-05	2352.10410412765	2.23314145685682e-06	223.314145685682	2128.78995844197	9.821015903366e-05	0	chr1	107470032	182473766
chr1	155635400	155635859	155635600	24	9	4	1.916568681537e-09	0.000124082661026037	2.35210410412765e-05	2352.10410412765	6.69942437057047e-06	669.942437057047	1682.1616670706	1.05357051019109e-05	0	chr1	32831811	206904130
chr1	155635400	155635859	155635600	24	9	4	1.916568681537e-09	0.000124082661026037	2.35210410412765e-05	2352.10410412765	6.69942437057047e-06	669.942437057047	1682.1616670706	1.05357051019109e-05	0	chr1	107470032	182473766
chr1	169496670	169498102	169497607	26	7	15	1.17590082115981e-09	1.4103814465205e-06	2.54811277947162e-05	2548.11277947162	5.21066339933259e-06	521.066339933259	2027.04643953836	6.87473448826969e-06	0	chr1	32831811	206904130
chr1	169496670	169498102	169497607	26	7	15	1.17590082115981e-09	1.4103814465205e-06	2.54811277947162e-05	2548.11277947162	5.21066339933259e-06	521.066339933259	2027.04643953836	6.87473448826969e-06	0	chr1	107470032	182473766
chr1	180551925	180553241	180552656	24	14	14	1.35476232454579e-08	0.00221806905605282	2.35210410412765e-05	2352.10410412765	1.04213267986652e-05	1042.13267986652	1309.97142426113	5.95382370542562e-05	0	chr1	32831811	206904130
chr1	180551925	180553241	180552656	24	14	14	1.35476232454579e-08	0.00221806905605282	2.35210410412765e-05	2352.10410412765	1.04213267986652e-05	1042.13267986652	1309.97142426113	5.95382370542562e-05	0	chr1	107470032	182473766
chr1	185823847	185825209	185824217	28	35	15	1.55955359737447e-10	0.00370329945442915	2.74412145481559e-05	2744.12145481559	2.60533169966629e-05	2605.33169966629	138.789755149296	1.10172269834945e-06	0	chr1	32831811	206904130
chr1	188371328	188373521	188371915	43	20	30	0	2.91079571557162e-09	4.21418651989537e-05	4214.18651989537	1.48876097123788e-05	1488.76097123788	2725.42554865749	0	0	chr1	32831811	206904130
chr1	203913891	203914953	203914282	22	6	9	1.24116732780344e-07	0.000567262116800138	2.15609542878368e-05	2156.09542878368	4.46628291371365e-06	446.628291371365	1709.46713741231	0.000436011389539911	0	chr1	202335245	206904048
chr1	203913891	203914953	203914282	22	6	9	1.24116732780344e-07	0.000567262116800138	2.15609542878368e-05	2156.09542878368	4.46628291371365e-06	446.628291371365	1709.46713741231	0.000436011389539911	0	chr1	203089124	204145853
chr1	203913891	203914953	203914282	22	6	9	1.24116732780344e-07	0.000567262116800138	2.15609542878368e-05	2156.09542878368	4.46628291371365e-06	446.628291371365	1709.46713741231	0.000436011389539911	0	chr1	32831811	206904130
chr11	73034536	73035328	73034845	22	10	8	4.39264576934661e-08	0.00342178909101409	2.15609542878368e-05	2156.09542878368	7.44380485618941e-06	744.380485618941	1411.71494316474	0.000171725901795128	0	chr11	72786571	73192613
chr12	52330483	52331656	52331294	30	15	6	6.53910259273971e-12	0.00138732008722653	2.94013013015956e-05	2940.13013015956	1.11657072842841e-05	1116.57072842841	1823.55940173115	6.19549583067686e-08	0	chr12	52148665	52372382
chr14	73695713	73697136	73696743	27	6	14	1.29272292870297e-09	6.79603049613675e-07	2.6461171171436e-05	2646.1171171436	4.46628291371365e-06	446.628291371365	2199.48882577224	7.4966009147717e-06	0	chr14	73633680	73785359
chr17	58740898	58741634	58741118	49	23	5	0	6.43923536713942e-09	4.80221254592728e-05	4802.21254592728	1.71207511692356e-05	1712.07511692356	3090.13742900372	0	0	chr17	57342930	72618613
chr17	58740898	58741634	58741118	49	23	5	0	6.43923536713942e-09	4.80221254592728e-05	4802.21254592728	1.71207511692356e-05	1712.07511692356	3090.13742900372	0	0	chr17	58639354	74761272
chr17	59093003	59095705	59094612	75	37	21	0	4.78428408001719e-12	7.3503253253989e-05	7350.3253253989	2.75420779679008e-05	2754.20779679008	4596.11752860882	0	0	chr17	57342930	72618613
chr17	59093003	59095705	59094612	75	37	21	0	4.78428408001719e-12	7.3503253253989e-05	7350.3253253989	2.75420779679008e-05	2754.20779679008	4596.11752860882	0	0	chr17	58639354	74761272
chr17	59621015	59622293	59622029	38	23	18	1.04223537245041e-07	7.87740628928058e-05	3.72416483153544e-05	3724.16483153544	1.71207511692356e-05	1712.07511692356	2012.08971461188	0.000372216915649683	0	chr17	57342930	72618613
chr17	59621015	59622293	59622029	38	23	18	1.04223537245041e-07	7.87740628928058e-05	3.72416483153544e-05	3724.16483153544	1.71207511692356e-05	1712.07511692356	2012.08971461188	0.000372216915649683	0	chr17	58639354	74761272
chr17	59832730	59833500	59833124	51	34	9	0	2.73996867997672e-05	4.99822122127125e-05	4998.22122127125	2.5308936511044e-05	2530.8936511044	2467.32757016685	0	0	chr17	57342930	72618613
chr17	59832730	59833500	59833124	51	34	9	0	2.73996867997672e-05	4.99822122127125e-05	4998.22122127125	2.5308936511044e-05	2530.8936511044	2467.32757016685	0	0	chr17	58639354	74761272
chr17	59962548	59965656	59963324	43	23	19	1.10994281543597e-08	2.87711326574236e-06	4.21418651989537e-05	4214.18651989537	1.71207511692356e-05	1712.07511692356	2502.11140297181	5.03592311121429e-05	0	chr17	57342930	72618613
chr17	59962548	59965656	59963324	43	23	19	1.10994281543597e-08	2.87711326574236e-06	4.21418651989537e-05	4214.18651989537	1.71207511692356e-05	1712.07511692356	2502.11140297181	5.03592311121429e-05	0	chr17	58639354	74761272
chr17	60030854	60031476	60031092	64	48	4	0	2.53266406429198e-05	6.27227761100706e-05	6272.27761100706	3.57302633097092e-05	3573.02633097092	2699.25128003615	0	0	chr17	57342930	72618613
chr17	60030854	60031476	60031092	64	48	4	0	2.53266406429198e-05	6.27227761100706e-05	6272.27761100706	3.57302633097092e-05	3573.02633097092	2699.25128003615	0	0	chr17	58639354	74761272
chr17	61249768	61250932	61250443	35	24	10	1.27685506612352e-09	0.00196505188156948	3.43015181851949e-05	3430.15181851949	1.78651316548546e-05	1786.51316548546	1643.63865303403	7.42452500436184e-06	0	chr17	57342930	72618613
chr17	61249768	61250932	61250443	35	24	10	1.27685506612352e-09	0.00196505188156948	3.43015181851949e-05	3430.15181851949	1.78651316548546e-05	1786.51316548546	1643.63865303403	7.42452500436184e-06	0	chr17	58639354	74761272
chr17	61289911	61290921	61290196	52	38	10	0	0.000353280375346654	5.09622555894324e-05	5096.22555894324	2.82864584535198e-05	2828.64584535198	2267.57971359126	0	0	chr17	57342930	72618613
chr17	61289911	61290921	61290196	52	38	10	0	0.000353280375346654	5.09622555894324e-05	5096.22555894324	2.82864584535198e-05	2828.64584535198	2267.57971359126	0	0	chr17	58639354	74761272
chr17	61360113	61361506	61360713	74	47	13	0	7.03736589002801e-08	7.25232098772692e-05	7252.32098772692	3.49858828240902e-05	3498.58828240902	3753.73270531789	0	0	chr17	57342930	72618613
chr17	61360113	61361506	61360713	74	47	13	0	7.03736589002801e-08	7.25232098772692e-05	7252.32098772692	3.49858828240902e-05	3498.58828240902	3753.73270531789	0	0	chr17	58639354	74761272
chr17	61499548	61500357	61500154	29	22	6	2.02942704863318e-08	0.00731366519371568	2.84212579248758e-05	2842.12579248758	1.63763706836167e-05	1637.63706836167	1204.4887241259	8.53456734686437e-05	0	chr17	61398994	61723584
chr17	61499548	61500357	61500154	29	22	6	2.02942704863318e-08	0.00731366519371568	2.84212579248758e-05	2842.12579248758	1.63763706836167e-05	1637.63706836167	1204.4887241259	8.53456734686437e-05	0	chr17	57342930	72618613
chr17	61499548	61500357	61500154	29	22	6	2.02942704863318e-08	0.00731366519371568	2.84212579248758e-05	2842.12579248758	1.63763706836167e-05	1637.63706836167	1204.4887241259	8.53456734686437e-05	0	chr17	58639354	74761272
chr17	61554911	61555998	61555550	55	43	13	1.11022302462516e-16	0.000307667744665063	5.39023857195919e-05	5390.23857195919	3.20083608816145e-05	3200.83608816145	2189.40248379775	2.48361670735559e-12	0	chr17	61398994	61723584
chr17	61554911	61555998	61555550	55	43	13	1.11022302462516e-16	0.000307667744665063	5.39023857195919e-05	5390.23857195919	3.20083608816145e-05	3200.83608816145	2189.40248379775	2.48361670735559e-12	0	chr17	57342930	72618613
chr17	61554911	61555998	61555550	55	43	13	1.11022302462516e-16	0.000307667744665063	5.39023857195919e-05	5390.23857195919	3.20083608816145e-05	3200.83608816145	2189.40248379775	2.48361670735559e-12	0	chr17	58639354	74761272
chr17	61564123	61565575	61565117	29	15	6	2.13988666786236e-08	0.000148514879384609	2.84212579248758e-05	2842.12579248758	1.11657072842841e-05	1116.57072842841	1725.55506405916	8.93371866853056e-05	0	chr17	61398994	61723584
chr17	61564123	61565575	61565117	29	15	6	2.13988666786236e-08	0.000148514879384609	2.84212579248758e-05	2842.12579248758	1.11657072842841e-05	1116.57072842841	1725.55506405916	8.93371866853056e-05	0	chr17	57342930	72618613
chr17	61564123	61565575	61565117	29	15	6	2.13988666786236e-08	0.000148514879384609	2.84212579248758e-05	2842.12579248758	1.11657072842841e-05	1116.57072842841	1725.55506405916	8.93371866853056e-05	0	chr17	58639354	74761272
chr17	62888083	62889624	62888544	53	29	13	0	9.08321212100827e-06	5.19422989661522e-05	5194.22989661522	2.15870340829493e-05	2158.70340829493	3035.52648832029	0	0	chr17	57342930	72618613
chr17	62888083	62889624	62888544	53	29	13	0	9.08321212100827e-06	5.19422989661522e-05	5194.22989661522	2.15870340829493e-05	2158.70340829493	3035.52648832029	0	0	chr17	58639354	74761272
chr17	62950153	62950877	62950461	35	13	6	7.99360577730113e-15	2.79602042618787e-06	3.43015181851949e-05	3430.15181851949	9.67694631304624e-06	967.694631304624	2462.45718721486	1.34115302197202e-10	0	chr17	57342930	72618613
chr17	62950153	62950877	62950461	35	13	6	7.99360577730113e-15	2.79602042618787e-06	3.43015181851949e-05	3430.15181851949	9.67694631304624e-06	967.694631304624	2462.45718721486	1.34115302197202e-10	0	chr17	58639354	74761272
chr17	66312304	66313650	66313210	24	10	12	1.47418953710954e-08	0.00047576229776547	2.35210410412765e-05	2352.10410412765	7.44380485618941e-06	744.380485618941	1607.72361850871	6.37432036490136e-05	0	chr17	57342930	72618613
chr17	66312304	66313650	66313210	24	10	12	1.47418953710954e-08	0.00047576229776547	2.35210410412765e-05	2352.10410412765	7.44380485618941e-06	744.380485618941	1607.72361850871	6.37432036490136e-05	0	chr17	58639354	74761272
chr17	67246373	67246963	67246760	23	14	2	4.40384362310198e-09	0.00913631465880604	2.25409976645566e-05	2254.09976645566	1.04213267986652e-05	1042.13267986652	1211.96708658915	2.22007612277474e-05	0	chr17	57342930	72618613
chr17	67246373	67246963	67246760	23	14	2	4.40384362310198e-09	0.00913631465880604	2.25409976645566e-05	2254.09976645566	1.04213267986652e-05	1042.13267986652	1211.96708658915	2.22007612277474e-05	0	chr17	58639354	74761272
chr17	67246373	67246963	67246760	23	14	2	4.40384362310198e-09	0.00913631465880604	2.25409976645566e-05	2254.09976645566	1.04213267986652e-05	1042.13267986652	1211.96708658915	2.22007612277474e-05	0	chr17	66952331	67557887
chr17	67990741	67991931	67991490	29	20	14	3.91957133416554e-10	0.00606460727654123	2.84212579248758e-05	2842.12579248758	1.48876097123788e-05	1488.76097123788	1353.36482124969	2.55076358802899e-06	0	chr17	57342930	72618613
chr17	67990741	67991931	67991490	29	20	14	3.91957133416554e-10	0.00606460727654123	2.84212579248758e-05	2842.12579248758	1.48876097123788e-05	1488.76097123788	1353.36482124969	2.55076358802899e-06	0	chr17	58639354	74761272
chr18	9898349	9899501	9899134	29	6	12	1.67790226157649e-11	9.68946612944777e-08	2.84212579248758e-05	2842.12579248758	4.46628291371365e-06	446.628291371365	2395.49750111621	1.46083703435442e-07	0	chr18	346666	13540401
chr18	62485349	62487216	62486108	49	17	13	0	5.47869527522948e-11	4.80221254592728e-05	4802.21254592728	1.2654468255522e-05	1265.4468255522	3536.76572037508	0	0	chr18	62436667	63242154
chr2	101396386	101397265	101396609	23	8	11	1.77146959323693e-08	0.000200259470521824	2.25409976645566e-05	2254.09976645566	5.95504388495153e-06	595.504388495153	1658.59537796051	7.55829059922786e-05	0	chr2	95740307	113382888
chr2	138071767	138072445	138072193	21	8	7	1.26792837229495e-07	0.00053300495052333	2.05809109111169e-05	2058.09109111169	5.95504388495153e-06	595.504388495153	1462.58670261654	0.000444442972651289	0	chr2	132299714	154108920
chr2	138516433	138517311	138516876	21	10	6	9.03256802686769e-08	0.00228808252795276	2.05809109111169e-05	2058.09109111169	7.44380485618941e-06	744.380485618941	1313.71060549275	0.000326932480368607	0	chr2	132299714	154108920
chr2	142863182	142864547	142864002	22	8	13	6.11025747776495e-08	4.16340273895477e-05	2.15609542878368e-05	2156.09542878368	5.95504388495153e-06	595.504388495153	1560.59104028853	0.00022914119958019	0	chr2	132299714	154108920
chr2	148244285	148245249	148244971	32	9	11	5.11812814352197e-14	2.25630393257958e-08	3.13613880550353e-05	3136.13880550353	6.69942437057047e-06	669.942437057047	2466.19636844648	7.36037551344168e-10	0	chr2	132299714	154108920
chr2	236717680	236718495	236718014	28	29	6	1.1209144723523e-10	0.00274456535356382	2.74412145481559e-05	2744.12145481559	2.15870340829493e-05	2158.70340829493	585.41804652066	8.15180457313511e-07	0	chr2	236611287	236818898
chr20	47174132	47174980	47174645	32	16	4	2.58547627751682e-11	0.000248745634284897	3.13613880550353e-05	3136.13880550353	1.19100877699031e-05	1191.00877699031	1945.13002851323	2.1745961678247e-07	0	chr20	47159570	63657538
chr20	47273360	47274772	47274477	50	39	15	1.25888188762247e-12	0.00803976007919049	4.90021688359927e-05	4900.21688359927	2.90308389391387e-05	2903.08389391387	1997.1329896854	1.43106694288169e-08	0	chr20	47159570	63657538
chr20	47452738	47453936	47453470	39	24	8	8.33343394290864e-11	0.00103083585181918	3.82216916920743e-05	3822.16916920743	1.78651316548546e-05	1786.51316548546	2035.65600372197	6.31643312106287e-07	0	chr20	47159570	63657538
chr20	47492925	47494047	47493361	60	45	8	0	0.00206663153250486	5.88026026031912e-05	5880.26026031912	3.34971218528524e-05	3349.71218528524	2530.54807503389	0	0	chr20	47159570	63657538
chr20	47567807	47568705	47568019	33	19	6	4.97247776287679e-09	0.00145090110278134	3.23414314317552e-05	3234.14314317552	1.41432292267599e-05	1414.32292267599	1819.82022049953	2.48042915831906e-05	0	chr20	47159570	63657538
chr20	47598893	47600173	47599702	48	26	12	9.55414636294449e-11	3.34038593208241e-05	4.7042082082553e-05	4704.2082082553	1.93538926260925e-05	1935.38926260925	2768.81894564605	7.15748208211636e-07	0	chr20	47159570	63657538
chr20	47791576	47792309	47792071	48	33	5	0	0.00256670185821339	4.7042082082553e-05	4704.2082082553	2.45645560254251e-05	2456.45560254251	2247.75260571279	0	0	chr20	47159570	63657538
chr20	48064666	48065994	48065276	83	45	15	0	1.89716149356922e-06	8.13436002677478e-05	8134.36002677479	3.34971218528524e-05	3349.71218528524	4784.64784148955	0	0	chr20	47159570	63657538
chr20	51910293	51911615	51910902	50	33	13	0	0.00160596828019366	4.90021688359927e-05	4900.21688359927	2.45645560254251e-05	2456.45560254251	2443.76128105676	0	0	chr20	50727111	54149680
chr20	51910293	51911615	51910902	50	33	13	0	0.00160596828019366	4.90021688359927e-05	4900.21688359927	2.45645560254251e-05	2456.45560254251	2443.76128105676	0	0	chr20	50727403	57158144
chr20	51910293	51911615	51910902	50	33	13	0	0.00160596828019366	4.90021688359927e-05	4900.21688359927	2.45645560254251e-05	2456.45560254251	2443.76128105676	0	0	chr20	47159570	63657538
chr20	53642363	53643443	53642828	72	69	8	0	0.00414746287939549	7.05631231238295e-05	7056.31231238295	5.13622535077069e-05	5136.22535077069	1920.08696161225	0	0	chr20	50727111	54149680
chr20	53642363	53643443	53642828	72	69	8	0	0.00414746287939549	7.05631231238295e-05	7056.31231238295	5.13622535077069e-05	5136.22535077069	1920.08696161225	0	0	chr20	50727403	57158144
chr20	53642363	53643443	53642828	72	69	8	0	0.00414746287939549	7.05631231238295e-05	7056.31231238295	5.13622535077069e-05	5136.22535077069	1920.08696161225	0	0	chr20	47159570	63657538
chr20	53800662	53802064	53801190	69	52	9	0	3.66727306165826e-05	6.76229929936699e-05	6762.29929936699	3.87077852521849e-05	3870.77852521849	2891.5207741485	0	0	chr20	53661555	54149726
chr20	53800662	53802064	53801190	69	52	9	0	3.66727306165826e-05	6.76229929936699e-05	6762.29929936699	3.87077852521849e-05	3870.77852521849	2891.5207741485	0	0	chr20	50727111	54149680
chr20	53800662	53802064	53801190	69	52	9	0	3.66727306165826e-05	6.76229929936699e-05	6762.29929936699	3.87077852521849e-05	3870.77852521849	2891.5207741485	0	0	chr20	50727403	57158144
chr20	53800662	53802064	53801190	69	52	9	0	3.66727306165826e-05	6.76229929936699e-05	6762.29929936699	3.87077852521849e-05	3870.77852521849	2891.5207741485	0	0	chr20	47159570	63657538
chr20	53905426	53906854	53906651	35	14	5	8.66701821422566e-10	1.0557188778737e-06	3.43015181851949e-05	3430.15181851949	1.04213267986652e-05	1042.13267986652	2388.01913865297	5.26781694117927e-06	0	chr20	53661555	54149726
chr20	53905426	53906854	53906651	35	14	5	8.66701821422566e-10	1.0557188778737e-06	3.43015181851949e-05	3430.15181851949	1.04213267986652e-05	1042.13267986652	2388.01913865297	5.26781694117927e-06	0	chr20	50727111	54149680
chr20	53905426	53906854	53906651	35	14	5	8.66701821422566e-10	1.0557188778737e-06	3.43015181851949e-05	3430.15181851949	1.04213267986652e-05	1042.13267986652	2388.01913865297	5.26781694117927e-06	0	chr20	50727403	57158144
chr20	53905426	53906854	53906651	35	14	5	8.66701821422566e-10	1.0557188778737e-06	3.43015181851949e-05	3430.15181851949	1.04213267986652e-05	1042.13267986652	2388.01913865297	5.26781694117927e-06	0	chr20	47159570	63657538
chr20	54132506	54133263	54132894	34	18	6	2.07937844720618e-09	7.04590817747208e-05	3.3321474808475e-05	3332.1474808475	1.33988487411409e-05	1339.88487411409	1992.26260673341	1.13532019082713e-05	0	chr20	53661555	54149726
chr20	54132506	54133263	54132894	34	18	6	2.07937844720618e-09	7.04590817747208e-05	3.3321474808475e-05	3332.1474808475	1.33988487411409e-05	1339.88487411409	1992.26260673341	1.13532019082713e-05	0	chr20	53982721	54149701
chr20	54132506	54133263	54132894	34	18	6	2.07937844720618e-09	7.04590817747208e-05	3.3321474808475e-05	3332.1474808475	1.33988487411409e-05	1339.88487411409	1992.26260673341	1.13532019082713e-05	0	chr20	54102112	54195955
chr20	54132506	54133263	54132894	34	18	6	2.07937844720618e-09	7.04590817747208e-05	3.3321474808475e-05	3332.1474808475	1.33988487411409e-05	1339.88487411409	1992.26260673341	1.13532019082713e-05	0	chr20	54103669	54195947
chr20	54132506	54133263	54132894	34	18	6	2.07937844720618e-09	7.04590817747208e-05	3.3321474808475e-05	3332.1474808475	1.33988487411409e-05	1339.88487411409	1992.26260673341	1.13532019082713e-05	0	chr20	54107946	54149710
chr20	54132506	54133263	54132894	34	18	6	2.07937844720618e-09	7.04590817747208e-05	3.3321474808475e-05	3332.1474808475	1.33988487411409e-05	1339.88487411409	1992.26260673341	1.13532019082713e-05	0	chr20	54110282	54195704
chr20	54132506	54133263	54132894	34	18	6	2.07937844720618e-09	7.04590817747208e-05	3.3321474808475e-05	3332.1474808475	1.33988487411409e-05	1339.88487411409	1992.26260673341	1.13532019082713e-05	0	chr20	54123199	54149861
chr20	54132506	54133263	54132894	34	18	6	2.07937844720618e-09	7.04590817747208e-05	3.3321474808475e-05	3332.1474808475	1.33988487411409e-05	1339.88487411409	1992.26260673341	1.13532019082713e-05	0	chr20	54123431	54197572
chr20	54132506	54133263	54132894	34	18	6	2.07937844720618e-09	7.04590817747208e-05	3.3321474808475e-05	3332.1474808475	1.33988487411409e-05	1339.88487411409	1992.26260673341	1.13532019082713e-05	0	chr20	54126482	54149857
chr20	54132506	54133263	54132894	34	18	6	2.07937844720618e-09	7.04590817747208e-05	3.3321474808475e-05	3332.1474808475	1.33988487411409e-05	1339.88487411409	1992.26260673341	1.13532019082713e-05	0	chr20	50727111	54149680
chr20	54132506	54133263	54132894	34	18	6	2.07937844720618e-09	7.04590817747208e-05	3.3321474808475e-05	3332.1474808475	1.33988487411409e-05	1339.88487411409	1992.26260673341	1.13532019082713e-05	0	chr20	50727403	57158144
chr20	54132506	54133263	54132894	34	18	6	2.07937844720618e-09	7.04590817747208e-05	3.3321474808475e-05	3332.1474808475	1.33988487411409e-05	1339.88487411409	1992.26260673341	1.13532019082713e-05	0	chr20	47159570	63657538
chr20	56813466	56814800	56814521	33	12	15	2.19444042937056e-08	9.82668749172078e-06	3.23414314317552e-05	3234.14314317552	8.93256582742729e-06	893.25658274273	2340.88656043279	9.13313064810002e-05	0	chr20	56758584	56829919
chr20	56813466	56814800	56814521	33	12	15	2.19444042937056e-08	9.82668749172078e-06	3.23414314317552e-05	3234.14314317552	8.93256582742729e-06	893.25658274273	2340.88656043279	9.13313064810002e-05	0	chr20	56758432	56919834
chr20	56813466	56814800	56814521	33	12	15	2.19444042937056e-08	9.82668749172078e-06	3.23414314317552e-05	3234.14314317552	8.93256582742729e-06	893.25658274273	2340.88656043279	9.13313064810002e-05	0	chr20	50727403	57158144
chr20	56813466	56814800	56814521	33	12	15	2.19444042937056e-08	9.82668749172078e-06	3.23414314317552e-05	3234.14314317552	8.93256582742729e-06	893.25658274273	2340.88656043279	9.13313064810002e-05	0	chr20	54148821	57263764
chr20	56813466	56814800	56814521	33	12	15	2.19444042937056e-08	9.82668749172078e-06	3.23414314317552e-05	3234.14314317552	8.93256582742729e-06	893.25658274273	2340.88656043279	9.13313064810002e-05	0	chr20	47159570	63657538
chr20	57710573	57711352	57710879	30	10	10	5.7550575416343e-10	2.29242609247615e-05	2.94013013015956e-05	2940.13013015956	7.44380485618941e-06	744.380485618941	2195.74964454062	3.62090011157877e-06	0	chr20	47159570	63657538
chr20	58111855	58112575	58112102	25	9	6	2.35024844030818e-09	0.00026380920384006	2.45010844179963e-05	2450.10844179963	6.69942437057047e-06	669.942437057047	1780.16600474259	1.25972612499155e-05	0	chr20	47159570	63657538
chr21	15164556	15165523	15164756	24	14	8	6.81688572257144e-09	0.00091687497665538	2.35210410412765e-05	2352.10410412765	1.04213267986652e-05	1042.13267986652	1309.97142426113	3.30218350185259e-05	0	chr21	15132490	15173344
chr21	15164556	15165523	15164756	24	14	8	6.81688572257144e-09	0.00091687497665538	2.35210410412765e-05	2352.10410412765	1.04213267986652e-05	1042.13267986652	1309.97142426113	3.30218350185259e-05	0	chr21	14863030	15210925
chr21	15164556	15165523	15164756	24	14	8	6.81688572257144e-09	0.00091687497665538	2.35210410412765e-05	2352.10410412765	1.04213267986652e-05	1042.13267986652	1309.97142426113	3.30218350185259e-05	0	chr21	15003174	15587501
chr21	15164556	15165523	15164756	24	14	8	6.81688572257144e-09	0.00091687497665538	2.35210410412765e-05	2352.10410412765	1.04213267986652e-05	1042.13267986652	1309.97142426113	3.30218350185259e-05	0	chr21	15005090	15200273
chr21	15164556	15165523	15164756	24	14	8	6.81688572257144e-09	0.00091687497665538	2.35210410412765e-05	2352.10410412765	1.04213267986652e-05	1042.13267986652	1309.97142426113	3.30218350185259e-05	0	chr21	15132570	15211075
chr3	64104625	64105825	64105279	29	20	8	2.65098210050496e-09	0.00690349124345202	2.84212579248758e-05	2842.12579248758	1.48876097123788e-05	1488.76097123788	1353.36482124969	1.40919471643644e-05	0	chr3	64056216	64157800
chr3	64104625	64105825	64105279	29	20	8	2.65098210050496e-09	0.00690349124345202	2.84212579248758e-05	2842.12579248758	1.48876097123788e-05	1488.76097123788	1353.36482124969	1.40919471643644e-05	0	chr3	47910522	111366912
chr3	64316556	64317979	64317417	27	2	6	4.16849010864695e-09	6.87723544778862e-10	2.6461171171436e-05	2646.1171171436	1.48876097123788e-06	148.876097123788	2497.24102001982	2.13144956564587e-05	0	chr3	47910522	111366912
chr3	66473555	66474169	66473873	21	8	7	6.75956176587889e-08	0.000902232981319528	2.05809109111169e-05	2058.09109111169	5.95504388495153e-06	595.504388495153	1462.58670261654	0.000249711699747934	0	chr3	47910522	111366912
chr3	67445172	67445631	67445398	23	11	5	3.30472893494971e-09	0.0016383940938326	2.25409976645566e-05	2254.09976645566	8.18818534180835e-06	818.818534180835	1435.28123227483	1.72259904802084e-05	0	chr3	47910522	111366912
chr3	101440116	101440584	101440351	23	10	5	4.06648126283216e-09	0.000455571780738739	2.25409976645566e-05	2254.09976645566	7.44380485618941e-06	744.380485618941	1509.71928083672	2.08259568905791e-05	0	chr3	47910522	111366912
chr3	101704355	101704823	101704585	23	11	5	6.79123479674359e-09	0.00149410403921779	2.25409976645566e-05	2254.09976645566	8.18818534180835e-06	818.818534180835	1435.28123227483	3.29471233171861e-05	0	chr3	47910522	111366912
chr3	150253288	150254315	150253990	26	4	13	3.63864627317412e-09	5.35258318778986e-08	2.54811277947162e-05	2548.11277947162	2.97752194247576e-06	297.752194247576	2250.36058522404	1.87541185006708e-05	0	chr3	150240469	150737565
chr3	150253288	150254315	150253990	26	4	13	3.63864627317412e-09	5.35258318778986e-08	2.54811277947162e-05	2548.11277947162	2.97752194247576e-06	297.752194247576	2250.36058522404	1.87541185006708e-05	0	chr3	148891665	189682134
chr3	150819378	150819872	150819634	22	12	6	3.83692881911202e-08	0.00244510331855397	2.15609542878368e-05	2156.09542878368	8.93256582742729e-06	893.25658274273	1262.83884604095	0.000152217487143054	0	chr3	150736902	150845323
chr3	150819378	150819872	150819634	22	12	6	3.83692881911202e-08	0.00244510331855397	2.15609542878368e-05	2156.09542878368	8.93256582742729e-06	893.25658274273	1262.83884604095	0.000152217487143054	0	chr3	148891665	189682134
chr3	151855630	151856865	151856491	23	4	12	1.86142199432027e-08	2.80565556642909e-06	2.25409976645566e-05	2254.09976645566	2.97752194247576e-06	297.752194247576	1956.34757220809	7.90023300398898e-05	0	chr3	148891665	189682134
chr3	152018855	152020252	152019846	24	11	16	9.83636105900132e-09	0.00122698799138798	2.35210410412765e-05	2352.10410412765	8.18818534180835e-06	818.818534180835	1533.28556994681	4.54609512288744e-05	0	chr3	148891665	189682134
chr3	153138268	153139413	153139128	39	18	6	0	1.05429356852538e-05	3.82216916920743e-05	3822.16916920743	1.33988487411409e-05	1339.88487411409	2482.28429509334	0	0	chr3	148891665	189682134
chr3	160935060	160935995	160935460	29	24	11	5.5609938875989e-10	0.000290780986205497	2.84212579248758e-05	2842.12579248758	1.78651316548546e-05	1786.51316548546	1055.61262700212	3.5056483702281e-06	0	chr3	148891665	189682134
chr3	163776650	163777671	163776866	23	11	14	1.00481234444061e-08	4.0651614043985e-05	2.25409976645566e-05	2254.09976645566	8.18818534180835e-06	818.818534180835	1435.28123227483	4.61746677213267e-05	0	chr3	148891665	189682134
chr3	171806026	171807596	171806618	36	21	18	1.11022302462516e-15	0.000338678913685331	3.52815615619147e-05	3528.15615619147	1.56319901979978e-05	1563.19901979978	1964.9571363917	2.14156171173177e-11	0	chr3	148891665	189682134
chr3	171806026	171807596	171806618	36	21	18	1.11022302462516e-15	0.000338678913685331	3.52815615619147e-05	3528.15615619147	1.56319901979978e-05	1563.19901979978	1964.9571363917	2.14156171173177e-11	0	chr3	170491463	190459723
chr3	172562921	172563941	172563513	23	9	9	1.29187318620438e-08	0.000246600813402442	2.25409976645566e-05	2254.09976645566	6.69942437057047e-06	669.942437057047	1584.15732939862	5.72429897303164e-05	0	chr3	148891665	189682134
chr3	172562921	172563941	172563513	23	9	9	1.29187318620438e-08	0.000246600813402442	2.25409976645566e-05	2254.09976645566	6.69942437057047e-06	669.942437057047	1584.15732939862	5.72429897303164e-05	0	chr3	170491463	190459723
chr3	175111142	175111597	175111362	20	6	3	1.41013139720592e-07	1.68394851761677e-05	1.96008675343971e-05	1960.08675343971	4.46628291371365e-06	446.628291371365	1513.45846206834	0.000486350695432345	0	chr3	148891665	189682134
chr3	175111142	175111597	175111362	20	6	3	1.41013139720592e-07	1.68394851761677e-05	1.96008675343971e-05	1960.08675343971	4.46628291371365e-06	446.628291371365	1513.45846206834	0.000486350695432345	0	chr3	170491463	190459723
chr3	183609316	183609810	183609551	24	13	5	1.49385803727142e-09	0.0029462884027287	2.35210410412765e-05	2352.10410412765	9.67694631304624e-06	967.694631304624	1384.40947282302	8.47223175616197e-06	0	chr3	148891665	189682134
chr3	183609316	183609810	183609551	24	13	5	1.49385803727142e-09	0.0029462884027287	2.35210410412765e-05	2352.10410412765	9.67694631304624e-06	967.694631304624	1384.40947282302	8.47223175616197e-06	0	chr3	170491463	190459723
chr3	185562643	185563529	185563300	27	9	6	4.29765112386349e-11	9.0979152048698e-06	2.6461171171436e-05	2646.1171171436	6.69942437057047e-06	669.942437057047	1976.17468008656	3.51375737732199e-07	0	chr3	148891665	189682134
chr3	185562643	185563529	185563300	27	9	6	4.29765112386349e-11	9.0979152048698e-06	2.6461171171436e-05	2646.1171171436	6.69942437057047e-06	669.942437057047	1976.17468008656	3.51375737732199e-07	0	chr3	170491463	190459723
chr3	187913587	187914539	187914187	26	14	6	1.63074664882856e-10	0.00566558075644319	2.54811277947162e-05	2548.11277947162	1.04213267986652e-05	1042.13267986652	1505.9800996051	1.14698529939535e-06	0	chr3	148891665	189682134
chr3	187913587	187914539	187914187	26	14	6	1.63074664882856e-10	0.00566558075644319	2.54811277947162e-05	2548.11277947162	1.04213267986652e-05	1042.13267986652	1505.9800996051	1.14698529939535e-06	0	chr3	170491463	190459723
chr4	25568102	25568832	25568418	23	7	8	7.94170962326035e-09	4.07517928620038e-05	2.25409976645566e-05	2254.09976645566	5.21066339933259e-06	521.066339933259	1733.0334265224	3.76639237705926e-05	0	chr4	23800986	120352709
chr4	28092342	28093627	28093130	29	11	12	1.37068134620222e-11	1.28879124039472e-08	2.84212579248758e-05	2842.12579248758	8.18818534180835e-06	818.818534180835	2023.30725830674	1.21973298042479e-07	0	chr4	23800986	120352709
chr4	48292893	48293361	48293128	22	9	4	1.18329459564137e-08	0.000247062536122278	2.15609542878368e-05	2156.09542878368	6.69942437057047e-06	669.942437057047	1486.15299172663	5.31631322079856e-05	0	chr4	23800986	120352709
chr4	48800941	48802340	48801951	28	8	20	6.34849950387206e-11	6.01961256174732e-07	2.74412145481559e-05	2744.12145481559	5.95504388495153e-06	595.504388495153	2148.61706632044	4.98797270458591e-07	0	chr4	23800986	120352709
chr4	72129746	72130205	72129976	26	8	4	5.73361358391367e-11	3.58615722162448e-06	2.54811277947162e-05	2548.11277947162	5.95504388495153e-06	595.504388495153	1952.60839097647	4.53806640040089e-07	0	chr4	23800986	120352709
chr4	74545753	74546648	74546249	27	16	14	1.44973111293467e-09	0.000136820521480785	2.6461171171436e-05	2646.1171171436	1.19100877699031e-05	1191.00877699031	1455.1083401533	8.26638868504751e-06	0	chr4	23800986	120352709
chr4	76702458	76703954	76703213	24	7	13	1.65311699884541e-08	1.68686248352978e-05	2.35210410412765e-05	2352.10410412765	5.21066339933259e-06	521.066339933259	1831.03776419439	7.10982005246282e-05	0	chr4	23800986	120352709
chr4	90950464	90951987	90951301	21	5	13	7.14441331650661e-08	2.19596324336768e-05	2.05809109111169e-05	2058.09109111169	3.72190242809471e-06	372.190242809471	1685.90084830222	0.000262723729244544	0	chr4	23800986	120352709
chr4	95746938	95747890	95747595	25	4	10	3.38707284441853e-10	6.6803102494184e-08	2.45010844179963e-05	2450.10844179963	2.97752194247576e-06	297.752194247576	2152.35624755206	2.24801972266619e-06	0	chr4	23800986	120352709
chr4	99561078	99561663	99561350	25	2	7	4.42143543999407e-10	1.0279275541869e-08	2.45010844179963e-05	2450.10844179963	1.48876097123788e-06	148.876097123788	2301.23234467585	2.83160152746349e-06	0	chr4	23800986	120352709
chr4	119343054	119343864	119343284	23	11	9	6.77833922324567e-09	0.000732519912881813	2.25409976645566e-05	2254.09976645566	8.18818534180835e-06	818.818534180835	1435.28123227483	3.29341611313554e-05	0	chr4	23800986	120352709
chr4	119343054	119343864	119343284	23	11	9	6.77833922324567e-09	0.000732519912881813	2.25409976645566e-05	2254.09976645566	8.18818534180835e-06	818.818534180835	1435.28123227483	3.29341611313554e-05	0	chr4	115536820	182657468
chr4	156305284	156306115	156305514	38	17	6	0	2.98969532452897e-06	3.72416483153544e-05	3724.16483153544	1.2654468255522e-05	1265.4468255522	2458.71800598324	0	0	chr4	145103688	176576385
chr4	156305284	156306115	156305514	38	17	6	0	2.98969532452897e-06	3.72416483153544e-05	3724.16483153544	1.2654468255522e-05	1265.4468255522	2458.71800598324	0	0	chr4	115536820	182657468
chr4	171203039	171203995	171203672	40	18	11	0	7.132859836112e-08	3.92017350687941e-05	3920.17350687941	1.33988487411409e-05	1339.88487411409	2580.28863276532	0	0	chr4	145103688	176576385
chr4	171203039	171203995	171203672	40	18	11	0	7.132859836112e-08	3.92017350687941e-05	3920.17350687941	1.33988487411409e-05	1339.88487411409	2580.28863276532	0	0	chr4	115536820	182657468
chr4	172393226	172394212	172393481	24	16	18	3.65046570749428e-09	0.000612606463587073	2.35210410412765e-05	2352.10410412765	1.19100877699031e-05	1191.00877699031	1161.09532713734	1.87849816343627e-05	0	chr4	145103688	176576385
chr4	172393226	172394212	172393481	24	16	18	3.65046570749428e-09	0.000612606463587073	2.35210410412765e-05	2352.10410412765	1.19100877699031e-05	1191.00877699031	1161.09532713734	1.87849816343627e-05	0	chr4	115536820	182657468
chr4	180944228	180944687	180944458	20	10	4	9.30015751077207e-08	0.0022942490886223	1.96008675343971e-05	1960.08675343971	7.44380485618941e-06	744.380485618941	1215.70626782077	0.000335486987637912	0	chr4	115536820	182657468
chr5	133434214	133434704	133434501	21	6	6	7.25698772185979e-08	9.80948908559931e-05	2.05809109111169e-05	2058.09109111169	4.46628291371365e-06	446.628291371365	1611.46279974033	0.000266255573370288	0	chr5	133249414	134037876
chr6	13508787	13509863	13509200	24	8	15	9.6634191759648e-09	3.80300039503068e-05	2.35210410412765e-05	2352.10410412765	5.95504388495153e-06	595.504388495153	1756.5997156325	4.48547234223931e-05	0	chr6	11067071	17389939
chr6	125387663	125388157	125387919	21	13	5	8.80642595513237e-08	0.00242128428432331	2.05809109111169e-05	2058.09109111169	9.67694631304624e-06	967.694631304624	1090.39645980707	0.000319825364139324	0	chr6	125202308	125585589
chr8	51535262	51535756	51535497	25	15	5	2.8645963379148e-10	0.00436946280951123	2.45010844179963e-05	2450.10844179963	1.11657072842841e-05	1116.57072842841	1333.53771337122	1.91847078926635e-06	0	chr8	28738807	116703824
chr8	61782564	61783251	61782928	26	4	8	1.03606900836439e-10	4.503210371265e-08	2.54811277947162e-05	2548.11277947162	2.97752194247576e-06	297.752194247576	2250.36058522404	7.67248876216683e-07	0	chr8	28738807	116703824
chr8	64686673	64687141	64686908	21	12	5	2.84086510982107e-08	0.00478617033734563	2.05809109111169e-05	2058.09109111169	8.93256582742729e-06	893.25658274273	1164.83450836896	0.000115111925718254	0	chr8	28738807	116703824
chr8	68934954	68936002	68935249	32	33	16	1.26687549339977e-12	0.00108134736937804	3.13613880550353e-05	3136.13880550353	2.45645560254251e-05	2456.45560254251	679.683202961026	1.43194359145944e-08	0	chr8	68854156	69112229
chr8	68934954	68936002	68935249	32	33	16	1.26687549339977e-12	0.00108134736937804	3.13613880550353e-05	3136.13880550353	2.45645560254251e-05	2456.45560254251	679.683202961026	1.43194359145944e-08	0	chr8	28738807	116703824
chr8	90586884	90588108	90587682	40	29	18	1.98729921407903e-14	3.54165854199451e-07	3.92017350687941e-05	3920.17350687941	2.15870340829493e-05	2158.70340829493	1761.47009858449	3.06304805018171e-10	0	chr8	80870085	121381656
chr8	90586884	90588108	90587682	40	29	18	1.98729921407903e-14	3.54165854199451e-07	3.92017350687941e-05	3920.17350687941	2.15870340829493e-05	2158.70340829493	1761.47009858449	3.06304805018171e-10	0	chr8	28738807	116703824
chr8	92052458	92053988	92053702	29	14	19	1.20801146863414e-11	0.000188134746221369	2.84212579248758e-05	2842.12579248758	1.04213267986652e-05	1042.13267986652	1799.99311262106	1.08698829061252e-07	0	chr8	80870085	121381656
chr8	92052458	92053988	92053702	29	14	19	1.20801146863414e-11	0.000188134746221369	2.84212579248758e-05	2842.12579248758	1.04213267986652e-05	1042.13267986652	1799.99311262106	1.08698829061252e-07	0	chr8	28738807	116703824
chr8	97424036	97425182	97424329	25	4	11	3.44108697092338e-09	1.06748180453975e-05	2.45010844179963e-05	2450.10844179963	2.97752194247576e-06	297.752194247576	2152.35624755206	1.78788999759488e-05	0	chr8	80870085	121381656
chr8	97424036	97425182	97424329	25	4	11	3.44108697092338e-09	1.06748180453975e-05	2.45010844179963e-05	2450.10844179963	2.97752194247576e-06	297.752194247576	2152.35624755206	1.78788999759488e-05	0	chr8	28738807	116703824
chr8	99798831	99800353	99799256	29	24	24	3.72647024349249e-10	0.00734308137565898	2.84212579248758e-05	2842.12579248758	1.78651316548546e-05	1786.51316548546	1055.61262700212	2.43493612720336e-06	0	chr8	80870085	121381656
chr8	99798831	99800353	99799256	29	24	24	3.72647024349249e-10	0.00734308137565898	2.84212579248758e-05	2842.12579248758	1.78651316548546e-05	1786.51316548546	1055.61262700212	2.43493612720336e-06	0	chr8	28738807	116703824
chr8	101009705	101010624	101009905	23	4	4	4.36792328972757e-08	7.44358475857076e-07	2.25409976645566e-05	2254.09976645566	2.97752194247576e-06	297.752194247576	1956.34757220809	0.000170966886342377	0	chr8	100952791	101121250
chr8	101009705	101010624	101009905	23	4	4	4.36792328972757e-08	7.44358475857076e-07	2.25409976645566e-05	2254.09976645566	2.97752194247576e-06	297.752194247576	1956.34757220809	0.000170966886342377	0	chr8	80870085	121381656
chr8	101009705	101010624	101009905	23	4	4	4.36792328972757e-08	7.44358475857076e-07	2.25409976645566e-05	2254.09976645566	2.97752194247576e-06	297.752194247576	1956.34757220809	0.000170966886342377	0	chr8	28738807	116703824
chr8	102928876	102929562	102929102	24	9	6	8.03948074779015e-09	0.00399822264758243	2.35210410412765e-05	2352.10410412765	6.69942437057047e-06	669.942437057047	1682.1616670706	3.80292466828896e-05	0	chr8	80870085	121381656
chr8	102928876	102929562	102929102	24	9	6	8.03948074779015e-09	0.00399822264758243	2.35210410412765e-05	2352.10410412765	6.69942437057047e-06	669.942437057047	1682.1616670706	3.80292466828896e-05	0	chr8	28738807	116703824
chr8	109228736	109229673	109229238	23	11	9	1.18864087461645e-08	0.00141038550985007	2.25409976645566e-05	2254.09976645566	8.18818534180835e-06	818.818534180835	1435.28123227483	5.33289522607063e-05	0	chr8	80870085	121381656
chr8	109228736	109229673	109229238	23	11	9	1.18864087461645e-08	0.00141038550985007	2.25409976645566e-05	2254.09976645566	8.18818534180835e-06	818.818534180835	1435.28123227483	5.33289522607063e-05	0	chr8	28738807	116703824
chr8	124138240	124138965	124138451	25	11	4	9.09661679315832e-10	0.00179260836266792	2.45010844179963e-05	2450.10844179963	8.18818534180835e-06	818.818534180835	1631.2899076188	5.48751193515097e-06	0	chr8	121150792	127860092
chr8	124138240	124138965	124138451	25	11	4	9.09661679315832e-10	0.00179260836266792	2.45010844179963e-05	2450.10844179963	8.18818534180835e-06	818.818534180835	1631.2899076188	5.48751193515097e-06	0	chr8	123975292	127626145
chr8	125606490	125606980	125606761	31	10	3	1.45994327738208e-13	1.00481163860522e-05	3.03813446783155e-05	3038.13446783155	7.44380485618941e-06	744.380485618941	2293.75398221261	1.96777263474835e-09	0	chr8	121150792	127860092
chr8	125606490	125606980	125606761	31	10	3	1.45994327738208e-13	1.00481163860522e-05	3.03813446783155e-05	3038.13446783155	7.44380485618941e-06	744.380485618941	2293.75398221261	1.96777263474835e-09	0	chr8	123975292	127626145
chr8	126546739	126547390	126547187	22	4	3	1.42453782103757e-08	7.021988957856e-06	2.15609542878368e-05	2156.09542878368	2.97752194247576e-06	297.752194247576	1858.3432345361	6.18453303705771e-05	0	chr8	121150792	127860092
chr8	126546739	126547390	126547187	22	4	3	1.42453782103757e-08	7.021988957856e-06	2.15609542878368e-05	2156.09542878368	2.97752194247576e-06	297.752194247576	1858.3432345361	6.18453303705771e-05	0	chr8	123975292	127626145
chr8	127317425	127317893	127317660	25	11	5	6.37087049781826e-10	0.000604478114564433	2.45010844179963e-05	2450.10844179963	8.18818534180835e-06	818.818534180835	1631.2899076188	3.98500052644328e-06	0	chr8	121150792	127860092
chr8	127317425	127317893	127317660	25	11	5	6.37087049781826e-10	0.000604478114564433	2.45010844179963e-05	2450.10844179963	8.18818534180835e-06	818.818534180835	1631.2899076188	3.98500052644328e-06	0	chr8	123975292	127626145
