chr1	108215809	108217313	108217004	71	60	14	0	5.81356052187232e-08	6.95830797471096e-05	6958.30797471096	4.46628291371365e-05	4466.28291371365	2492.02506099731	0	0	chr1	107420305	111513703
chr1	108234545	108235746	108234986	33	20	11	5.65014701692235e-12	6.44588844422866e-06	3.23414314317552e-05	3234.14314317552	1.48876097123788e-05	1488.76097123788	1745.38217193763	5.49880842652165e-08	0	chr1	107420305	111513703
chr1	108381470	108382920	108382305	25	19	4	1.71369674006883e-09	0.00118518384693123	2.45010844179963e-05	2450.10844179963	1.41432292267599e-05	1414.32292267599	1035.78551912365	9.55087073364497e-06	0	chr1	107420305	111513703
chr1	108458159	108459557	108459259	52	23	11	0	1.81010761934886e-12	5.09622555894324e-05	5096.22555894324	1.71207511692356e-05	1712.07511692356	3384.15044201967	0	0	chr1	107420305	111513703
chr1	109214503	109215453	109214816	26	7	6	4.51704229575967e-10	3.0047583043924e-06	2.54811277947162e-05	2548.11277947162	5.21066339933259e-06	521.066339933259	2027.04643953836	2.88709088553711e-06	0	chr1	107420305	111513703
chr1	148894428	148895406	148895113	28	19	8	7.91669674260476e-09	0.00165356056437005	2.74412145481559e-05	2744.12145481559	1.41432292267599e-05	1414.32292267599	1329.7985321396	3.76141411773096e-05	0	chr1	148853759	148895643
chr10	29159877	29160538	29160120	31	18	5	4.85611550971043e-13	0.00108377501611401	3.03813446783155e-05	3038.13446783155	1.33988487411409e-05	1339.88487411409	1698.24959371745	5.88090558206076e-09	0	chr10	29149742	29164375
chr10	93548196	93549182	93548943	32	26	8	8.39328606616618e-14	0.00393683691877555	3.13613880550353e-05	3136.13880550353	1.93538926260925e-05	1935.38926260925	1200.74954289428	1.18586161942789e-09	0	chr10	93435110	100884009
chr11	24446070	24446529	24446296	30	14	3	2.68229882749438e-13	3.3339958772638e-05	2.94013013015956e-05	2940.13013015956	1.04213267986652e-05	1042.13267986652	1897.99745029304	3.44532059190262e-09	0	chr11	16956651	76773158
chr11	46947290	46948219	46947645	24	10	9	5.80771841729444e-09	0.00472742553853067	2.35210410412765e-05	2352.10410412765	7.44380485618941e-06	744.380485618941	1607.72361850871	2.85628202470292e-05	0	chr11	16956651	76773158
chr11	61655531	61656061	61655761	23	3	5	1.36192510602484e-08	3.78938159366626e-05	2.25409976645566e-05	2254.09976645566	2.23314145685682e-06	223.314145685682	2030.78562076998	5.96901570733643e-05	0	chr11	16956651	76773158
chr11	63528493	63528952	63528723	34	6	4	1.88737914186277e-15	1.31349586762752e-09	3.3321474808475e-05	3332.1474808475	4.46628291371365e-06	446.628291371365	2885.51918947614	3.51438942173785e-11	0	chr11	16956651	76773158
chr11	63530836	63531295	63531066	23	3	4	5.41263567299666e-09	7.17453648713118e-07	2.25409976645566e-05	2254.09976645566	2.23314145685682e-06	223.314145685682	2030.78562076998	2.67013026403099e-05	0	chr11	16956651	76773158
chr11	72164287	72164817	72164584	29	10	4	2.27462493285202e-12	0.000108753438869069	2.84212579248758e-05	2842.12579248758	7.44380485618941e-06	744.380485618941	2097.74530686863	2.47545433460925e-08	0	chr11	16956651	76773158
chr11	73034536	73035328	73034845	22	10	8	4.39264576934661e-08	0.00342178909101409	2.15609542878368e-05	2156.09542878368	7.44380485618941e-06	744.380485618941	1411.71494316474	0.000171725901795128	0	chr11	72786412	73197600
chr11	73034536	73035328	73034845	22	10	8	4.39264576934661e-08	0.00342178909101409	2.15609542878368e-05	2156.09542878368	7.44380485618941e-06	744.380485618941	1411.71494316474	0.000171725901795128	0	chr11	16956651	76773158
chr12	52330483	52331656	52331294	30	15	6	6.53910259273971e-12	0.00138732008722653	2.94013013015956e-05	2940.13013015956	1.11657072842841e-05	1116.57072842841	1823.55940173115	6.19549583067686e-08	0	chr12	52148508	52972176
chr12	88299507	88301914	88300061	37	2	23	2.33146835171283e-15	2.55351295663786e-15	3.62616049386346e-05	3626.16049386346	1.48876097123788e-06	148.876097123788	3477.28439673967	4.24319600171938e-11	0	chr12	88181895	88459578
chr12	118059088	118060284	118059764	39	18	9	0	1.6137521681614e-05	3.82216916920743e-05	3822.16916920743	1.33988487411409e-05	1339.88487411409	2482.28429509334	0	0	chr12	116390521	121749439
chr12	120473918	120474788	120474522	21	11	6	1.29228675982418e-07	0.00782496834588342	2.05809109111169e-05	2058.09109111169	8.18818534180835e-06	818.818534180835	1239.27255693086	0.000451507333564592	0	chr12	116390521	121749439
chr14	73695713	73697136	73696743	27	6	14	1.29272292870297e-09	6.79603049613675e-07	2.6461171171436e-05	2646.1171171436	4.46628291371365e-06	446.628291371365	2199.48882577224	7.4966009147717e-06	0	chr14	73601971	73785499
chr15	96052978	96054149	96053566	27	22	16	1.38686675477118e-08	0.00106800066294244	2.6461171171436e-05	2646.1171171436	1.63763706836167e-05	1637.63706836167	1008.48004878193	6.05362076632533e-05	0	chr15	95894492	96103779
chr15	96052978	96054149	96053566	27	22	16	1.38686675477118e-08	0.00106800066294244	2.6461171171436e-05	2646.1171171436	1.63763706836167e-05	1637.63706836167	1008.48004878193	6.05362076632533e-05	0	chr15	95911226	96103851
chr17	54977254	54978401	54978148	21	7	10	6.96442544745324e-08	0.000445386688117888	2.05809109111169e-05	2058.09109111169	5.21066339933259e-06	521.066339933259	1537.02475117843	0.000256691032033752	0	chr17	50784850	58640231
chr17	59621015	59622293	59622029	38	23	18	1.04223537245041e-07	7.87740628928058e-05	3.72416483153544e-05	3724.16483153544	1.71207511692356e-05	1712.07511692356	2012.08971461188	0.000372216915649683	0	chr17	58639402	61723960
chr17	60030854	60031476	60031092	64	48	4	0	2.53266406429198e-05	6.27227761100706e-05	6272.27761100706	3.57302633097092e-05	3573.02633097092	2699.25128003615	0	0	chr17	58639402	61723960
chr17	60115068	60115690	60115449	52	48	4	0	0.00804163740312758	5.09622555894324e-05	5096.22555894324	3.57302633097092e-05	3573.02633097092	1523.19922797232	0	0	chr17	58639402	61723960
chr17	61249768	61250932	61250443	35	24	10	1.27685506612352e-09	0.00196505188156948	3.43015181851949e-05	3430.15181851949	1.78651316548546e-05	1786.51316548546	1643.63865303403	7.42452500436184e-06	0	chr17	58639402	61723960
chr17	61360113	61361506	61360713	74	47	13	0	7.03736589002801e-08	7.25232098772692e-05	7252.32098772692	3.49858828240902e-05	3498.58828240902	3753.73270531789	0	0	chr17	58639402	61723960
chr17	61499548	61500357	61500154	29	22	6	2.02942704863318e-08	0.00731366519371568	2.84212579248758e-05	2842.12579248758	1.63763706836167e-05	1637.63706836167	1204.4887241259	8.53456734686437e-05	0	chr17	58639402	61723960
chr17	61517038	61519774	61518045	57	38	29	7.56879303676072e-09	7.69012413270875e-06	5.58624724730317e-05	5586.24724730317	2.82864584535198e-05	2828.64584535198	2757.60140195119	3.62283371450592e-05	0	chr17	58639402	61723960
chr17	61554911	61555998	61555550	55	43	13	1.11022302462516e-16	0.000307667744665063	5.39023857195919e-05	5390.23857195919	3.20083608816145e-05	3200.83608816145	2189.40248379775	2.48361670735559e-12	0	chr17	58639402	61723960
chr17	61564123	61565575	61565117	29	15	6	2.13988666786236e-08	0.000148514879384609	2.84212579248758e-05	2842.12579248758	1.11657072842841e-05	1116.57072842841	1725.55506405916	8.93371866853056e-05	0	chr17	58639402	61723960
chr17	61724911	61726217	61725214	93	96	16	0	0.00682755014023373	9.11440340349464e-05	9114.40340349464	7.14605266194184e-05	7146.05266194184	1968.3507415528	0	0	chr17	61722773	61839678
chr17	61724911	61726217	61725214	93	96	16	0	0.00682755014023373	9.11440340349464e-05	9114.40340349464	7.14605266194184e-05	7146.05266194184	1968.3507415528	0	0	chr17	58639402	61723960
chr18	32619210	32619804	32619526	22	6	5	1.21204113412432e-08	2.26844469319865e-05	2.15609542878368e-05	2156.09542878368	4.46628291371365e-06	446.628291371365	1709.46713741231	5.42277640428098e-05	0	chr18	23722424	63241812
chr18	35458445	35459683	35459220	21	13	8	7.20684386612547e-08	0.00702951826031506	2.05809109111169e-05	2058.09109111169	9.67694631304624e-06	967.694631304624	1090.39645980707	0.000264717318510745	0	chr18	23722424	63241812
chr18	49203406	49204186	49203632	26	13	8	1.45420564479082e-10	0.00116430282715696	2.54811277947162e-05	2548.11277947162	9.67694631304624e-06	967.694631304624	1580.418148167	1.04099860448928e-06	0	chr18	23722424	63241812
chr18	49203406	49204186	49203632	26	13	8	1.45420564479082e-10	0.00116430282715696	2.54811277947162e-05	2548.11277947162	9.67694631304624e-06	967.694631304624	1580.418148167	1.04099860448928e-06	0	chr18	48982811	63255318
chr18	54344118	54344586	54344353	21	10	5	4.96588408172016e-08	0.000476831523075982	2.05809109111169e-05	2058.09109111169	7.44380485618941e-06	744.380485618941	1313.71060549275	0.000190438225709245	0	chr18	23722424	63241812
chr18	54344118	54344586	54344353	21	10	5	4.96588408172016e-08	0.000476831523075982	2.05809109111169e-05	2058.09109111169	7.44380485618941e-06	744.380485618941	1313.71060549275	0.000190438225709245	0	chr18	48982811	63255318
chr2	57079783	57080505	57080066	21	11	8	7.76309670991182e-08	0.000439946384727552	2.05809109111169e-05	2058.09109111169	8.18818534180835e-06	818.818534180835	1239.27255693086	0.000283854591165729	0	chr2	47206051	208130341
chr2	57140213	57141399	57140721	23	6	13	1.54753806436148e-08	1.9211377290107e-06	2.25409976645566e-05	2254.09976645566	4.46628291371365e-06	446.628291371365	1807.4714750843	6.6825058489629e-05	0	chr2	47206051	208130341
chr2	58010336	58011389	58010934	30	8	11	7.5905948193622e-13	6.72269222512512e-08	2.94013013015956e-05	2940.13013015956	5.95504388495153e-06	595.504388495153	2344.62574166441	8.98966981492421e-09	0	chr2	47206051	208130341
chr2	74794453	74795568	74795330	27	14	9	1.51624490740687e-10	0.000732127237623503	2.6461171171436e-05	2646.1171171436	1.04213267986652e-05	1042.13267986652	1603.98443727709	1.07822150165913e-06	0	chr2	47206051	208130341
chr2	85053536	85054921	85054306	23	4	17	6.36291499489516e-08	1.66314364435927e-06	2.25409976645566e-05	2254.09976645566	2.97752194247576e-06	297.752194247576	1956.34757220809	0.000237785676513754	0	chr2	47206051	208130341
chr2	101396386	101397265	101396609	23	8	11	1.77146959323693e-08	0.000200259470521824	2.25409976645566e-05	2254.09976645566	5.95504388495153e-06	595.504388495153	1658.59537796051	7.55829059922786e-05	0	chr2	47206051	208130341
chr2	113307870	113308474	113308090	23	3	5	4.36051195151776e-09	6.20520428606941e-06	2.25409976645566e-05	2254.09976645566	2.23314145685682e-06	223.314145685682	2030.78562076998	2.20167716158717e-05	0	chr2	47206051	208130341
chr2	129864235	129865205	129865002	25	15	7	7.66323671186342e-10	0.00297339038909117	2.45010844179963e-05	2450.10844179963	1.11657072842841e-05	1116.57072842841	1333.53771337122	4.71105081600525e-06	0	chr2	47206051	208130341
chr2	138516433	138517311	138516876	21	10	6	9.03256802686769e-08	0.00228808252795276	2.05809109111169e-05	2058.09109111169	7.44380485618941e-06	744.380485618941	1313.71060549275	0.000326932480368607	0	chr2	47206051	208130341
chr2	141501478	141502763	141502359	43	55	12	0	6.69544045668324e-05	4.21418651989537e-05	4214.18651989537	4.09409267090418e-05	4094.09267090418	120.093848991195	0	0	chr2	47206051	208130341
chr2	142863182	142864547	142864002	22	8	13	6.11025747776495e-08	4.16340273895477e-05	2.15609542878368e-05	2156.09542878368	5.95504388495153e-06	595.504388495153	1560.59104028853	0.00022914119958019	0	chr2	47206051	208130341
chr2	148244285	148245249	148244971	32	9	11	5.11812814352197e-14	2.25630393257958e-08	3.13613880550353e-05	3136.13880550353	6.69942437057047e-06	669.942437057047	2466.19636844648	7.36037551344168e-10	0	chr2	47206051	208130341
chr2	156450665	156451133	156450895	21	13	4	4.79699030497827e-08	0.00310275458676768	2.05809109111169e-05	2058.09109111169	9.67694631304624e-06	967.694631304624	1090.39645980707	0.000185284728333565	0	chr2	47206051	208130341
chr2	162554421	162555821	162555387	28	13	12	5.16300335817732e-11	2.24199940086489e-05	2.74412145481559e-05	2744.12145481559	9.67694631304624e-06	967.694631304624	1776.42682351097	4.13726357309394e-07	0	chr2	47206051	208130341
chr2	163856143	163857397	163857125	37	13	13	5.55111512312578e-16	1.9576862353432e-10	3.62616049386346e-05	3626.16049386346	9.67694631304624e-06	967.694631304624	2658.46586255883	1.16117144759482e-11	0	chr2	163840182	163857426
chr2	163856143	163857397	163857125	37	13	13	5.55111512312578e-16	1.9576862353432e-10	3.62616049386346e-05	3626.16049386346	9.67694631304624e-06	967.694631304624	2658.46586255883	1.16117144759482e-11	0	chr2	47206051	208130341
chr2	169785028	169785487	169785258	21	12	5	4.91414380299204e-08	0.00317059968555478	2.05809109111169e-05	2058.09109111169	8.93256582742729e-06	893.25658274273	1164.83450836896	0.000189129484188984	0	chr2	47206051	208130341
chr2	173652802	173653283	173653002	23	11	4	4.97419161415991e-09	0.00249731097049644	2.25409976645566e-05	2254.09976645566	8.18818534180835e-06	818.818534180835	1435.28123227483	2.48042915831906e-05	0	chr2	47206051	208130341
chr2	191214378	191215782	191215142	32	23	20	3.05488967455858e-12	0.00262891770083029	3.13613880550353e-05	3136.13880550353	1.71207511692356e-05	1712.07511692356	1424.06368857997	3.23711987303352e-08	0	chr2	47206051	208130341
chr2	191214378	191215782	191215142	32	23	20	3.05488967455858e-12	0.00262891770083029	3.13613880550353e-05	3136.13880550353	1.71207511692356e-05	1712.07511692356	1424.06368857997	3.23711987303352e-08	0	chr2	190785951	215980283
chr2	197922014	197922482	197922244	21	12	5	3.89065439865277e-08	0.000895681687280492	2.05809109111169e-05	2058.09109111169	8.93256582742729e-06	893.25658274273	1164.83450836896	0.000153969636632247	0	chr2	47206051	208130341
chr2	197922014	197922482	197922244	21	12	5	3.89065439865277e-08	0.000895681687280492	2.05809109111169e-05	2058.09109111169	8.93256582742729e-06	893.25658274273	1164.83450836896	0.000153969636632247	0	chr2	190785951	215980283
chr2	207036800	207037268	207037035	28	16	4	5.72986103009043e-12	0.00036935321449405	2.74412145481559e-05	2744.12145481559	1.19100877699031e-05	1191.00877699031	1553.11267782528	5.54289549261068e-08	0	chr2	47206051	208130341
chr2	207036800	207037268	207037035	28	16	4	5.72986103009043e-12	0.00036935321449405	2.74412145481559e-05	2744.12145481559	1.19100877699031e-05	1191.00877699031	1553.11267782528	5.54289549261068e-08	0	chr2	190785951	215980283
chr2	209495068	209496585	209496309	38	14	11	0	1.04276822177063e-07	3.72416483153544e-05	3724.16483153544	1.04213267986652e-05	1042.13267986652	2682.03215166893	0	0	chr2	190785951	215980283
chr2	212912129	212913445	212912537	26	15	11	3.06798586535706e-10	0.000297438428910946	2.54811277947162e-05	2548.11277947162	1.11657072842841e-05	1116.57072842841	1431.54205104321	2.04194870319856e-06	0	chr2	190785951	215980283
chr2	213175628	213176233	213175938	21	8	9	7.80096141017594e-08	8.41551423526044e-05	2.05809109111169e-05	2058.09109111169	5.95504388495153e-06	595.504388495153	1462.58670261654	0.000284915698763934	0	chr2	190785951	215980283
chr20	47174132	47174980	47174645	32	16	4	2.58547627751682e-11	0.000248745634284897	3.13613880550353e-05	3136.13880550353	1.19100877699031e-05	1191.00877699031	1945.13002851323	2.1745961678247e-07	0	chr20	47140963	55582783
chr20	47273360	47274772	47274477	50	39	15	1.25888188762247e-12	0.00803976007919049	4.90021688359927e-05	4900.21688359927	2.90308389391387e-05	2903.08389391387	1997.1329896854	1.43106694288169e-08	0	chr20	47140963	55582783
chr20	47567807	47568705	47568019	33	19	6	4.97247776287679e-09	0.00145090110278134	3.23414314317552e-05	3234.14314317552	1.41432292267599e-05	1414.32292267599	1819.82022049953	2.48042915831906e-05	0	chr20	47140963	55582783
chr20	47598893	47600173	47599702	48	26	12	9.55414636294449e-11	3.34038593208241e-05	4.7042082082553e-05	4704.2082082553	1.93538926260925e-05	1935.38926260925	2768.81894564605	7.15748208211636e-07	0	chr20	47140963	55582783
chr20	51910293	51911615	51910902	50	33	13	0	0.00160596828019366	4.90021688359927e-05	4900.21688359927	2.45645560254251e-05	2456.45560254251	2443.76128105676	0	0	chr20	50727128	54195586
chr20	51910293	51911615	51910902	50	33	13	0	0.00160596828019366	4.90021688359927e-05	4900.21688359927	2.45645560254251e-05	2456.45560254251	2443.76128105676	0	0	chr20	50727131	54124230
chr20	51910293	51911615	51910902	50	33	13	0	0.00160596828019366	4.90021688359927e-05	4900.21688359927	2.45645560254251e-05	2456.45560254251	2443.76128105676	0	0	chr20	50763838	54123974
chr20	51910293	51911615	51910902	50	33	13	0	0.00160596828019366	4.90021688359927e-05	4900.21688359927	2.45645560254251e-05	2456.45560254251	2443.76128105676	0	0	chr20	47140963	55582783
chr20	51910293	51911615	51910902	50	33	13	0	0.00160596828019366	4.90021688359927e-05	4900.21688359927	2.45645560254251e-05	2456.45560254251	2443.76128105676	0	0	chr20	48075780	54124265
chr20	51910293	51911615	51910902	50	33	13	0	0.00160596828019366	4.90021688359927e-05	4900.21688359927	2.45645560254251e-05	2456.45560254251	2443.76128105676	0	0	chr20	48864121	54124021
chr20	51910293	51911615	51910902	50	33	13	0	0.00160596828019366	4.90021688359927e-05	4900.21688359927	2.45645560254251e-05	2456.45560254251	2443.76128105676	0	0	chr20	50657010	63666016
chr20	51984622	51985760	51985314	66	46	14	0	0.000429150542182399	6.46828628635103e-05	6468.28628635103	3.42415023384713e-05	3424.15023384713	3044.1360525039	0	0	chr20	50727128	54195586
chr20	51984622	51985760	51985314	66	46	14	0	0.000429150542182399	6.46828628635103e-05	6468.28628635103	3.42415023384713e-05	3424.15023384713	3044.1360525039	0	0	chr20	50727131	54124230
chr20	51984622	51985760	51985314	66	46	14	0	0.000429150542182399	6.46828628635103e-05	6468.28628635103	3.42415023384713e-05	3424.15023384713	3044.1360525039	0	0	chr20	50763838	54123974
chr20	51984622	51985760	51985314	66	46	14	0	0.000429150542182399	6.46828628635103e-05	6468.28628635103	3.42415023384713e-05	3424.15023384713	3044.1360525039	0	0	chr20	47140963	55582783
chr20	51984622	51985760	51985314	66	46	14	0	0.000429150542182399	6.46828628635103e-05	6468.28628635103	3.42415023384713e-05	3424.15023384713	3044.1360525039	0	0	chr20	48075780	54124265
chr20	51984622	51985760	51985314	66	46	14	0	0.000429150542182399	6.46828628635103e-05	6468.28628635103	3.42415023384713e-05	3424.15023384713	3044.1360525039	0	0	chr20	48864121	54124021
chr20	51984622	51985760	51985314	66	46	14	0	0.000429150542182399	6.46828628635103e-05	6468.28628635103	3.42415023384713e-05	3424.15023384713	3044.1360525039	0	0	chr20	50657010	63666016
chr20	53642363	53643443	53642828	72	69	8	0	0.00414746287939549	7.05631231238295e-05	7056.31231238295	5.13622535077069e-05	5136.22535077069	1920.08696161225	0	0	chr20	53608031	54149344
chr20	53642363	53643443	53642828	72	69	8	0	0.00414746287939549	7.05631231238295e-05	7056.31231238295	5.13622535077069e-05	5136.22535077069	1920.08696161225	0	0	chr20	50727128	54195586
chr20	53642363	53643443	53642828	72	69	8	0	0.00414746287939549	7.05631231238295e-05	7056.31231238295	5.13622535077069e-05	5136.22535077069	1920.08696161225	0	0	chr20	50727131	54124230
chr20	53642363	53643443	53642828	72	69	8	0	0.00414746287939549	7.05631231238295e-05	7056.31231238295	5.13622535077069e-05	5136.22535077069	1920.08696161225	0	0	chr20	50763838	54123974
chr20	53642363	53643443	53642828	72	69	8	0	0.00414746287939549	7.05631231238295e-05	7056.31231238295	5.13622535077069e-05	5136.22535077069	1920.08696161225	0	0	chr20	47140963	55582783
chr20	53642363	53643443	53642828	72	69	8	0	0.00414746287939549	7.05631231238295e-05	7056.31231238295	5.13622535077069e-05	5136.22535077069	1920.08696161225	0	0	chr20	48075780	54124265
chr20	53642363	53643443	53642828	72	69	8	0	0.00414746287939549	7.05631231238295e-05	7056.31231238295	5.13622535077069e-05	5136.22535077069	1920.08696161225	0	0	chr20	48864121	54124021
chr20	53642363	53643443	53642828	72	69	8	0	0.00414746287939549	7.05631231238295e-05	7056.31231238295	5.13622535077069e-05	5136.22535077069	1920.08696161225	0	0	chr20	50657010	63666016
chr20	53800662	53802064	53801190	69	52	9	0	3.66727306165826e-05	6.76229929936699e-05	6762.29929936699	3.87077852521849e-05	3870.77852521849	2891.5207741485	0	0	chr20	53608031	54149344
chr20	53800662	53802064	53801190	69	52	9	0	3.66727306165826e-05	6.76229929936699e-05	6762.29929936699	3.87077852521849e-05	3870.77852521849	2891.5207741485	0	0	chr20	50727128	54195586
chr20	53800662	53802064	53801190	69	52	9	0	3.66727306165826e-05	6.76229929936699e-05	6762.29929936699	3.87077852521849e-05	3870.77852521849	2891.5207741485	0	0	chr20	50727131	54124230
chr20	53800662	53802064	53801190	69	52	9	0	3.66727306165826e-05	6.76229929936699e-05	6762.29929936699	3.87077852521849e-05	3870.77852521849	2891.5207741485	0	0	chr20	50763838	54123974
chr20	53800662	53802064	53801190	69	52	9	0	3.66727306165826e-05	6.76229929936699e-05	6762.29929936699	3.87077852521849e-05	3870.77852521849	2891.5207741485	0	0	chr20	47140963	55582783
chr20	53800662	53802064	53801190	69	52	9	0	3.66727306165826e-05	6.76229929936699e-05	6762.29929936699	3.87077852521849e-05	3870.77852521849	2891.5207741485	0	0	chr20	48075780	54124265
chr20	53800662	53802064	53801190	69	52	9	0	3.66727306165826e-05	6.76229929936699e-05	6762.29929936699	3.87077852521849e-05	3870.77852521849	2891.5207741485	0	0	chr20	48864121	54124021
chr20	53800662	53802064	53801190	69	52	9	0	3.66727306165826e-05	6.76229929936699e-05	6762.29929936699	3.87077852521849e-05	3870.77852521849	2891.5207741485	0	0	chr20	50657010	63666016
chr20	56813466	56814800	56814521	33	12	15	2.19444042937056e-08	9.82668749172078e-06	3.23414314317552e-05	3234.14314317552	8.93256582742729e-06	893.25658274273	2340.88656043279	9.13313064810002e-05	0	chr20	56735056	56937170
chr20	56813466	56814800	56814521	33	12	15	2.19444042937056e-08	9.82668749172078e-06	3.23414314317552e-05	3234.14314317552	8.93256582742729e-06	893.25658274273	2340.88656043279	9.13313064810002e-05	0	chr20	56758480	56955392
chr20	56813466	56814800	56814521	33	12	15	2.19444042937056e-08	9.82668749172078e-06	3.23414314317552e-05	3234.14314317552	8.93256582742729e-06	893.25658274273	2340.88656043279	9.13313064810002e-05	0	chr20	56758506	56890776
chr20	56813466	56814800	56814521	33	12	15	2.19444042937056e-08	9.82668749172078e-06	3.23414314317552e-05	3234.14314317552	8.93256582742729e-06	893.25658274273	2340.88656043279	9.13313064810002e-05	0	chr20	56758736	56937214
chr20	56813466	56814800	56814521	33	12	15	2.19444042937056e-08	9.82668749172078e-06	3.23414314317552e-05	3234.14314317552	8.93256582742729e-06	893.25658274273	2340.88656043279	9.13313064810002e-05	0	chr20	54123668	57263312
chr20	56813466	56814800	56814521	33	12	15	2.19444042937056e-08	9.82668749172078e-06	3.23414314317552e-05	3234.14314317552	8.93256582742729e-06	893.25658274273	2340.88656043279	9.13313064810002e-05	0	chr20	50657010	63666016
chr20	57275104	57275817	57275417	25	10	4	1.30709705281618e-08	0.000763826388493816	2.45010844179963e-05	2450.10844179963	7.44380485618941e-06	744.380485618941	1705.72795618069	5.7679542935794e-05	0	chr20	50657010	63666016
chr20	57710573	57711352	57710879	30	10	10	5.7550575416343e-10	2.29242609247615e-05	2.94013013015956e-05	2940.13013015956	7.44380485618941e-06	744.380485618941	2195.74964454062	3.62090011157877e-06	0	chr20	50657010	63666016
chr20	58111855	58112575	58112102	25	9	6	2.35024844030818e-09	0.00026380920384006	2.45010844179963e-05	2450.10844179963	6.69942437057047e-06	669.942437057047	1780.16600474259	1.25972612499155e-05	0	chr20	50657010	63666016
chr21	15164556	15165523	15164756	24	14	8	6.81688572257144e-09	0.00091687497665538	2.35210410412765e-05	2352.10410412765	1.04213267986652e-05	1042.13267986652	1309.97142426113	3.30218350185259e-05	0	chr21	15003080	15210913
chr21	15164556	15165523	15164756	24	14	8	6.81688572257144e-09	0.00091687497665538	2.35210410412765e-05	2352.10410412765	1.04213267986652e-05	1042.13267986652	1309.97142426113	3.30218350185259e-05	0	chr21	15005023	15173745
chr21	15164556	15165523	15164756	24	14	8	6.81688572257144e-09	0.00091687497665538	2.35210410412765e-05	2352.10410412765	1.04213267986652e-05	1042.13267986652	1309.97142426113	3.30218350185259e-05	0	chr21	15005050	15587483
chr21	15164556	15165523	15164756	24	14	8	6.81688572257144e-09	0.00091687497665538	2.35210410412765e-05	2352.10410412765	1.04213267986652e-05	1042.13267986652	1309.97142426113	3.30218350185259e-05	0	chr21	15005117	15210835
chr21	15164556	15165523	15164756	24	14	8	6.81688572257144e-09	0.00091687497665538	2.35210410412765e-05	2352.10410412765	1.04213267986652e-05	1042.13267986652	1309.97142426113	3.30218350185259e-05	0	chr21	15132493	15587173
chr21	39851937	39852972	39852176	32	34	8	1.28796973086764e-12	0.00155351766749778	3.13613880550353e-05	3136.13880550353	2.5308936511044e-05	2530.8936511044	605.245154399131	1.44564145950266e-08	0	chr21	39723220	39985488
chr3	9955710	9956987	9956434	22	12	6	3.2913076264407e-08	0.00884798892905647	2.15609542878368e-05	2156.09542878368	8.93256582742729e-06	893.25658274273	1262.83884604095	0.000132199844039573	0	chr3	684892	10984777
chr3	150253288	150254315	150253990	26	4	13	3.63864627317412e-09	5.35258318778986e-08	2.54811277947162e-05	2548.11277947162	2.97752194247576e-06	297.752194247576	2250.36058522404	1.87541185006708e-05	0	chr3	150238401	150737986
chr3	150819378	150819872	150819634	22	12	6	3.83692881911202e-08	0.00244510331855397	2.15609542878368e-05	2156.09542878368	8.93256582742729e-06	893.25658274273	1262.83884604095	0.000152217487143054	0	chr3	150756467	150845151
chr3	150819378	150819872	150819634	22	12	6	3.83692881911202e-08	0.00244510331855397	2.15609542878368e-05	2156.09542878368	8.93256582742729e-06	893.25658274273	1262.83884604095	0.000152217487143054	0	chr3	150722512	150845352
chr4	28092342	28093627	28093130	29	11	12	1.37068134620222e-11	1.28879124039472e-08	2.84212579248758e-05	2842.12579248758	8.18818534180835e-06	818.818534180835	2023.30725830674	1.21973298042479e-07	0	chr4	17974558	163816363
chr4	48292893	48293361	48293128	22	9	4	1.18329459564137e-08	0.000247062536122278	2.15609542878368e-05	2156.09542878368	6.69942437057047e-06	669.942437057047	1486.15299172663	5.31631322079856e-05	0	chr4	17974558	163816363
chr4	48800941	48802340	48801951	28	8	20	6.34849950387206e-11	6.01961256174732e-07	2.74412145481559e-05	2744.12145481559	5.95504388495153e-06	595.504388495153	2148.61706632044	4.98797270458591e-07	0	chr4	17974558	163816363
chr4	72129746	72130205	72129976	26	8	4	5.73361358391367e-11	3.58615722162448e-06	2.54811277947162e-05	2548.11277947162	5.95504388495153e-06	595.504388495153	1952.60839097647	4.53806640040089e-07	0	chr4	17974558	163816363
chr4	73729823	73731023	73730559	34	11	22	4.66293670342566e-15	1.48035596558849e-07	3.3321474808475e-05	3332.1474808475	8.18818534180835e-06	818.818534180835	2513.32894666667	8.11941288977655e-11	0	chr4	17974558	163816363
chr4	74624210	74625284	74624927	34	27	7	1.25455201782643e-14	0.000526721788148499	3.3321474808475e-05	3332.1474808475	2.00982731117114e-05	2009.82731117114	1322.32016967636	2.01061746577563e-10	0	chr4	17974558	163816363
chr4	99561078	99561663	99561350	25	2	7	4.42143543999407e-10	1.0279275541869e-08	2.45010844179963e-05	2450.10844179963	1.48876097123788e-06	148.876097123788	2301.23234467585	2.83160152746349e-06	0	chr4	17974558	163816363
chr4	101264144	101265416	101264866	32	20	14	7.43405337289005e-13	8.66205582115143e-05	3.13613880550353e-05	3136.13880550353	1.48876097123788e-05	1488.76097123788	1647.37783426565	8.86949198530829e-09	0	chr4	17974558	163816363
chr4	102255573	102256819	102256283	26	8	12	7.08810898863987e-10	1.3607147264505e-07	2.54811277947162e-05	2548.11277947162	5.95504388495153e-06	595.504388495153	1952.60839097647	4.38257642719446e-06	0	chr4	17974558	163816363
chr4	113141733	113143167	113142176	28	16	17	1.39478428806683e-11	0.000392062893564415	2.74412145481559e-05	2744.12145481559	1.19100877699031e-05	1191.00877699031	1553.11267782528	1.23776231627818e-07	0	chr4	17974558	163816363
chr4	119343054	119343864	119343284	23	11	9	6.77833922324567e-09	0.000732519912881813	2.25409976645566e-05	2254.09976645566	8.18818534180835e-06	818.818534180835	1435.28123227483	3.29341611313554e-05	0	chr4	17974558	163816363
chr4	156305284	156306115	156305514	38	17	6	0	2.98969532452897e-06	3.72416483153544e-05	3724.16483153544	1.2654468255522e-05	1265.4468255522	2458.71800598324	0	0	chr4	145103688	170483125
chr4	156305284	156306115	156305514	38	17	6	0	2.98969532452897e-06	3.72416483153544e-05	3724.16483153544	1.2654468255522e-05	1265.4468255522	2458.71800598324	0	0	chr4	17974558	163816363
chr4	160658699	160659229	160658996	40	17	4	0	1.1181644499203e-10	3.92017350687941e-05	3920.17350687941	1.2654468255522e-05	1265.4468255522	2654.72668132721	0	0	chr4	145103688	170483125
chr4	160658699	160659229	160658996	40	17	4	0	1.1181644499203e-10	3.92017350687941e-05	3920.17350687941	1.2654468255522e-05	1265.4468255522	2654.72668132721	0	0	chr4	17974558	163816363
chr5	86284327	86285207	86284527	33	12	8	5.10702591327572e-15	3.98382897670579e-07	3.23414314317552e-05	3234.14314317552	8.93256582742729e-06	893.25658274273	2340.88656043279	8.70448522197007e-11	0	chr5	77830864	143746998
chr5	86302406	86303465	86302949	26	15	13	1.3268353082907e-10	0.000922034668385696	2.54811277947162e-05	2548.11277947162	1.11657072842841e-05	1116.57072842841	1431.54205104321	9.54060336089235e-07	0	chr5	77830864	143746998
chr5	90221440	90222430	90222173	29	15	11	4.89774887313388e-12	0.000596491380073894	2.84212579248758e-05	2842.12579248758	1.11657072842841e-05	1116.57072842841	1725.55506405916	4.85456127707041e-08	0	chr5	77830864	143746998
chr5	116821106	116821574	116821341	25	15	4	2.2758728235317e-10	0.000465662505614861	2.45010844179963e-05	2450.10844179963	1.11657072842841e-05	1116.57072842841	1333.53771337122	1.55986483257473e-06	0	chr5	77830864	143746998
chr5	120195206	120195639	120195436	26	18	5	6.67010890964548e-11	0.00281673080917666	2.54811277947162e-05	2548.11277947162	1.33988487411409e-05	1339.88487411409	1208.22790535753	5.20259127729181e-07	0	chr5	77830864	143746998
chr5	129133313	129134295	129134009	21	20	9	1.07604273602568e-07	0.000955798573503475	2.05809109111169e-05	2058.09109111169	1.48876097123788e-05	1488.76097123788	569.33011987381	0.000383440449043634	0	chr5	77830864	143746998
chr5	133434214	133434704	133434501	21	6	6	7.25698772185979e-08	9.80948908559931e-05	2.05809109111169e-05	2058.09109111169	4.46628291371365e-06	446.628291371365	1611.46279974033	0.000266255573370288	0	chr5	77830864	143746998
chr5	137890098	137891347	137891124	36	9	12	3.33066907387547e-16	2.93831946551748e-08	3.52815615619147e-05	3528.15615619147	6.69942437057047e-06	669.942437057047	2858.21371913443	7.20082159448064e-12	0	chr5	77830864	143746998
chr7	151736088	151736965	151736406	24	9	6	2.24791518732559e-09	0.000552674893700256	2.35210410412765e-05	2352.10410412765	6.69942437057047e-06	669.942437057047	1682.1616670706	1.21498382640433e-05	0	chr7	151694618	151857194
chr8	101009705	101010624	101009905	23	4	4	4.36792328972757e-08	7.44358475857076e-07	2.25409976645566e-05	2254.09976645566	2.97752194247576e-06	297.752194247576	1956.34757220809	0.000170966886342377	0	chr8	101003868	101121231
