chr1	46134772	46135932	46135347	36	15	9	2.22044604925031e-16	1.31911427988518e-05	3.52815615619147e-05	3528.15615619147	1.11657072842841e-05	1116.57072842841	2411.58542776306	5.18750512631309e-12	0	chr1	32831811	206904130
chr1	75376224	75377529	75377296	33	17	7	3.77475828372553e-15	0.000163857053323446	3.23414314317552e-05	3234.14314317552	1.2654468255522e-05	1265.4468255522	1968.69631762332	7.302156897549e-11	0	chr1	32831811	206904130
chr1	75382466	75382934	75382701	30	17	5	2.52242671194836e-13	0.00095185696011868	2.94013013015956e-05	2940.13013015956	1.2654468255522e-05	1265.4468255522	1674.68330460736	3.81139680126327e-09	0	chr1	32831811	206904130
chr1	108216309	108217487	108217058	68	53	12	0	1.03237840498593e-08	6.664294961695e-05	6664.294961695	3.94521657378039e-05	3945.21657378039	2719.07838791462	0	0	chr1	32831811	206904130
chr1	108216309	108217487	108217058	68	53	12	0	1.03237840498593e-08	6.664294961695e-05	6664.294961695	3.94521657378039e-05	3945.21657378039	2719.07838791462	0	0	chr1	107470032	182473766
chr1	108234545	108235501	108234986	30	20	8	4.03022060169178e-11	6.01693346256038e-05	2.94013013015956e-05	2940.13013015956	1.48876097123788e-05	1488.76097123788	1451.36915892168	3.96124774542684e-07	0	chr1	32831811	206904130
chr1	108234545	108235501	108234986	30	20	8	4.03022060169178e-11	6.01693346256038e-05	2.94013013015956e-05	2940.13013015956	1.48876097123788e-05	1488.76097123788	1451.36915892168	3.96124774542684e-07	0	chr1	107470032	182473766
chr1	108458159	108459797	108459285	54	26	13	0	4.13102885232774e-12	5.29223423428721e-05	5292.23423428721	1.93538926260925e-05	1935.38926260925	3356.84497167796	0	0	chr1	32831811	206904130
chr1	108458159	108459797	108459285	54	26	13	0	4.13102885232774e-12	5.29223423428721e-05	5292.23423428721	1.93538926260925e-05	1935.38926260925	3356.84497167796	0	0	chr1	107470032	182473766
chr1	109214503	109215019	109214789	25	7	4	7.58830664970844e-10	7.23807673352894e-06	2.45010844179963e-05	2450.10844179963	5.21066339933259e-06	521.066339933259	1929.04210186638	5.62111773545103e-06	0	chr1	109198911	109240715
chr1	109214503	109215019	109214789	25	7	4	7.58830664970844e-10	7.23807673352894e-06	2.45010844179963e-05	2450.10844179963	5.21066339933259e-06	521.066339933259	1929.04210186638	5.62111773545103e-06	0	chr1	32831811	206904130
chr1	109214503	109215019	109214789	25	7	4	7.58830664970844e-10	7.23807673352894e-06	2.45010844179963e-05	2450.10844179963	5.21066339933259e-06	521.066339933259	1929.04210186638	5.62111773545103e-06	0	chr1	107470032	182473766
chr1	120614193	120615472	120615131	29	11	6	1.96137994734613e-10	3.35255883820995e-06	2.84212579248758e-05	2842.12579248758	8.18818534180835e-06	818.818534180835	2023.30725830674	1.65103602214205e-06	0	chr1	32831811	206904130
chr1	120614193	120615472	120615131	29	11	6	1.96137994734613e-10	3.35255883820995e-06	2.84212579248758e-05	2842.12579248758	8.18818534180835e-06	818.818534180835	2023.30725830674	1.65103602214205e-06	0	chr1	107470032	182473766
chr1	120750569	120751603	120751157	32	22	10	1.06244013586831e-10	0.000609644774999696	3.13613880550353e-05	3136.13880550353	1.63763706836167e-05	1637.63706836167	1498.50173714186	9.51845445595311e-07	0	chr1	32831811	206904130
chr1	120750569	120751603	120751157	32	22	10	1.06244013586831e-10	0.000609644774999696	3.13613880550353e-05	3136.13880550353	1.63763706836167e-05	1637.63706836167	1498.50173714186	9.51845445595311e-07	0	chr1	107470032	182473766
chr1	121100019	121100866	121100565	27	15	8	1.82594106501455e-09	0.000316671519601797	2.6461171171436e-05	2646.1171171436	1.11657072842841e-05	1116.57072842841	1529.54638871519	1.25343145309287e-05	0	chr1	32831811	206904130
chr1	121100019	121100866	121100565	27	15	8	1.82594106501455e-09	0.000316671519601797	2.6461171171436e-05	2646.1171171436	1.11657072842841e-05	1116.57072842841	1529.54638871519	1.25343145309287e-05	0	chr1	107470032	182473766
chr1	146177935	146179049	146178692	28	8	11	7.9963323740273e-09	1.11918798184618e-06	2.74412145481559e-05	2744.12145481559	5.95504388495153e-06	595.504388495153	2148.61706632044	4.7900996029864e-05	0	chr1	32831811	206904130
chr1	146177935	146179049	146178692	28	8	11	7.9963323740273e-09	1.11918798184618e-06	2.74412145481559e-05	2744.12145481559	5.95504388495153e-06	595.504388495153	2148.61706632044	4.7900996029864e-05	0	chr1	107470032	182473766
chr1	146191087	146192518	146191783	34	22	9	1.53987933515509e-12	0.000965183736211128	3.3321474808475e-05	3332.1474808475	1.63763706836167e-05	1637.63706836167	1694.51041248583	2.08785502081588e-08	0	chr1	32831811	206904130
chr1	146191087	146192518	146191783	34	22	9	1.53987933515509e-12	0.000965183736211128	3.3321474808475e-05	3332.1474808475	1.63763706836167e-05	1637.63706836167	1694.51041248583	2.08785502081588e-08	0	chr1	107470032	182473766
chr1	146201369	146202399	146201887	40	27	11	2.66453525910038e-15	0.000515578715841958	3.92017350687941e-05	3920.17350687941	2.00982731117114e-05	2009.82731117114	1910.34619570827	5.28922091310354e-11	0	chr1	32831811	206904130
chr1	146201369	146202399	146201887	40	27	11	2.66453525910038e-15	0.000515578715841958	3.92017350687941e-05	3920.17350687941	2.00982731117114e-05	2009.82731117114	1910.34619570827	5.28922091310354e-11	0	chr1	107470032	182473766
chr1	147675987	147677336	147676833	64	28	12	0	7.83945686144705e-10	6.27227761100706e-05	6272.27761100706	2.08426535973304e-05	2084.26535973304	4188.01225127403	0	0	chr1	147669335	147717737
chr1	147675987	147677336	147676833	64	28	12	0	7.83945686144705e-10	6.27227761100706e-05	6272.27761100706	2.08426535973304e-05	2084.26535973304	4188.01225127403	0	0	chr1	32831811	206904130
chr1	147675987	147677336	147676833	64	28	12	0	7.83945686144705e-10	6.27227761100706e-05	6272.27761100706	2.08426535973304e-05	2084.26535973304	4188.01225127403	0	0	chr1	107470032	182473766
chr1	148641457	148642971	148642499	28	14	8	3.0058292521673e-09	0.000147288207874574	2.74412145481559e-05	2744.12145481559	1.04213267986652e-05	1042.13267986652	1701.98877494907	1.95065344587262e-05	0	chr1	32831811	206904130
chr1	148641457	148642971	148642499	28	14	8	3.0058292521673e-09	0.000147288207874574	2.74412145481559e-05	2744.12145481559	1.04213267986652e-05	1042.13267986652	1701.98877494907	1.95065344587262e-05	0	chr1	107470032	182473766
chr1	148651464	148652989	148652623	55	30	17	0	9.89272718188161e-08	5.39023857195919e-05	5390.23857195919	2.23314145685682e-05	2233.14145685682	3157.09711510237	0	0	chr1	32831811	206904130
chr1	148651464	148652989	148652623	55	30	17	0	9.89272718188161e-08	5.39023857195919e-05	5390.23857195919	2.23314145685682e-05	2233.14145685682	3157.09711510237	0	0	chr1	107470032	182473766
chr1	149417595	149418924	149418403	45	27	12	1.22124532708767e-15	1.0774646035383e-06	4.41019519523934e-05	4410.19519523934	2.00982731117114e-05	2009.82731117114	2400.3678840682	2.55797666573369e-11	0	chr1	32831811	206904130
chr1	149417595	149418924	149418403	45	27	12	1.22124532708767e-15	1.0774646035383e-06	4.41019519523934e-05	4410.19519523934	2.00982731117114e-05	2009.82731117114	2400.3678840682	2.55797666573369e-11	0	chr1	107470032	182473766
chr1	149795397	149796244	149795943	34	18	6	4.42534897615587e-13	3.57514050486341e-06	3.3321474808475e-05	3332.1474808475	1.33988487411409e-05	1339.88487411409	1992.26260673341	6.43076891471989e-09	0	chr1	32831811	206904130
chr1	149795397	149796244	149795943	34	18	6	4.42534897615587e-13	3.57514050486341e-06	3.3321474808475e-05	3332.1474808475	1.33988487411409e-05	1339.88487411409	1992.26260673341	6.43076891471989e-09	0	chr1	107470032	182473766
chr1	155634475	155635859	155635600	26	11	9	6.57441212581489e-10	0.000157431157759125	2.54811277947162e-05	2548.11277947162	8.18818534180835e-06	818.818534180835	1729.29424529078	4.94239242740858e-06	0	chr1	32831811	206904130
chr1	155634475	155635859	155635600	26	11	9	6.57441212581489e-10	0.000157431157759125	2.54811277947162e-05	2548.11277947162	8.18818534180835e-06	818.818534180835	1729.29424529078	4.94239242740858e-06	0	chr1	107470032	182473766
chr1	182967977	182969450	182968974	30	6	13	1.86817228353675e-11	2.05992158719415e-06	2.94013013015956e-05	2940.13013015956	4.46628291371365e-06	446.628291371365	2493.5018387882	1.98386701728342e-07	0	chr1	32831811	206904130
chr1	183461004	183462399	183461698	27	11	11	2.70821143288913e-10	0.000296960845262095	2.6461171171436e-05	2646.1171171436	8.18818534180835e-06	818.818534180835	1827.29858296277	2.22301559206307e-06	0	chr1	183023828	183606172
chr1	183461004	183462399	183461698	27	11	11	2.70821143288913e-10	0.000296960845262095	2.6461171171436e-05	2646.1171171436	8.18818534180835e-06	818.818534180835	1827.29858296277	2.22301559206307e-06	0	chr1	32831811	206904130
chr1	200433031	200433617	200433368	26	15	7	6.03245120522899e-10	0.000389644161705394	2.54811277947162e-05	2548.11277947162	1.11657072842841e-05	1116.57072842841	1431.54205104321	4.58031653488067e-06	0	chr1	200016526	200487311
chr1	200433031	200433617	200433368	26	15	7	6.03245120522899e-10	0.000389644161705394	2.54811277947162e-05	2548.11277947162	1.11657072842841e-05	1116.57072842841	1431.54205104321	4.58031653488067e-06	0	chr1	200016549	202335645
chr1	200433031	200433617	200433368	26	15	7	6.03245120522899e-10	0.000389644161705394	2.54811277947162e-05	2548.11277947162	1.11657072842841e-05	1116.57072842841	1431.54205104321	4.58031653488067e-06	0	chr1	200016876	206904172
chr1	200433031	200433617	200433368	26	15	7	6.03245120522899e-10	0.000389644161705394	2.54811277947162e-05	2548.11277947162	1.11657072842841e-05	1116.57072842841	1431.54205104321	4.58031653488067e-06	0	chr1	32831811	206904130
chr1	226114301	226114769	226114531	23	10	4	4.95594776328545e-09	0.000814415191309203	2.25409976645566e-05	2254.09976645566	7.44380485618941e-06	744.380485618941	1509.71928083672	3.06553933990509e-05	0	chr1	206903703	227329107
chr10	3330694	3331276	3330894	28	6	4	1.47482026591206e-11	2.93902017389769e-07	2.74412145481559e-05	2744.12145481559	4.46628291371365e-06	446.628291371365	2297.49316344423	1.62880115504229e-07	0	chr10	3289779	3396264
chr10	50172822	50173767	50173372	26	3	9	3.64442809264176e-10	3.30405887760676e-07	2.54811277947162e-05	2548.11277947162	2.23314145685682e-06	223.314145685682	2324.79863378594	2.88996296602297e-06	0	chr10	48814678	63631518
chr10	62381412	62382241	62381687	27	4	6	7.26259052896694e-11	5.8604749941793e-09	2.6461171171436e-05	2646.1171171436	2.97752194247576e-06	297.752194247576	2348.36492289603	6.74536526671407e-07	0	chr10	48814678	63631518
chr10	84401185	84402183	84401761	28	5	13	2.10859107951933e-11	2.98713150703733e-06	2.74412145481559e-05	2744.12145481559	3.72190242809471e-06	372.190242809471	2371.93121200612	2.2159307689438e-07	0	chr10	79128273	88108663
chr10	84401185	84402183	84401761	28	5	13	2.10859107951933e-11	2.98713150703733e-06	2.74412145481559e-05	2744.12145481559	3.72190242809471e-06	372.190242809471	2371.93121200612	2.2159307689438e-07	0	chr10	80436224	93435663
chr11	24446070	24446529	24446296	30	14	3	2.68229882749438e-13	3.3339958772638e-05	2.94013013015956e-05	2940.13013015956	1.04213267986652e-05	1042.13267986652	1897.99745029304	4.01303352234585e-09	0	chr11	1796549	76773186
chr11	24446070	24446529	24446296	30	14	3	2.68229882749438e-13	3.3339958772638e-05	2.94013013015956e-05	2940.13013015956	1.04213267986652e-05	1042.13267986652	1897.99745029304	4.01303352234585e-09	0	chr11	2483365	118058362
chr11	63528493	63528926	63528723	34	6	4	1.88737914186277e-15	1.31349586762752e-09	3.3321474808475e-05	3332.1474808475	4.46628291371365e-06	446.628291371365	2885.51918947614	3.84710950642682e-11	0	chr11	1796549	76773186
chr11	63528493	63528926	63528723	34	6	4	1.88737914186277e-15	1.31349586762752e-09	3.3321474808475e-05	3332.1474808475	4.46628291371365e-06	446.628291371365	2885.51918947614	3.84710950642682e-11	0	chr11	2483365	118058362
chr11	63530836	63531295	63531066	23	3	4	5.41263567299666e-09	7.17453648713118e-07	2.25409976645566e-05	2254.09976645566	2.23314145685682e-06	223.314145685682	2030.78562076998	3.32769498580977e-05	0	chr11	1796549	76773186
chr11	63530836	63531295	63531066	23	3	4	5.41263567299666e-09	7.17453648713118e-07	2.25409976645566e-05	2254.09976645566	2.23314145685682e-06	223.314145685682	2030.78562076998	3.32769498580977e-05	0	chr11	2483365	118058362
chr11	72164287	72164817	72164584	29	10	4	2.27462493285202e-12	0.000108753438869069	2.84212579248758e-05	2842.12579248758	7.44380485618941e-06	744.380485618941	2097.74530686863	3.01167376419141e-08	0	chr11	70805661	72787033
chr11	72164287	72164817	72164584	29	10	4	2.27462493285202e-12	0.000108753438869069	2.84212579248758e-05	2842.12579248758	7.44380485618941e-06	744.380485618941	2097.74530686863	3.01167376419141e-08	0	chr11	70805661	72787033
chr11	72164287	72164817	72164584	29	10	4	2.27462493285202e-12	0.000108753438869069	2.84212579248758e-05	2842.12579248758	7.44380485618941e-06	744.380485618941	2097.74530686863	3.01167376419141e-08	0	chr11	69301754	76772814
chr11	72164287	72164817	72164584	29	10	4	2.27462493285202e-12	0.000108753438869069	2.84212579248758e-05	2842.12579248758	7.44380485618941e-06	744.380485618941	2097.74530686863	3.01167376419141e-08	0	chr11	69891281	76773128
chr11	72164287	72164817	72164584	29	10	4	2.27462493285202e-12	0.000108753438869069	2.84212579248758e-05	2842.12579248758	7.44380485618941e-06	744.380485618941	2097.74530686863	3.01167376419141e-08	0	chr11	1796549	76773186
chr11	72164287	72164817	72164584	29	10	4	2.27462493285202e-12	0.000108753438869069	2.84212579248758e-05	2842.12579248758	7.44380485618941e-06	744.380485618941	2097.74530686863	3.01167376419141e-08	0	chr11	2483365	118058362
chr12	53870930	53872238	53871952	42	19	6	0	2.72126362999003e-07	4.11618218222338e-05	4116.18218222339	1.41432292267599e-05	1414.32292267599	2701.8592595474	0	0	chr12	53827043	53983934
chr12	53870930	53872238	53871952	42	19	6	0	2.72126362999003e-07	4.11618218222338e-05	4116.18218222339	1.41432292267599e-05	1414.32292267599	2701.8592595474	0	0	chr12	53824937	53983961
chr12	53870930	53872238	53871952	42	19	6	0	2.72126362999003e-07	4.11618218222338e-05	4116.18218222339	1.41432292267599e-05	1414.32292267599	2701.8592595474	0	0	chr12	53827043	53983934
chr12	53870930	53872238	53871952	42	19	6	0	2.72126362999003e-07	4.11618218222338e-05	4116.18218222339	1.41432292267599e-05	1414.32292267599	2701.8592595474	0	0	chr12	53825229	53983879
chr12	79082734	79083801	79083559	29	19	13	1.20121690372343e-11	0.000628528528370254	2.84212579248758e-05	2842.12579248758	1.41432292267599e-05	1414.32292267599	1427.80286981159	1.33635072534898e-07	0	chr12	79022587	79157562
chr12	118059088	118060284	118059764	39	18	9	0	1.6137521681614e-05	3.82216916920743e-05	3822.16916920743	1.33988487411409e-05	1339.88487411409	2482.28429509334	0	0	chr12	110247213	119171688
chr14	63671789	63673265	63672742	34	19	18	9.88098491916389e-14	0.000130527163670568	3.3321474808475e-05	3332.1474808475	1.41432292267599e-05	1414.32292267599	1917.82455817151	1.57118937988069e-09	0	chr14	34320475	93017787
chr14	68190864	68192280	68191735	36	13	19	2.32115437981406e-11	5.06169462899386e-07	3.52815615619147e-05	3528.15615619147	9.67694631304624e-06	967.694631304624	2560.46152488685	2.41425333825758e-07	0	chr14	68177472	68459411
chr14	68190864	68192280	68191735	36	13	19	2.32115437981406e-11	5.06169462899386e-07	3.52815615619147e-05	3528.15615619147	9.67694631304624e-06	967.694631304624	2560.46152488685	2.41425333825758e-07	0	chr14	68177413	68570734
chr14	68190864	68192280	68191735	36	13	19	2.32115437981406e-11	5.06169462899386e-07	3.52815615619147e-05	3528.15615619147	9.67694631304624e-06	967.694631304624	2560.46152488685	2.41425333825758e-07	0	chr14	34320475	93017787
chr14	73696048	73697136	73696743	25	4	10	4.20323187366733e-09	2.82377365046216e-07	2.45010844179963e-05	2450.10844179963	2.97752194247576e-06	297.752194247576	2152.35624755206	2.65399400866711e-05	0	chr14	73601883	73785352
chr14	73696048	73697136	73696743	25	4	10	4.20323187366733e-09	2.82377365046216e-07	2.45010844179963e-05	2450.10844179963	2.97752194247576e-06	297.752194247576	2152.35624755206	2.65399400866711e-05	0	chr14	73633664	73785325
chr14	73696048	73697136	73696743	25	4	10	4.20323187366733e-09	2.82377365046216e-07	2.45010844179963e-05	2450.10844179963	2.97752194247576e-06	297.752194247576	2152.35624755206	2.65399400866711e-05	0	chr14	73601883	73785352
chr14	73696048	73697136	73696743	25	4	10	4.20323187366733e-09	2.82377365046216e-07	2.45010844179963e-05	2450.10844179963	2.97752194247576e-06	297.752194247576	2152.35624755206	2.65399400866711e-05	0	chr14	73633518	73756793
chr14	73696048	73697136	73696743	25	4	10	4.20323187366733e-09	2.82377365046216e-07	2.45010844179963e-05	2450.10844179963	2.97752194247576e-06	297.752194247576	2152.35624755206	2.65399400866711e-05	0	chr14	73633585	73783215
chr14	73696048	73697136	73696743	25	4	10	4.20323187366733e-09	2.82377365046216e-07	2.45010844179963e-05	2450.10844179963	2.97752194247576e-06	297.752194247576	2152.35624755206	2.65399400866711e-05	0	chr14	73633680	73785359
chr14	73696048	73697136	73696743	25	4	10	4.20323187366733e-09	2.82377365046216e-07	2.45010844179963e-05	2450.10844179963	2.97752194247576e-06	297.752194247576	2152.35624755206	2.65399400866711e-05	0	chr14	34320475	93017787
chr15	55357785	55358814	55358510	40	10	12	0	5.21935050734612e-10	3.92017350687941e-05	3920.17350687941	7.44380485618941e-06	744.380485618941	3175.79302126047	0	0	chr15	55357463	55358014
chr15	64072612	64073121	64072847	29	4	7	2.73625566649116e-12	4.32738811451117e-09	2.84212579248758e-05	2842.12579248758	2.97752194247576e-06	297.752194247576	2544.37359824	3.50646891869295e-08	0	chr15	57591269	73710734
chr15	64072612	64073121	64072847	29	4	7	2.73625566649116e-12	4.32738811451117e-09	2.84212579248758e-05	2842.12579248758	2.97752194247576e-06	297.752194247576	2544.37359824	3.50646891869295e-08	0	chr15	57591269	73710734
chr15	96230123	96231322	96230823	30	27	11	2.82786016825298e-11	0.000833945490530397	2.94013013015956e-05	2940.13013015956	2.00982731117114e-05	2009.82731117114	930.30281898842	2.87242308310507e-07	0	chr15	95894265	96337530
chr15	96230123	96231322	96230823	30	27	11	2.82786016825298e-11	0.000833945490530397	2.94013013015956e-05	2940.13013015956	2.00982731117114e-05	2009.82731117114	930.30281898842	2.87242308310507e-07	0	chr15	95911386	96337435
chr15	96230123	96231322	96230823	30	27	11	2.82786016825298e-11	0.000833945490530397	2.94013013015956e-05	2940.13013015956	2.00982731117114e-05	2009.82731117114	930.30281898842	2.87242308310507e-07	0	chr15	92645269	98749439
chr16	46693861	46694329	46694091	25	14	5	2.66957789207822e-10	0.000391338277452857	2.45010844179963e-05	2450.10844179963	1.04213267986652e-05	1042.13267986652	1407.97576193312	2.19724202396554e-06	0	chr16	11457008	85306741
chr16	46693861	46694329	46694091	25	14	5	2.66957789207822e-10	0.000391338277452857	2.45010844179963e-05	2450.10844179963	1.04213267986652e-05	1042.13267986652	1407.97576193312	2.19724202396554e-06	0	chr16	21511338	87861173
chr16	46693861	46694329	46694091	25	14	5	2.66957789207822e-10	0.000391338277452857	2.45010844179963e-05	2450.10844179963	1.04213267986652e-05	1042.13267986652	1407.97576193312	2.19724202396554e-06	0	chr16	29310649	88017636
chr16	68635836	68636740	68636315	29	12	6	5.08504349738814e-12	0.000289505479787788	2.84212579248758e-05	2842.12579248758	8.93256582742729e-06	893.25658274273	1948.86920974485	5.96288692536698e-08	0	chr16	11457008	85306741
chr16	68635836	68636740	68636315	29	12	6	5.08504349738814e-12	0.000289505479787788	2.84212579248758e-05	2842.12579248758	8.93256582742729e-06	893.25658274273	1948.86920974485	5.96288692536698e-08	0	chr16	21511338	87861173
chr16	68635836	68636740	68636315	29	12	6	5.08504349738814e-12	0.000289505479787788	2.84212579248758e-05	2842.12579248758	8.93256582742729e-06	893.25658274273	1948.86920974485	5.96288692536698e-08	0	chr16	29310649	88017636
chr16	70205507	70205966	70205733	25	12	5	6.72387590050505e-10	0.000475427999934053	2.45010844179963e-05	2450.10844179963	8.93256582742729e-06	893.25658274273	1556.8518590569	5.04227272276299e-06	0	chr16	70136382	72930069
chr16	70205507	70205966	70205733	25	12	5	6.72387590050505e-10	0.000475427999934053	2.45010844179963e-05	2450.10844179963	8.93256582742729e-06	893.25658274273	1556.8518590569	5.04227272276299e-06	0	chr16	11457008	85306741
chr16	70205507	70205966	70205733	25	12	5	6.72387590050505e-10	0.000475427999934053	2.45010844179963e-05	2450.10844179963	8.93256582742729e-06	893.25658274273	1556.8518590569	5.04227272276299e-06	0	chr16	21511338	87861173
chr16	70205507	70205966	70205733	25	12	5	6.72387590050505e-10	0.000475427999934053	2.45010844179963e-05	2450.10844179963	8.93256582742729e-06	893.25658274273	1556.8518590569	5.04227272276299e-06	0	chr16	29310649	88017636
chr16	71707682	71708714	71708187	44	19	6	0	2.13022999253631e-05	4.31219085756736e-05	4312.19085756736	1.41432292267599e-05	1414.32292267599	2897.86793489137	0	0	chr16	70136382	72930069
chr16	71707682	71708714	71708187	44	19	6	0	2.13022999253631e-05	4.31219085756736e-05	4312.19085756736	1.41432292267599e-05	1414.32292267599	2897.86793489137	0	0	chr16	11457008	85306741
chr16	71707682	71708714	71708187	44	19	6	0	2.13022999253631e-05	4.31219085756736e-05	4312.19085756736	1.41432292267599e-05	1414.32292267599	2897.86793489137	0	0	chr16	21511338	87861173
chr16	71707682	71708714	71708187	44	19	6	0	2.13022999253631e-05	4.31219085756736e-05	4312.19085756736	1.41432292267599e-05	1414.32292267599	2897.86793489137	0	0	chr16	29310649	88017636
chr16	74850948	74852261	74851893	28	6	11	3.43077788400592e-10	3.65641110278148e-07	2.74412145481559e-05	2744.12145481559	4.46628291371365e-06	446.628291371365	2297.49316344423	2.72766420563254e-06	0	chr16	11457008	85306741
chr16	74850948	74852261	74851893	28	6	11	3.43077788400592e-10	3.65641110278148e-07	2.74412145481559e-05	2744.12145481559	4.46628291371365e-06	446.628291371365	2297.49316344423	2.72766420563254e-06	0	chr16	21511338	87861173
chr16	74850948	74852261	74851893	28	6	11	3.43077788400592e-10	3.65641110278148e-07	2.74412145481559e-05	2744.12145481559	4.46628291371365e-06	446.628291371365	2297.49316344423	2.72766420563254e-06	0	chr16	29310649	88017636
chr17	30700563	30701022	30700793	29	13	5	1.51922918689706e-12	1.13638915882897e-05	2.84212579248758e-05	2842.12579248758	9.67694631304624e-06	967.694631304624	1874.43116118295	2.0690934123993e-08	0	chr17	7951524	47693782
chr17	60030854	60031476	60031092	64	48	4	0	2.53266406429198e-05	6.27227761100706e-05	6272.27761100706	3.57302633097092e-05	3573.02633097092	2699.25128003615	0	0	chr17	59007603	61723918
chr17	60030854	60031476	60031092	64	48	4	0	2.53266406429198e-05	6.27227761100706e-05	6272.27761100706	3.57302633097092e-05	3573.02633097092	2699.25128003615	0	0	chr17	58639450	61723838
chr17	60030854	60031476	60031092	64	48	4	0	2.53266406429198e-05	6.27227761100706e-05	6272.27761100706	3.57302633097092e-05	3573.02633097092	2699.25128003615	0	0	chr17	58639416	61723887
chr17	60030854	60031476	60031092	64	48	4	0	2.53266406429198e-05	6.27227761100706e-05	6272.27761100706	3.57302633097092e-05	3573.02633097092	2699.25128003615	0	0	chr17	58639496	60345826
chr17	60030854	60031476	60031092	64	48	4	0	2.53266406429198e-05	6.27227761100706e-05	6272.27761100706	3.57302633097092e-05	3573.02633097092	2699.25128003615	0	0	chr17	58639367	74770271
chr17	60030854	60031476	60031092	64	48	4	0	2.53266406429198e-05	6.27227761100706e-05	6272.27761100706	3.57302633097092e-05	3573.02633097092	2699.25128003615	0	0	chr17	58639367	74770381
chr17	60030854	60031476	60031092	64	48	4	0	2.53266406429198e-05	6.27227761100706e-05	6272.27761100706	3.57302633097092e-05	3573.02633097092	2699.25128003615	0	0	chr17	58639707	83068190
chr17	60030854	60031476	60031092	64	48	4	0	2.53266406429198e-05	6.27227761100706e-05	6272.27761100706	3.57302633097092e-05	3573.02633097092	2699.25128003615	0	0	chr17	57342930	72618613
chr17	60030854	60031476	60031092	64	48	4	0	2.53266406429198e-05	6.27227761100706e-05	6272.27761100706	3.57302633097092e-05	3573.02633097092	2699.25128003615	0	0	chr17	58639354	74761272
chr17	61360113	61361506	61360713	74	47	13	0	7.03736589002801e-08	7.25232098772692e-05	7252.32098772692	3.49858828240902e-05	3498.58828240902	3753.73270531789	0	0	chr17	59007603	61723918
chr17	61360113	61361506	61360713	74	47	13	0	7.03736589002801e-08	7.25232098772692e-05	7252.32098772692	3.49858828240902e-05	3498.58828240902	3753.73270531789	0	0	chr17	58639450	61723838
chr17	61360113	61361506	61360713	74	47	13	0	7.03736589002801e-08	7.25232098772692e-05	7252.32098772692	3.49858828240902e-05	3498.58828240902	3753.73270531789	0	0	chr17	58639416	61723887
chr17	61360113	61361506	61360713	74	47	13	0	7.03736589002801e-08	7.25232098772692e-05	7252.32098772692	3.49858828240902e-05	3498.58828240902	3753.73270531789	0	0	chr17	58639367	74770271
chr17	61360113	61361506	61360713	74	47	13	0	7.03736589002801e-08	7.25232098772692e-05	7252.32098772692	3.49858828240902e-05	3498.58828240902	3753.73270531789	0	0	chr17	58639367	74770381
chr17	61360113	61361506	61360713	74	47	13	0	7.03736589002801e-08	7.25232098772692e-05	7252.32098772692	3.49858828240902e-05	3498.58828240902	3753.73270531789	0	0	chr17	58639707	83068190
chr17	61360113	61361506	61360713	74	47	13	0	7.03736589002801e-08	7.25232098772692e-05	7252.32098772692	3.49858828240902e-05	3498.58828240902	3753.73270531789	0	0	chr17	57342930	72618613
chr17	61360113	61361506	61360713	74	47	13	0	7.03736589002801e-08	7.25232098772692e-05	7252.32098772692	3.49858828240902e-05	3498.58828240902	3753.73270531789	0	0	chr17	58639354	74761272
chr2	101395759	101396889	101396609	28	10	9	2.45201636772663e-11	3.41234154017656e-05	2.74412145481559e-05	2744.12145481559	7.44380485618941e-06	744.380485618941	1999.74096919665	2.54165974290688e-07	0	chr2	95740307	113382888
chr2	111705490	111706514	111705913	31	3	6	1.83408843668076e-13	7.24773574489745e-11	3.03813446783155e-05	3038.13446783155	2.23314145685682e-06	223.314145685682	2814.82032214586	2.79916733901256e-09	0	chr2	95740307	113382888
chr2	113307870	113308474	113308090	23	3	5	4.36051195151776e-09	6.20520428606941e-06	2.25409976645566e-05	2254.09976645566	2.23314145685682e-06	223.314145685682	2030.78562076998	2.74190255427945e-05	0	chr2	95740307	113382888
chr2	141501478	141502763	141502359	43	55	12	0	6.69544045668324e-05	4.21418651989537e-05	4214.18651989537	4.09409267090418e-05	4094.09267090418	120.093848991195	0	0	chr2	132299714	154108920
chr2	148244285	148245249	148244971	32	9	11	5.11812814352197e-14	2.25630393257958e-08	3.13613880550353e-05	3136.13880550353	6.69942437057047e-06	669.942437057047	2466.19636844648	8.49418530655583e-10	0	chr2	132299714	154108920
chr2	163856143	163857397	163857125	37	13	13	5.55111512312578e-16	1.9576862353432e-10	3.62616049386346e-05	3626.16049386346	9.67694631304624e-06	967.694631304624	2658.46586255883	1.248843826705e-11	0	chr2	163840132	163857127
chr2	231576760	231577219	231576986	34	15	3	9.99200722162641e-16	7.91749602624403e-06	3.3321474808475e-05	3332.1474808475	1.11657072842841e-05	1116.57072842841	2215.57675241909	2.12216118803717e-11	0	chr2	231519166	231708397
chr20	35154592	35155060	35154827	23	8	5	4.75750783213158e-09	0.000160284301768066	2.25409976645566e-05	2254.09976645566	5.95504388495153e-06	595.504388495153	1658.59537796051	2.97306845105099e-05	0	chr20	32040757	45342320
chr20	36000069	36001217	36000979	24	8	8	2.8300880527965e-09	4.29770704177823e-05	2.35210410412765e-05	2352.10410412765	5.95504388495153e-06	595.504388495153	1756.5997156325	1.84357678857238e-05	0	chr20	32040757	45342320
chr20	47173853	47174980	47174645	35	20	5	3.38995498339045e-12	0.00064127152232718	3.43015181851949e-05	3430.15181851949	1.48876097123788e-05	1488.76097123788	1941.39084728161	4.2369108227345e-08	0	chr20	44765394	50727608
chr20	47173853	47174980	47174645	35	20	5	3.38995498339045e-12	0.00064127152232718	3.43015181851949e-05	3430.15181851949	1.48876097123788e-05	1488.76097123788	1941.39084728161	4.2369108227345e-08	0	chr20	47159570	63657538
chr20	47598805	47600173	47599702	48	26	12	9.55414636294449e-11	3.34038593208241e-05	4.7042082082553e-05	4704.2082082553	1.93538926260925e-05	1935.38926260925	2768.81894564605	8.68774547710576e-07	0	chr20	47344997	54149590
chr20	47598805	47600173	47599702	48	26	12	9.55414636294449e-11	3.34038593208241e-05	4.7042082082553e-05	4704.2082082553	1.93538926260925e-05	1935.38926260925	2768.81894564605	8.68774547710576e-07	0	chr20	47382374	50728186
chr20	47598805	47600173	47599702	48	26	12	9.55414636294449e-11	3.34038593208241e-05	4.7042082082553e-05	4704.2082082553	1.93538926260925e-05	1935.38926260925	2768.81894564605	8.68774547710576e-07	0	chr20	44765394	50727608
chr20	47598805	47600173	47599702	48	26	12	9.55414636294449e-11	3.34038593208241e-05	4.7042082082553e-05	4704.2082082553	1.93538926260925e-05	1935.38926260925	2768.81894564605	8.68774547710576e-07	0	chr20	47344960	50764745
chr20	47598805	47600173	47599702	48	26	12	9.55414636294449e-11	3.34038593208241e-05	4.7042082082553e-05	4704.2082082553	1.93538926260925e-05	1935.38926260925	2768.81894564605	8.68774547710576e-07	0	chr20	47344997	54149590
chr20	47598805	47600173	47599702	48	26	12	9.55414636294449e-11	3.34038593208241e-05	4.7042082082553e-05	4704.2082082553	1.93538926260925e-05	1935.38926260925	2768.81894564605	8.68774547710576e-07	0	chr20	47382321	50728017
chr20	47598805	47600173	47599702	48	26	12	9.55414636294449e-11	3.34038593208241e-05	4.7042082082553e-05	4704.2082082553	1.93538926260925e-05	1935.38926260925	2768.81894564605	8.68774547710576e-07	0	chr20	47159570	63657538
chr20	51984622	51985760	51985314	66	46	14	0	0.000429150542182399	6.46828628635103e-05	6468.28628635103	3.42415023384713e-05	3424.15023384713	3044.1360525039	0	0	chr20	50727090	54195896
chr20	51984622	51985760	51985314	66	46	14	0	0.000429150542182399	6.46828628635103e-05	6468.28628635103	3.42415023384713e-05	3424.15023384713	3044.1360525039	0	0	chr20	50727140	54124300
chr20	51984622	51985760	51985314	66	46	14	0	0.000429150542182399	6.46828628635103e-05	6468.28628635103	3.42415023384713e-05	3424.15023384713	3044.1360525039	0	0	chr20	50763971	54124518
chr20	51984622	51985760	51985314	66	46	14	0	0.000429150542182399	6.46828628635103e-05	6468.28628635103	3.42415023384713e-05	3424.15023384713	3044.1360525039	0	0	chr20	50727036	54127706
chr20	51984622	51985760	51985314	66	46	14	0	0.000429150542182399	6.46828628635103e-05	6468.28628635103	3.42415023384713e-05	3424.15023384713	3044.1360525039	0	0	chr20	50727090	54195928
chr20	51984622	51985760	51985314	66	46	14	0	0.000429150542182399	6.46828628635103e-05	6468.28628635103	3.42415023384713e-05	3424.15023384713	3044.1360525039	0	0	chr20	50727106	54149736
chr20	51984622	51985760	51985314	66	46	14	0	0.000429150542182399	6.46828628635103e-05	6468.28628635103	3.42415023384713e-05	3424.15023384713	3044.1360525039	0	0	chr20	50727458	53662319
chr20	51984622	51985760	51985314	66	46	14	0	0.000429150542182399	6.46828628635103e-05	6468.28628635103	3.42415023384713e-05	3424.15023384713	3044.1360525039	0	0	chr20	50763971	54124518
chr20	51984622	51985760	51985314	66	46	14	0	0.000429150542182399	6.46828628635103e-05	6468.28628635103	3.42415023384713e-05	3424.15023384713	3044.1360525039	0	0	chr20	51387432	53429318
chr20	51984622	51985760	51985314	66	46	14	0	0.000429150542182399	6.46828628635103e-05	6468.28628635103	3.42415023384713e-05	3424.15023384713	3044.1360525039	0	0	chr20	50727111	54149680
chr20	51984622	51985760	51985314	66	46	14	0	0.000429150542182399	6.46828628635103e-05	6468.28628635103	3.42415023384713e-05	3424.15023384713	3044.1360525039	0	0	chr20	50727403	57158144
chr20	51984622	51985760	51985314	66	46	14	0	0.000429150542182399	6.46828628635103e-05	6468.28628635103	3.42415023384713e-05	3424.15023384713	3044.1360525039	0	0	chr20	47344997	54149590
chr20	51984622	51985760	51985314	66	46	14	0	0.000429150542182399	6.46828628635103e-05	6468.28628635103	3.42415023384713e-05	3424.15023384713	3044.1360525039	0	0	chr20	48075712	54123947
chr20	51984622	51985760	51985314	66	46	14	0	0.000429150542182399	6.46828628635103e-05	6468.28628635103	3.42415023384713e-05	3424.15023384713	3044.1360525039	0	0	chr20	48697764	54149625
chr20	51984622	51985760	51985314	66	46	14	0	0.000429150542182399	6.46828628635103e-05	6468.28628635103	3.42415023384713e-05	3424.15023384713	3044.1360525039	0	0	chr20	47344997	54149590
chr20	51984622	51985760	51985314	66	46	14	0	0.000429150542182399	6.46828628635103e-05	6468.28628635103	3.42415023384713e-05	3424.15023384713	3044.1360525039	0	0	chr20	48075953	54149660
chr20	51984622	51985760	51985314	66	46	14	0	0.000429150542182399	6.46828628635103e-05	6468.28628635103	3.42415023384713e-05	3424.15023384713	3044.1360525039	0	0	chr20	48571904	54124017
chr20	51984622	51985760	51985314	66	46	14	0	0.000429150542182399	6.46828628635103e-05	6468.28628635103	3.42415023384713e-05	3424.15023384713	3044.1360525039	0	0	chr20	48571915	54149631
chr20	51984622	51985760	51985314	66	46	14	0	0.000429150542182399	6.46828628635103e-05	6468.28628635103	3.42415023384713e-05	3424.15023384713	3044.1360525039	0	0	chr20	48864488	54149669
chr20	51984622	51985760	51985314	66	46	14	0	0.000429150542182399	6.46828628635103e-05	6468.28628635103	3.42415023384713e-05	3424.15023384713	3044.1360525039	0	0	chr20	47159570	63657538
chr20	53800320	53801731	53801003	66	47	12	0	1.33446625316669e-05	6.46828628635103e-05	6468.28628635103	3.49858828240902e-05	3498.58828240902	2969.69800394201	0	0	chr20	53773888	53852768
chr20	53800320	53801731	53801003	66	47	12	0	1.33446625316669e-05	6.46828628635103e-05	6468.28628635103	3.49858828240902e-05	3498.58828240902	2969.69800394201	0	0	chr20	53661489	54195963
chr20	53800320	53801731	53801003	66	47	12	0	1.33446625316669e-05	6.46828628635103e-05	6468.28628635103	3.49858828240902e-05	3498.58828240902	2969.69800394201	0	0	chr20	53661564	53828908
chr20	53800320	53801731	53801003	66	47	12	0	1.33446625316669e-05	6.46828628635103e-05	6468.28628635103	3.49858828240902e-05	3498.58828240902	2969.69800394201	0	0	chr20	53661837	53806274
chr20	53800320	53801731	53801003	66	47	12	0	1.33446625316669e-05	6.46828628635103e-05	6468.28628635103	3.49858828240902e-05	3498.58828240902	2969.69800394201	0	0	chr20	53661855	54124177
chr20	53800320	53801731	53801003	66	47	12	0	1.33446625316669e-05	6.46828628635103e-05	6468.28628635103	3.49858828240902e-05	3498.58828240902	2969.69800394201	0	0	chr20	53773724	54124164
chr20	53800320	53801731	53801003	66	47	12	0	1.33446625316669e-05	6.46828628635103e-05	6468.28628635103	3.49858828240902e-05	3498.58828240902	2969.69800394201	0	0	chr20	53607971	54124322
chr20	53800320	53801731	53801003	66	47	12	0	1.33446625316669e-05	6.46828628635103e-05	6468.28628635103	3.49858828240902e-05	3498.58828240902	2969.69800394201	0	0	chr20	53607993	54149627
chr20	53800320	53801731	53801003	66	47	12	0	1.33446625316669e-05	6.46828628635103e-05	6468.28628635103	3.49858828240902e-05	3498.58828240902	2969.69800394201	0	0	chr20	53608039	54195876
chr20	53800320	53801731	53801003	66	47	12	0	1.33446625316669e-05	6.46828628635103e-05	6468.28628635103	3.49858828240902e-05	3498.58828240902	2969.69800394201	0	0	chr20	53660808	54149739
chr20	53800320	53801731	53801003	66	47	12	0	1.33446625316669e-05	6.46828628635103e-05	6468.28628635103	3.49858828240902e-05	3498.58828240902	2969.69800394201	0	0	chr20	53661522	53983567
chr20	53800320	53801731	53801003	66	47	12	0	1.33446625316669e-05	6.46828628635103e-05	6468.28628635103	3.49858828240902e-05	3498.58828240902	2969.69800394201	0	0	chr20	53724928	54195800
chr20	53800320	53801731	53801003	66	47	12	0	1.33446625316669e-05	6.46828628635103e-05	6468.28628635103	3.49858828240902e-05	3498.58828240902	2969.69800394201	0	0	chr20	53661555	54149726
chr20	53800320	53801731	53801003	66	47	12	0	1.33446625316669e-05	6.46828628635103e-05	6468.28628635103	3.49858828240902e-05	3498.58828240902	2969.69800394201	0	0	chr20	50727090	54195896
chr20	53800320	53801731	53801003	66	47	12	0	1.33446625316669e-05	6.46828628635103e-05	6468.28628635103	3.49858828240902e-05	3498.58828240902	2969.69800394201	0	0	chr20	50727140	54124300
chr20	53800320	53801731	53801003	66	47	12	0	1.33446625316669e-05	6.46828628635103e-05	6468.28628635103	3.49858828240902e-05	3498.58828240902	2969.69800394201	0	0	chr20	50763971	54124518
chr20	53800320	53801731	53801003	66	47	12	0	1.33446625316669e-05	6.46828628635103e-05	6468.28628635103	3.49858828240902e-05	3498.58828240902	2969.69800394201	0	0	chr20	50727036	54127706
chr20	53800320	53801731	53801003	66	47	12	0	1.33446625316669e-05	6.46828628635103e-05	6468.28628635103	3.49858828240902e-05	3498.58828240902	2969.69800394201	0	0	chr20	50727090	54195928
chr20	53800320	53801731	53801003	66	47	12	0	1.33446625316669e-05	6.46828628635103e-05	6468.28628635103	3.49858828240902e-05	3498.58828240902	2969.69800394201	0	0	chr20	50727106	54149736
chr20	53800320	53801731	53801003	66	47	12	0	1.33446625316669e-05	6.46828628635103e-05	6468.28628635103	3.49858828240902e-05	3498.58828240902	2969.69800394201	0	0	chr20	50763971	54124518
chr20	53800320	53801731	53801003	66	47	12	0	1.33446625316669e-05	6.46828628635103e-05	6468.28628635103	3.49858828240902e-05	3498.58828240902	2969.69800394201	0	0	chr20	53661529	57264083
chr20	53800320	53801731	53801003	66	47	12	0	1.33446625316669e-05	6.46828628635103e-05	6468.28628635103	3.49858828240902e-05	3498.58828240902	2969.69800394201	0	0	chr20	50727111	54149680
chr20	53800320	53801731	53801003	66	47	12	0	1.33446625316669e-05	6.46828628635103e-05	6468.28628635103	3.49858828240902e-05	3498.58828240902	2969.69800394201	0	0	chr20	50727403	57158144
chr20	53800320	53801731	53801003	66	47	12	0	1.33446625316669e-05	6.46828628635103e-05	6468.28628635103	3.49858828240902e-05	3498.58828240902	2969.69800394201	0	0	chr20	47344997	54149590
chr20	53800320	53801731	53801003	66	47	12	0	1.33446625316669e-05	6.46828628635103e-05	6468.28628635103	3.49858828240902e-05	3498.58828240902	2969.69800394201	0	0	chr20	48075712	54123947
chr20	53800320	53801731	53801003	66	47	12	0	1.33446625316669e-05	6.46828628635103e-05	6468.28628635103	3.49858828240902e-05	3498.58828240902	2969.69800394201	0	0	chr20	48697764	54149625
chr20	53800320	53801731	53801003	66	47	12	0	1.33446625316669e-05	6.46828628635103e-05	6468.28628635103	3.49858828240902e-05	3498.58828240902	2969.69800394201	0	0	chr20	47344997	54149590
chr20	53800320	53801731	53801003	66	47	12	0	1.33446625316669e-05	6.46828628635103e-05	6468.28628635103	3.49858828240902e-05	3498.58828240902	2969.69800394201	0	0	chr20	48075953	54149660
chr20	53800320	53801731	53801003	66	47	12	0	1.33446625316669e-05	6.46828628635103e-05	6468.28628635103	3.49858828240902e-05	3498.58828240902	2969.69800394201	0	0	chr20	48571904	54124017
chr20	53800320	53801731	53801003	66	47	12	0	1.33446625316669e-05	6.46828628635103e-05	6468.28628635103	3.49858828240902e-05	3498.58828240902	2969.69800394201	0	0	chr20	48571915	54149631
chr20	53800320	53801731	53801003	66	47	12	0	1.33446625316669e-05	6.46828628635103e-05	6468.28628635103	3.49858828240902e-05	3498.58828240902	2969.69800394201	0	0	chr20	48864488	54149669
chr20	53800320	53801731	53801003	66	47	12	0	1.33446625316669e-05	6.46828628635103e-05	6468.28628635103	3.49858828240902e-05	3498.58828240902	2969.69800394201	0	0	chr20	47159570	63657538
chr20	57710573	57711143	57710829	27	7	8	4.87521167880089e-09	7.26935535200202e-06	2.6461171171436e-05	2646.1171171436	5.21066339933259e-06	521.066339933259	2125.05077721035	3.02793315817923e-05	0	chr20	57693409	58055539
chr20	57710573	57711143	57710829	27	7	8	4.87521167880089e-09	7.26935535200202e-06	2.6461171171436e-05	2646.1171171436	5.21066339933259e-06	521.066339933259	2125.05077721035	3.02793315817923e-05	0	chr20	47159570	63657538
chr20	58111855	58112575	58112102	25	9	6	2.35024844030818e-09	0.00026380920384006	2.45010844179963e-05	2450.10844179963	6.69942437057047e-06	669.942437057047	1780.16600474259	1.55511586983266e-05	0	chr20	47159570	63657538
chr21	15164451	15165523	15164756	24	14	8	6.81495992971293e-09	0.00091687497665538	2.35210410412765e-05	2352.10410412765	1.04213267986652e-05	1042.13267986652	1309.97142426113	4.13956749436197e-05	0	chr21	15132517	15173329
chr21	15164451	15165523	15164756	24	14	8	6.81495992971293e-09	0.00091687497665538	2.35210410412765e-05	2352.10410412765	1.04213267986652e-05	1042.13267986652	1309.97142426113	4.13956749436197e-05	0	chr21	15132490	15173344
chr21	15164451	15165523	15164756	24	14	8	6.81495992971293e-09	0.00091687497665538	2.35210410412765e-05	2352.10410412765	1.04213267986652e-05	1042.13267986652	1309.97142426113	4.13956749436197e-05	0	chr21	14863185	15210484
chr21	15164451	15165523	15164756	24	14	8	6.81495992971293e-09	0.00091687497665538	2.35210410412765e-05	2352.10410412765	1.04213267986652e-05	1042.13267986652	1309.97142426113	4.13956749436197e-05	0	chr21	15003030	15200314
chr21	15164451	15165523	15164756	24	14	8	6.81495992971293e-09	0.00091687497665538	2.35210410412765e-05	2352.10410412765	1.04213267986652e-05	1042.13267986652	1309.97142426113	4.13956749436197e-05	0	chr21	15003112	15210795
chr21	15164451	15165523	15164756	24	14	8	6.81495992971293e-09	0.00091687497665538	2.35210410412765e-05	2352.10410412765	1.04213267986652e-05	1042.13267986652	1309.97142426113	4.13956749436197e-05	0	chr21	15004695	15210962
chr21	15164451	15165523	15164756	24	14	8	6.81495992971293e-09	0.00091687497665538	2.35210410412765e-05	2352.10410412765	1.04213267986652e-05	1042.13267986652	1309.97142426113	4.13956749436197e-05	0	chr21	15005031	15204375
chr21	15164451	15165523	15164756	24	14	8	6.81495992971293e-09	0.00091687497665538	2.35210410412765e-05	2352.10410412765	1.04213267986652e-05	1042.13267986652	1309.97142426113	4.13956749436197e-05	0	chr21	15005080	15343028
chr21	15164451	15165523	15164756	24	14	8	6.81495992971293e-09	0.00091687497665538	2.35210410412765e-05	2352.10410412765	1.04213267986652e-05	1042.13267986652	1309.97142426113	4.13956749436197e-05	0	chr21	15005109	15200448
chr21	15164451	15165523	15164756	24	14	8	6.81495992971293e-09	0.00091687497665538	2.35210410412765e-05	2352.10410412765	1.04213267986652e-05	1042.13267986652	1309.97142426113	4.13956749436197e-05	0	chr21	14863062	15587436
chr21	15164451	15165523	15164756	24	14	8	6.81495992971293e-09	0.00091687497665538	2.35210410412765e-05	2352.10410412765	1.04213267986652e-05	1042.13267986652	1309.97142426113	4.13956749436197e-05	0	chr21	14863242	15173629
chr21	15164451	15165523	15164756	24	14	8	6.81495992971293e-09	0.00091687497665538	2.35210410412765e-05	2352.10410412765	1.04213267986652e-05	1042.13267986652	1309.97142426113	4.13956749436197e-05	0	chr21	15003092	15342988
chr21	15164451	15165523	15164756	24	14	8	6.81495992971293e-09	0.00091687497665538	2.35210410412765e-05	2352.10410412765	1.04213267986652e-05	1042.13267986652	1309.97142426113	4.13956749436197e-05	0	chr21	15003119	15173648
chr21	15164451	15165523	15164756	24	14	8	6.81495992971293e-09	0.00091687497665538	2.35210410412765e-05	2352.10410412765	1.04213267986652e-05	1042.13267986652	1309.97142426113	4.13956749436197e-05	0	chr21	15004988	15210962
chr21	15164451	15165523	15164756	24	14	8	6.81495992971293e-09	0.00091687497665538	2.35210410412765e-05	2352.10410412765	1.04213267986652e-05	1042.13267986652	1309.97142426113	4.13956749436197e-05	0	chr21	15005080	15343123
chr21	15164451	15165523	15164756	24	14	8	6.81495992971293e-09	0.00091687497665538	2.35210410412765e-05	2352.10410412765	1.04213267986652e-05	1042.13267986652	1309.97142426113	4.13956749436197e-05	0	chr21	15005093	15587534
chr21	15164451	15165523	15164756	24	14	8	6.81495992971293e-09	0.00091687497665538	2.35210410412765e-05	2352.10410412765	1.04213267986652e-05	1042.13267986652	1309.97142426113	4.13956749436197e-05	0	chr21	15005159	15200448
chr21	15164451	15165523	15164756	24	14	8	6.81495992971293e-09	0.00091687497665538	2.35210410412765e-05	2352.10410412765	1.04213267986652e-05	1042.13267986652	1309.97142426113	4.13956749436197e-05	0	chr21	15132428	15211036
chr21	15164451	15165523	15164756	24	14	8	6.81495992971293e-09	0.00091687497665538	2.35210410412765e-05	2352.10410412765	1.04213267986652e-05	1042.13267986652	1309.97142426113	4.13956749436197e-05	0	chr21	15132490	15343099
chr21	15164451	15165523	15164756	24	14	8	6.81495992971293e-09	0.00091687497665538	2.35210410412765e-05	2352.10410412765	1.04213267986652e-05	1042.13267986652	1309.97142426113	4.13956749436197e-05	0	chr21	14863030	15210925
chr21	15164451	15165523	15164756	24	14	8	6.81495992971293e-09	0.00091687497665538	2.35210410412765e-05	2352.10410412765	1.04213267986652e-05	1042.13267986652	1309.97142426113	4.13956749436197e-05	0	chr21	15003174	15587501
chr21	15164451	15165523	15164756	24	14	8	6.81495992971293e-09	0.00091687497665538	2.35210410412765e-05	2352.10410412765	1.04213267986652e-05	1042.13267986652	1309.97142426113	4.13956749436197e-05	0	chr21	15005090	15200273
chr21	15164451	15165523	15164756	24	14	8	6.81495992971293e-09	0.00091687497665538	2.35210410412765e-05	2352.10410412765	1.04213267986652e-05	1042.13267986652	1309.97142426113	4.13956749436197e-05	0	chr21	15132570	15211075
chr22	24210983	24211879	24211641	27	5	7	6.21455109595104e-11	9.03116084111089e-05	2.6461171171436e-05	2646.1171171436	3.72190242809471e-06	372.190242809471	2273.92687433413	5.89822656107269e-07	0	chr22	20916831	28814068
chr3	34011699	34012754	34012106	34	20	9	2.55351295663786e-15	0.000377881431779081	3.3321474808475e-05	3332.1474808475	1.48876097123788e-05	1488.76097123788	1843.38650960962	5.10218431831452e-11	0	chr3	32447521	64491732
chr3	63561962	63562965	63562259	26	8	14	4.81830786380755e-09	1.57935569555789e-06	2.54811277947162e-05	2548.11277947162	5.95504388495153e-06	595.504388495153	1952.60839097647	3.00488080959167e-05	0	chr3	32447521	64491732
chr3	63561962	63562965	63562259	26	8	14	4.81830786380755e-09	1.57935569555789e-06	2.54811277947162e-05	2548.11277947162	5.95504388495153e-06	595.504388495153	1952.60839097647	3.00488080959167e-05	0	chr3	47910522	111366912
chr3	64316556	64317979	64317417	27	2	6	4.16849010864695e-09	6.87723544778862e-10	2.6461171171436e-05	2646.1171171436	1.48876097123788e-06	148.876097123788	2497.24102001982	2.6485766405426e-05	0	chr3	32447521	64491732
chr3	64316556	64317979	64317417	27	2	6	4.16849010864695e-09	6.87723544778862e-10	2.6461171171436e-05	2646.1171171436	1.48876097123788e-06	148.876097123788	2497.24102001982	2.6485766405426e-05	0	chr3	47910522	111366912
chr3	64490992	64491931	64491527	55	15	9	0	2.25375273998907e-14	5.39023857195919e-05	5390.23857195919	1.11657072842841e-05	1116.57072842841	4273.66784353078	0	0	chr3	64491136	64502049
chr3	64490992	64491931	64491527	55	15	9	0	2.25375273998907e-14	5.39023857195919e-05	5390.23857195919	1.11657072842841e-05	1116.57072842841	4273.66784353078	0	0	chr3	64491534	64492044
chr3	64490992	64491931	64491527	55	15	9	0	2.25375273998907e-14	5.39023857195919e-05	5390.23857195919	1.11657072842841e-05	1116.57072842841	4273.66784353078	0	0	chr3	64491200	64491709
chr3	64490992	64491931	64491527	55	15	9	0	2.25375273998907e-14	5.39023857195919e-05	5390.23857195919	1.11657072842841e-05	1116.57072842841	4273.66784353078	0	0	chr3	64491346	64491970
chr3	64490992	64491931	64491527	55	15	9	0	2.25375273998907e-14	5.39023857195919e-05	5390.23857195919	1.11657072842841e-05	1116.57072842841	4273.66784353078	0	0	chr3	32447521	64491732
chr3	64490992	64491931	64491527	55	15	9	0	2.25375273998907e-14	5.39023857195919e-05	5390.23857195919	1.11657072842841e-05	1116.57072842841	4273.66784353078	0	0	chr3	47910522	111366912
chr3	101440116	101440584	101440351	23	10	5	4.06648126283216e-09	0.000455571780738739	2.25409976645566e-05	2254.09976645566	7.44380485618941e-06	744.380485618941	1509.71928083672	2.59461836975006e-05	0	chr3	47910522	111366912
chr3	102066152	102067222	102066839	27	7	19	8.07054756357672e-10	8.59203018621635e-07	2.6461171171436e-05	2646.1171171436	5.21066339933259e-06	521.066339933259	2125.05077721035	5.96379690394039e-06	0	chr3	47910522	111366912
chr3	102113172	102114456	102113725	29	15	13	1.76344494562386e-11	0.000295829799394687	2.84212579248758e-05	2842.12579248758	1.11657072842841e-05	1116.57072842841	1725.55506405916	1.90071107598524e-07	0	chr3	47910522	111366912
chr3	146097343	146097837	146097552	26	15	5	1.0464795696663e-10	0.00074607718406916	2.54811277947162e-05	2548.11277947162	1.11657072842841e-05	1116.57072842841	1431.54205104321	9.40320099901119e-07	0	chr3	140947027	193879769
chr3	150253104	150254315	150253828.5	26	4	14	4.9069157626036e-09	5.35258318778986e-08	2.54811277947162e-05	2548.11277947162	2.97752194247576e-06	297.752194247576	2250.36058522404	3.04140452797697e-05	0	chr3	150237678	150737801
chr3	150253104	150254315	150253828.5	26	4	14	4.9069157626036e-09	5.35258318778986e-08	2.54811277947162e-05	2548.11277947162	2.97752194247576e-06	297.752194247576	2250.36058522404	3.04140452797697e-05	0	chr3	150240469	150737565
chr3	150253104	150254315	150253828.5	26	4	14	4.9069157626036e-09	5.35258318778986e-08	2.54811277947162e-05	2548.11277947162	2.97752194247576e-06	297.752194247576	2250.36058522404	3.04140452797697e-05	0	chr3	140947027	193879769
chr3	150253104	150254315	150253828.5	26	4	14	4.9069157626036e-09	5.35258318778986e-08	2.54811277947162e-05	2548.11277947162	2.97752194247576e-06	297.752194247576	2250.36058522404	3.04140452797697e-05	0	chr3	148891665	189682134
chr3	153138268	153139413	153139128	39	18	6	0	1.05429356852538e-05	3.82216916920743e-05	3822.16916920743	1.33988487411409e-05	1339.88487411409	2482.28429509334	0	0	chr3	140947027	193879769
chr3	153138268	153139413	153139128	39	18	6	0	1.05429356852538e-05	3.82216916920743e-05	3822.16916920743	1.33988487411409e-05	1339.88487411409	2482.28429509334	0	0	chr3	150737007	161340155
chr3	153138268	153139413	153139128	39	18	6	0	1.05429356852538e-05	3.82216916920743e-05	3822.16916920743	1.33988487411409e-05	1339.88487411409	2482.28429509334	0	0	chr3	148891665	189682134
chr3	185562643	185563529	185563300	27	9	6	4.29765112386349e-11	9.0979152048698e-06	2.6461171171436e-05	2646.1171171436	6.69942437057047e-06	669.942437057047	1976.17468008656	4.21047535032453e-07	0	chr3	140947027	193879769
chr3	185562643	185563529	185563300	27	9	6	4.29765112386349e-11	9.0979152048698e-06	2.6461171171436e-05	2646.1171171436	6.69942437057047e-06	669.942437057047	1976.17468008656	4.21047535032453e-07	0	chr3	148891665	189682134
chr3	185562643	185563529	185563300	27	9	6	4.29765112386349e-11	9.0979152048698e-06	2.6461171171436e-05	2646.1171171436	6.69942437057047e-06	669.942437057047	1976.17468008656	4.21047535032453e-07	0	chr3	170491463	190459723
chr4	48800941	48802340	48801951	28	8	20	6.34849950387206e-11	6.01961256174732e-07	2.74412145481559e-05	2744.12145481559	5.95504388495153e-06	595.504388495153	2148.61706632044	6.00658632903455e-07	0	chr4	23800986	120352709
chr4	72129746	72130205	72129976	26	8	4	5.73361358391367e-11	3.58615722162448e-06	2.54811277947162e-05	2548.11277947162	5.95504388495153e-06	595.504388495153	1952.60839097647	5.47599403168198e-07	0	chr4	23800986	120352709
chr4	73729823	73730841	73730559	34	6	19	3.44169137633799e-15	1.60778945712536e-10	3.3321474808475e-05	3332.1474808475	4.46628291371365e-06	446.628291371365	2885.51918947614	6.74375666420701e-11	0	chr4	23800986	120352709
chr4	74623996	74625284	74624927	35	29	12	2.56461518688411e-14	0.000729922206209155	3.43015181851949e-05	3430.15181851949	2.15870340829493e-05	2158.70340829493	1271.44841022456	4.42559031088585e-10	0	chr4	23800986	120352709
chr4	99561078	99561901	99561350	27	2	8	3.84319243096343e-11	9.78505387827511e-10	2.6461171171436e-05	2646.1171171436	1.48876097123788e-06	148.876097123788	2497.24102001982	3.80202896076312e-07	0	chr4	23800986	120352709
chr4	101264144	101265416	101264866	32	20	14	7.43405337289005e-13	8.66205582115143e-05	3.13613880550353e-05	3136.13880550353	1.48876097123788e-05	1488.76097123788	1647.37783426565	1.05014406101233e-08	0	chr4	23800986	120352709
chr4	102255573	102256819	102256283	26	8	12	7.08810898863987e-10	1.3607147264505e-07	2.54811277947162e-05	2548.11277947162	5.95504388495153e-06	595.504388495153	1952.60839097647	5.27632926356862e-06	0	chr4	23800986	120352709
chr4	119343054	119343864	119343284	23	11	9	6.77833922324567e-09	0.000732519912881813	2.25409976645566e-05	2254.09976645566	8.18818534180835e-06	818.818534180835	1435.28123227483	4.12557436172854e-05	0	chr4	23800986	120352709
chr4	119343054	119343864	119343284	23	11	9	6.77833922324567e-09	0.000732519912881813	2.25409976645566e-05	2254.09976645566	8.18818534180835e-06	818.818534180835	1435.28123227483	4.12557436172854e-05	0	chr4	115536820	182657468
chr4	156305284	156305743	156305514	37	17	3	0	6.33293521501432e-06	3.62616049386346e-05	3626.16049386346	1.2654468255522e-05	1265.4468255522	2360.71366831126	0	0	chr4	145103688	176576385
chr4	156305284	156305743	156305514	37	17	3	0	6.33293521501432e-06	3.62616049386346e-05	3626.16049386346	1.2654468255522e-05	1265.4468255522	2360.71366831126	0	0	chr4	115536820	182657468
chr4	160658699	160659229	160658996	40	17	4	0	1.1181644499203e-10	3.92017350687941e-05	3920.17350687941	1.2654468255522e-05	1265.4468255522	2654.72668132721	0	0	chr4	145103688	176576385
chr4	160658699	160659229	160658996	40	17	4	0	1.1181644499203e-10	3.92017350687941e-05	3920.17350687941	1.2654468255522e-05	1265.4468255522	2654.72668132721	0	0	chr4	115536820	182657468
chr4	171203039	171204191	171203672	40	20	16	0	3.94395449854201e-07	3.92017350687941e-05	3920.17350687941	1.48876097123788e-05	1488.76097123788	2431.41253564153	0	0	chr4	145103688	176576385
chr4	171203039	171204191	171203672	40	20	16	0	3.94395449854201e-07	3.92017350687941e-05	3920.17350687941	1.48876097123788e-05	1488.76097123788	2431.41253564153	0	0	chr4	115536820	182657468
chr4	172393226	172394212	172393481	24	16	18	3.65046570749428e-09	0.000612606463587073	2.35210410412765e-05	2352.10410412765	1.19100877699031e-05	1191.00877699031	1161.09532713734	2.33900740688051e-05	0	chr4	145103688	176576385
chr4	172393226	172394212	172393481	24	16	18	3.65046570749428e-09	0.000612606463587073	2.35210410412765e-05	2352.10410412765	1.19100877699031e-05	1191.00877699031	1161.09532713734	2.33900740688051e-05	0	chr4	115536820	182657468
chr5	67248830	67249620	67249170	29	10	6	4.39814851205256e-12	1.35248546806466e-07	2.84212579248758e-05	2842.12579248758	7.44380485618941e-06	744.380485618941	2097.74530686863	5.25431205507706e-08	0	chr5	67235783	68240113
chr5	137890098	137891347	137891124	36	9	12	3.33066907387547e-16	2.93831946551748e-08	3.52815615619147e-05	3528.15615619147	6.69942437057047e-06	669.942437057047	2858.21371913443	7.66335984568979e-12	0	chr5	137850148	137889348
chr5	137890098	137891347	137891124	36	9	12	3.33066907387547e-16	2.93831946551748e-08	3.52815615619147e-05	3528.15615619147	6.69942437057047e-06	669.942437057047	2858.21371913443	7.66335984568979e-12	0	chr5	137808588	137889406
chr5	137890098	137891347	137891124	36	9	12	3.33066907387547e-16	2.93831946551748e-08	3.52815615619147e-05	3528.15615619147	6.69942437057047e-06	669.942437057047	2858.21371913443	7.66335984568979e-12	0	chr5	133249216	139709828
chr6	16768951	16770117	16769322	33	11	11	8.93729534823251e-14	2.35953915417308e-06	3.23414314317552e-05	3234.14314317552	8.18818534180835e-06	818.818534180835	2415.32460899468	1.44380960496985e-09	0	chr6	11067071	17389939
chr6	44203826	44205041	44204296	27	8	7	7.33155758325665e-11	0.00024766868077486	2.6461171171436e-05	2646.1171171436	5.95504388495153e-06	595.504388495153	2050.61272864845	6.78866021467844e-07	0	chr6	44110069	44238675
chr6	44203826	44205041	44204296	27	8	7	7.33155758325665e-11	0.00024766868077486	2.6461171171436e-05	2646.1171171436	5.95504388495153e-06	595.504388495153	2050.61272864845	6.78866021467844e-07	0	chr6	43804642	44238521
chr6	122651839	122653385	122652793	53	28	13	0	6.83580303473263e-09	5.19422989661522e-05	5194.22989661522	2.08426535973304e-05	2084.26535973304	3109.96453688219	0	0	chr6	122620656	122697579
chr6	122651839	122653385	122652793	53	28	13	0	6.83580303473263e-09	5.19422989661522e-05	5194.22989661522	2.08426535973304e-05	2084.26535973304	3109.96453688219	0	0	chr6	122609566	122697457
chr6	122651839	122653385	122652793	53	28	13	0	6.83580303473263e-09	5.19422989661522e-05	5194.22989661522	2.08426535973304e-05	2084.26535973304	3109.96453688219	0	0	chr6	122622833	122697525
chr7	116316141	116317450	116317204	34	7	11	1.24344978758018e-14	1.71578151686447e-09	3.3321474808475e-05	3332.1474808475	5.21066339933259e-06	521.066339933259	2811.08114091424	2.23461759287333e-10	0	chr7	116272925	116340306
chr7	116316141	116317450	116317204	34	7	11	1.24344978758018e-14	1.71578151686447e-09	3.3321474808475e-05	3332.1474808475	5.21066339933259e-06	521.066339933259	2811.08114091424	2.23461759287333e-10	0	chr7	116317012	116427019
chr7	151736088	151736965	151736406	24	9	6	2.24791518732559e-09	0.000552674893700256	2.35210410412765e-05	2352.10410412765	6.69942437057047e-06	669.942437057047	1682.1616670706	1.50047992920877e-05	0	chr7	151694484	151857243
chr7	151736088	151736965	151736406	24	9	6	2.24791518732559e-09	0.000552674893700256	2.35210410412765e-05	2352.10410412765	6.69942437057047e-06	669.942437057047	1682.1616670706	1.50047992920877e-05	0	chr7	151721270	151857216
chr8	78643344	78644718	78644510	31	12	9	1.81632486828676e-13	9.48152261037727e-07	3.03813446783155e-05	3038.13446783155	8.93256582742729e-06	893.25658274273	2144.87788508882	2.78605704612189e-09	0	chr8	33244813	127871118
chr8	78643344	78644718	78644510	31	12	9	1.81632486828676e-13	9.48152261037727e-07	3.03813446783155e-05	3038.13446783155	8.93256582742729e-06	893.25658274273	2144.87788508882	2.78605704612189e-09	0	chr8	28738807	116703824
chr8	88424766	88426214	88425556	44	16	12	0	1.852315545392e-08	4.31219085756736e-05	4312.19085756736	1.19100877699031e-05	1191.00877699031	3121.18208057705	0	0	chr8	80870085	121381656
chr8	88424766	88426214	88425556	44	16	12	0	1.852315545392e-08	4.31219085756736e-05	4312.19085756736	1.19100877699031e-05	1191.00877699031	3121.18208057705	0	0	chr8	33244813	127871118
chr8	88424766	88426214	88425556	44	16	12	0	1.852315545392e-08	4.31219085756736e-05	4312.19085756736	1.19100877699031e-05	1191.00877699031	3121.18208057705	0	0	chr8	28738807	116703824
chr8	90586884	90588108	90587682	40	29	18	1.98729921407903e-14	3.54165854199451e-07	3.92017350687941e-05	3920.17350687941	2.15870340829493e-05	2158.70340829493	1761.47009858449	3.46877138762372e-10	0	chr8	90581412	90913218
chr8	90586884	90588108	90587682	40	29	18	1.98729921407903e-14	3.54165854199451e-07	3.92017350687941e-05	3920.17350687941	2.15870340829493e-05	2158.70340829493	1761.47009858449	3.46877138762372e-10	0	chr8	90001393	90888014
chr8	90586884	90588108	90587682	40	29	18	1.98729921407903e-14	3.54165854199451e-07	3.92017350687941e-05	3920.17350687941	2.15870340829493e-05	2158.70340829493	1761.47009858449	3.46877138762372e-10	0	chr8	80870085	121381656
chr8	90586884	90588108	90587682	40	29	18	1.98729921407903e-14	3.54165854199451e-07	3.92017350687941e-05	3920.17350687941	2.15870340829493e-05	2158.70340829493	1761.47009858449	3.46877138762372e-10	0	chr8	33244813	127871118
chr8	90586884	90588108	90587682	40	29	18	1.98729921407903e-14	3.54165854199451e-07	3.92017350687941e-05	3920.17350687941	2.15870340829493e-05	2158.70340829493	1761.47009858449	3.46877138762372e-10	0	chr8	28738807	116703824
chr8	92053502	92054129	92053706	23	10	10	7.2548973495401e-09	0.000522802993828675	2.25409976645566e-05	2254.09976645566	7.44380485618941e-06	744.380485618941	1509.71928083672	4.38923891004792e-05	0	chr8	80870085	121381656
chr8	92053502	92054129	92053706	23	10	10	7.2548973495401e-09	0.000522802993828675	2.25409976645566e-05	2254.09976645566	7.44380485618941e-06	744.380485618941	1509.71928083672	4.38923891004792e-05	0	chr8	33244813	127871118
chr8	92053502	92054129	92053706	23	10	10	7.2548973495401e-09	0.000522802993828675	2.25409976645566e-05	2254.09976645566	7.44380485618941e-06	744.380485618941	1509.71928083672	4.38923891004792e-05	0	chr8	28738807	116703824
chr8	101408817	101410175	101409715.5	38	26	10	8.44879721739744e-14	0.000183307995460846	3.72416483153544e-05	3724.16483153544	1.93538926260925e-05	1935.38926260925	1788.7755689262	1.3795695756617e-09	0	chr8	101120491	101504333
chr8	101408817	101410175	101409715.5	38	26	10	8.44879721739744e-14	0.000183307995460846	3.72416483153544e-05	3724.16483153544	1.93538926260925e-05	1935.38926260925	1788.7755689262	1.3795695756617e-09	0	chr8	101120416	101467401
chr8	101408817	101410175	101409715.5	38	26	10	8.44879721739744e-14	0.000183307995460846	3.72416483153544e-05	3724.16483153544	1.93538926260925e-05	1935.38926260925	1788.7755689262	1.3795695756617e-09	0	chr8	101120399	101504679
chr8	101408817	101410175	101409715.5	38	26	10	8.44879721739744e-14	0.000183307995460846	3.72416483153544e-05	3724.16483153544	1.93538926260925e-05	1935.38926260925	1788.7755689262	1.3795695756617e-09	0	chr8	96359797	106624328
chr8	101408817	101410175	101409715.5	38	26	10	8.44879721739744e-14	0.000183307995460846	3.72416483153544e-05	3724.16483153544	1.93538926260925e-05	1935.38926260925	1788.7755689262	1.3795695756617e-09	0	chr8	80870085	121381656
chr8	101408817	101410175	101409715.5	38	26	10	8.44879721739744e-14	0.000183307995460846	3.72416483153544e-05	3724.16483153544	1.93538926260925e-05	1935.38926260925	1788.7755689262	1.3795695756617e-09	0	chr8	33244813	127871118
chr8	101408817	101410175	101409715.5	38	26	10	8.44879721739744e-14	0.000183307995460846	3.72416483153544e-05	3724.16483153544	1.93538926260925e-05	1935.38926260925	1788.7755689262	1.3795695756617e-09	0	chr8	28738807	116703824
chr8	109606484	109607445	109607136.5	24	9	13	6.08011452296608e-09	7.87481757391628e-05	2.35210410412765e-05	2352.10410412765	6.69942437057047e-06	669.942437057047	1682.1616670706	3.7154980401935e-05	0	chr8	109575497	109645368
chr8	109606484	109607445	109607136.5	24	9	13	6.08011452296608e-09	7.87481757391628e-05	2.35210410412765e-05	2352.10410412765	6.69942437057047e-06	669.942437057047	1682.1616670706	3.7154980401935e-05	0	chr8	109575040	109646422
chr8	109606484	109607445	109607136.5	24	9	13	6.08011452296608e-09	7.87481757391628e-05	2.35210410412765e-05	2352.10410412765	6.69942437057047e-06	669.942437057047	1682.1616670706	3.7154980401935e-05	0	chr8	80870085	121381656
chr8	109606484	109607445	109607136.5	24	9	13	6.08011452296608e-09	7.87481757391628e-05	2.35210410412765e-05	2352.10410412765	6.69942437057047e-06	669.942437057047	1682.1616670706	3.7154980401935e-05	0	chr8	33244813	127871118
chr8	109606484	109607445	109607136.5	24	9	13	6.08011452296608e-09	7.87481757391628e-05	2.35210410412765e-05	2352.10410412765	6.69942437057047e-06	669.942437057047	1682.1616670706	3.7154980401935e-05	0	chr8	28738807	116703824
chr8	115194289	115195232	115194685.5	40	27	20	0	1.73900838917884e-06	3.92017350687941e-05	3920.17350687941	2.00982731117114e-05	2009.82731117114	1910.34619570827	0	0	chr8	80870085	121381656
chr8	115194289	115195232	115194685.5	40	27	20	0	1.73900838917884e-06	3.92017350687941e-05	3920.17350687941	2.00982731117114e-05	2009.82731117114	1910.34619570827	0	0	chr8	33244813	127871118
chr8	115194289	115195232	115194685.5	40	27	20	0	1.73900838917884e-06	3.92017350687941e-05	3920.17350687941	2.00982731117114e-05	2009.82731117114	1910.34619570827	0	0	chr8	28738807	116703824
chr8	123527768	123529253	123528459	33	9	12	7.28306304154103e-13	3.59752311784867e-06	3.23414314317552e-05	3234.14314317552	6.69942437057047e-06	669.942437057047	2564.20070611847	1.03362251675696e-08	0	chr8	123453964	123564223
chr8	123527768	123529253	123528459	33	9	12	7.28306304154103e-13	3.59752311784867e-06	3.23414314317552e-05	3234.14314317552	6.69942437057047e-06	669.942437057047	2564.20070611847	1.03362251675696e-08	0	chr8	121150792	127860092
chr8	123527768	123529253	123528459	33	9	12	7.28306304154103e-13	3.59752311784867e-06	3.23414314317552e-05	3234.14314317552	6.69942437057047e-06	669.942437057047	2564.20070611847	1.03362251675696e-08	0	chr8	33244813	127871118
chr8	125606490	125606980	125606761	31	10	3	1.45994327738208e-13	1.00481163860522e-05	3.03813446783155e-05	3038.13446783155	7.44380485618941e-06	744.380485618941	2293.75398221261	2.2622551054674e-09	0	chr8	121150792	127860092
chr8	125606490	125606980	125606761	31	10	3	1.45994327738208e-13	1.00481163860522e-05	3.03813446783155e-05	3038.13446783155	7.44380485618941e-06	744.380485618941	2293.75398221261	2.2622551054674e-09	0	chr8	123975292	127626145
chr8	125606490	125606980	125606761	31	10	3	1.45994327738208e-13	1.00481163860522e-05	3.03813446783155e-05	3038.13446783155	7.44380485618941e-06	744.380485618941	2293.75398221261	2.2622551054674e-09	0	chr8	33244813	127871118
chr8	126496738	126498170	126497495	42	16	14	0	3.28521080894539e-07	4.11618218222338e-05	4116.18218222339	1.19100877699031e-05	1191.00877699031	2925.17340523308	0	0	chr8	121150792	127860092
chr8	126496738	126498170	126497495	42	16	14	0	3.28521080894539e-07	4.11618218222338e-05	4116.18218222339	1.19100877699031e-05	1191.00877699031	2925.17340523308	0	0	chr8	123975292	127626145
chr8	126496738	126498170	126497495	42	16	14	0	3.28521080894539e-07	4.11618218222338e-05	4116.18218222339	1.19100877699031e-05	1191.00877699031	2925.17340523308	0	0	chr8	33244813	127871118
chr8	127317425	127317893	127317660	25	11	5	6.37087049781826e-10	0.000604478114564433	2.45010844179963e-05	2450.10844179963	8.18818534180835e-06	818.818534180835	1631.2899076188	4.80126190188407e-06	0	chr8	121150792	127860092
chr8	127317425	127317893	127317660	25	11	5	6.37087049781826e-10	0.000604478114564433	2.45010844179963e-05	2450.10844179963	8.18818534180835e-06	818.818534180835	1631.2899076188	4.80126190188407e-06	0	chr8	123975292	127626145
chr8	127317425	127317893	127317660	25	11	5	6.37087049781826e-10	0.000604478114564433	2.45010844179963e-05	2450.10844179963	8.18818534180835e-06	818.818534180835	1631.2899076188	4.80126190188407e-06	0	chr8	33244813	127871118
