chr1	23366735	23367147	23366944	20	4	2	1.11001353109152e-07	3.53233523120444e-05	1.96008675343971e-05	1960.08675343971	2.97752194247576e-06	297.752194247576	1662.33455919213	0.000393803216770202	0
chr1	46134772	46135683	46135347	27	11	7	4.68491911931324e-11	0.000201678001572447	2.6461171171436e-05	2646.1171171436	8.18818534180835e-06	818.818534180835	1827.29858296277	3.79219665939363e-07	0
chr1	75377061	75377529	75377296	31	15	5	6.0507154842071e-14	0.000137027759491426	3.03813446783155e-05	3038.13446783155	1.11657072842841e-05	1116.57072842841	1921.56373940313	8.62452385810915e-10	0
chr1	75382012	75382934	75382701	32	20	11	2.18713935851156e-14	0.00184942317416548	3.13613880550353e-05	3136.13880550353	1.48876097123788e-05	1488.76097123788	1647.37783426565	3.33911084143428e-10	0
chr1	89066958	89067853	89067615	21	5	6	3.78465870864986e-08	1.96564404154609e-05	2.05809109111169e-05	2058.09109111169	3.72190242809471e-06	372.190242809471	1685.90084830222	0.00015051456856592	0
chr1	93277304	93277737	93277534	21	9	4	4.28858236700691e-08	0.00262574423939965	2.05809109111169e-05	2058.09109111169	6.69942437057047e-06	669.942437057047	1388.14865405465	0.000168270286227756	0
chr1	108215809	108217313	108217004	71	60	14	0	5.81356052187232e-08	6.95830797471096e-05	6958.30797471096	4.46628291371365e-05	4466.28291371365	2492.02506099731	0	0
chr1	108234545	108235746	108234986	33	20	11	5.65014701692235e-12	6.44588844422866e-06	3.23414314317552e-05	3234.14314317552	1.48876097123788e-05	1488.76097123788	1745.38217193763	5.49880842652165e-08	0
chr1	108381470	108382920	108382305	25	19	4	1.71369674006883e-09	0.00118518384693123	2.45010844179963e-05	2450.10844179963	1.41432292267599e-05	1414.32292267599	1035.78551912365	9.55087073364497e-06	0
chr1	108458159	108459557	108459259	52	23	11	0	1.81010761934886e-12	5.09622555894324e-05	5096.22555894324	1.71207511692356e-05	1712.07511692356	3384.15044201967	0	0
chr1	109214503	109215453	109214816	26	7	6	4.51704229575967e-10	3.0047583043924e-06	2.54811277947162e-05	2548.11277947162	5.21066339933259e-06	521.066339933259	2027.04643953836	2.88709088553711e-06	0
chr1	114479237	114480491	114480258	27	17	9	6.52747966789491e-10	0.00209083579412761	2.6461171171436e-05	2646.1171171436	1.2654468255522e-05	1265.4468255522	1380.6702915914	4.06716526273422e-06	0
chr1	115929672	115930325	115929945	24	9	10	3.97411600294717e-08	0.000396565094379797	2.35210410412765e-05	2352.10410412765	6.69942437057047e-06	669.942437057047	1682.1616670706	0.000156695064787832	0
chr1	116219262	116220480	116220003	26	2	11	1.86118546130487e-08	5.23499108506797e-08	2.54811277947162e-05	2548.11277947162	1.48876097123788e-06	148.876097123788	2399.23668234783	7.90023300398898e-05	0
chr1	117363132	117363684	117363454	23	5	4	1.15705763858998e-08	4.36437738926543e-06	2.25409976645566e-05	2254.09976645566	3.72190242809471e-06	372.190242809471	1881.90952364619	5.22759939356341e-05	0
chr1	120041361	120042891	120042375	40	28	16	2.36477504245158e-14	0.000434420790055401	3.92017350687941e-05	3920.17350687941	2.08426535973304e-05	2084.26535973304	1835.90814714638	3.59327790792503e-10	0
chr1	120282149	120283521	120283228	29	14	15	4.82444395544235e-08	5.76681795569911e-05	2.84212579248758e-05	2842.12579248758	1.04213267986652e-05	1042.13267986652	1799.99311262106	0.000186121963357037	0
chr1	120614193	120615472	120615131	29	11	6	1.96137994734613e-10	3.35255883820995e-06	2.84212579248758e-05	2842.12579248758	8.18818534180835e-06	818.818534180835	2023.30725830674	1.36539380765123e-06	0
chr1	120733478	120734847	120734273	29	21	14	4.8924176820897e-08	0.00213934488893197	2.84212579248758e-05	2842.12579248758	1.56319901979978e-05	1563.19901979978	1278.9267726878	0.000188518547378687	0
chr1	120750274	120751603	120751082	33	22	11	6.95266066941258e-11	0.000336228065638267	3.23414314317552e-05	3234.14314317552	1.63763706836167e-05	1637.63706836167	1596.50607481385	5.40987870196301e-07	0
chr1	121100019	121100866	121100565	27	15	8	1.82594106501455e-09	0.000316671519601797	2.6461171171436e-05	2646.1171171436	1.11657072842841e-05	1116.57072842841	1529.54638871519	1.01020829259546e-05	0
chr1	143887455	143888302	143887785	34	9	6	4.9960036108132e-15	3.14817949487178e-09	3.3321474808475e-05	3332.1474808475	6.69942437057047e-06	669.942437057047	2662.20504379046	8.56055120407672e-11	0
chr1	144403953	144405339	144404241	28	26	17	3.27339588768183e-09	0.00921501375898137	2.74412145481559e-05	2744.12145481559	1.93538926260925e-05	1935.38926260925	808.732192206343	1.71128905564268e-05	0
chr1	146178152	146179090	146178830	24	5	8	1.0992251253672e-07	1.39657446385222e-06	2.35210410412765e-05	2352.10410412765	3.72190242809471e-06	372.190242809471	1979.91386131818	0.000390836651633623	0
chr1	146191087	146192518	146191783	34	22	9	1.53987933515509e-12	0.000965183736211128	3.3321474808475e-05	3332.1474808475	1.63763706836167e-05	1637.63706836167	1694.51041248583	1.70463160730831e-08	0
chr1	146200556	146202099	146201737	48	36	17	0	0.000788993741324573	4.7042082082553e-05	4704.2082082553	2.67976974822819e-05	2679.76974822819	2024.43846002711	0	0
chr1	147675817	147677336	147676757	64	30	14	0	5.89714299614741e-09	6.27227761100706e-05	6272.27761100706	2.23314145685682e-05	2233.14145685682	4039.13615415024	0	0
chr1	148641457	148642863	148642499	28	13	7	1.43141321018447e-09	7.04275865029969e-05	2.74412145481559e-05	2744.12145481559	9.67694631304624e-06	967.694631304624	1776.42682351097	8.20475354683643e-06	0
chr1	148652105	148653135	148652623	44	23	11	0	1.32595975177452e-06	4.31219085756736e-05	4312.19085756736	1.71207511692356e-05	1712.07511692356	2600.11574064379	0	0
chr1	148661683	148662855	148662384	31	25	15	1.13123664879922e-08	0.00907317921394768	3.03813446783155e-05	3038.13446783155	1.86095121404735e-05	1860.95121404735	1177.18325378419	5.1253166367316e-05	0
chr1	148894428	148895406	148895113	28	19	8	7.91669674260476e-09	0.00165356056437005	2.74412145481559e-05	2744.12145481559	1.41432292267599e-05	1414.32292267599	1329.7985321396	3.76141411773096e-05	0
chr1	149234194	149235473	149235132	26	8	6	1.27911029546013e-08	2.65023931311781e-06	2.54811277947162e-05	2548.11277947162	5.95504388495153e-06	595.504388495153	1952.60839097647	5.67555332974948e-05	0
chr1	149400609	149401860	149401285	29	24	10	2.71476292557082e-08	0.00471947664798755	2.84212579248758e-05	2842.12579248758	1.78651316548546e-05	1786.51316548546	1055.61262700212	0.000110558531380331	0
chr1	149417595	149418924	149418403	45	27	12	1.22124532708767e-15	1.0774646035383e-06	4.41019519523934e-05	4410.19519523934	2.00982731117114e-05	2009.82731117114	2400.3678840682	2.34169575264956e-11	0
chr1	149427795	149429226	149428527	32	20	9	4.10513179005534e-10	0.00010055938121234	3.13613880550353e-05	3136.13880550353	1.48876097123788e-05	1488.76097123788	1647.37783426565	2.66613577637912e-06	0
chr1	149441238	149441923	149441495	25	5	6	7.0893753978396e-08	1.58422820861759e-07	2.45010844179963e-05	2450.10844179963	3.72190242809471e-06	372.190242809471	2077.91819899016	0.000260997745403742	0
chr1	149795397	149796244	149795943	34	18	6	4.42534897615587e-13	3.57514050486341e-06	3.3321474808475e-05	3332.1474808475	1.33988487411409e-05	1339.88487411409	1992.26260673341	5.39983428846512e-09	0
chr1	155635400	155635859	155635600	24	9	4	1.916568681537e-09	0.000124082661026037	2.35210410412765e-05	2352.10410412765	6.69942437057047e-06	669.942437057047	1682.1616670706	1.05357051019109e-05	0
chr1	180551925	180553241	180552656	24	14	14	1.35476232454579e-08	0.00221806905605282	2.35210410412765e-05	2352.10410412765	1.04213267986652e-05	1042.13267986652	1309.97142426113	5.95382370542562e-05	0
chr1	185823847	185825209	185824217	28	35	15	1.55955359737447e-10	0.00370329945442915	2.74412145481559e-05	2744.12145481559	2.60533169966629e-05	2605.33169966629	138.789755149296	1.10172269834945e-06	0
chr1	200433031	200433617	200433368	26	15	7	6.03245120522899e-10	0.000389644161705394	2.54811277947162e-05	2548.11277947162	1.11657072842841e-05	1116.57072842841	1431.54205104321	3.78802893379236e-06	0
chr1	203913891	203914953	203914282	22	6	9	1.24116732780344e-07	0.000567262116800138	2.15609542878368e-05	2156.09542878368	4.46628291371365e-06	446.628291371365	1709.46713741231	0.000436011389539911	0
chr1	219872553	219873269	219873040	24	13	8	1.91555771245078e-09	0.00259010579356456	2.35210410412765e-05	2352.10410412765	9.67694631304624e-06	967.694631304624	1384.40947282302	1.05357051019109e-05	0
chr1	223912007	223913059	223912784	27	13	5	4.81270578944759e-11	0.00435793635597781	2.6461171171436e-05	2646.1171171436	9.67694631304624e-06	967.694631304624	1678.42248583898	3.88555671508538e-07	0
chr1	226114301	226114769	226114531	23	10	4	4.95594776328545e-09	0.000814415191309203	2.25409976645566e-05	2254.09976645566	7.44380485618941e-06	744.380485618941	1509.71928083672	2.47900662727911e-05	0
chr10	3330694	3331276	3330894	28	6	4	1.47482026591206e-11	2.93902017389769e-07	2.74412145481559e-05	2744.12145481559	4.46628291371365e-06	446.628291371365	2297.49316344423	1.30161656576265e-07	0
chr10	29159877	29160538	29160120	31	18	5	4.85611550971043e-13	0.00108377501611401	3.03813446783155e-05	3038.13446783155	1.33988487411409e-05	1339.88487411409	1698.24959371745	5.88090558206076e-09	0
chr10	30170785	30173225	30171158	35	10	15	9.99200722162641e-15	1.06026312995944e-06	3.43015181851949e-05	3430.15181851949	7.44380485618941e-06	744.380485618941	2685.77133290055	1.65915837769734e-10	0
chr10	50172822	50173633	50173311	26	3	9	3.64442809264176e-10	3.30405887760676e-07	2.54811277947162e-05	2548.11277947162	2.23314145685682e-06	223.314145685682	2324.79863378594	2.39102836676309e-06	0
chr10	62381412	62382405	62382038	27	4	6	7.26259052896694e-11	5.8604749941793e-09	2.6461171171436e-05	2646.1171171436	2.97752194247576e-06	297.752194247576	2348.36492289603	5.62386728359698e-07	0
chr10	80924809	80925549	80925346	20	7	4	1.41528421093717e-07	1.88314067167683e-05	1.96008675343971e-05	1960.08675343971	5.21066339933259e-06	521.066339933259	1439.02041350645	0.000487605825735698	0
chr10	84401185	84402337	84401761	28	5	13	2.10732542527126e-11	2.98713150703733e-06	2.74412145481559e-05	2744.12145481559	3.72190242809471e-06	372.190242809471	2371.93121200612	1.80542976066334e-07	0
chr11	10391831	10392361	10392061	25	14	6	4.41722769473074e-10	0.00463864098212607	2.45010844179963e-05	2450.10844179963	1.04213267986652e-05	1042.13267986652	1407.97576193312	2.83160152746349e-06	0
chr11	24446070	24446529	24446296	30	14	3	2.68229882749438e-13	3.3339958772638e-05	2.94013013015956e-05	2940.13013015956	1.04213267986652e-05	1042.13267986652	1897.99745029304	3.44532059190262e-09	0
chr11	46947290	46948219	46947645	24	10	9	5.80771841729444e-09	0.00472742553853067	2.35210410412765e-05	2352.10410412765	7.44380485618941e-06	744.380485618941	1607.72361850871	2.85628202470292e-05	0
chr11	61655531	61656061	61655761	23	3	5	1.36192510602484e-08	3.78938159366626e-05	2.25409976645566e-05	2254.09976645566	2.23314145685682e-06	223.314145685682	2030.78562076998	5.96901570733643e-05	0
chr11	63528493	63528952	63528723	34	6	4	1.88737914186277e-15	1.31349586762752e-09	3.3321474808475e-05	3332.1474808475	4.46628291371365e-06	446.628291371365	2885.51918947614	3.51438942173785e-11	0
chr11	63530836	63531295	63531066	23	3	4	5.41263567299666e-09	7.17453648713118e-07	2.25409976645566e-05	2254.09976645566	2.23314145685682e-06	223.314145685682	2030.78562076998	2.67013026403099e-05	0
chr11	72164287	72164817	72164584	29	10	4	2.27462493285202e-12	0.000108753438869069	2.84212579248758e-05	2842.12579248758	7.44380485618941e-06	744.380485618941	2097.74530686863	2.47545433460925e-08	0
chr11	73034536	73035328	73034845	22	10	8	4.39264576934661e-08	0.00342178909101409	2.15609542878368e-05	2156.09542878368	7.44380485618941e-06	744.380485618941	1411.71494316474	0.000171725901795128	0
chr11	95320231	95320690	95320461	22	13	5	1.05876322153975e-08	0.00328276566499286	2.15609542878368e-05	2156.09542878368	9.67694631304624e-06	967.694631304624	1188.40079747905	4.83093262549759e-05	0
chr11	101695047	101695506	101695273	20	10	4	1.39663012932445e-07	0.00237477778376982	1.96008675343971e-05	1960.08675343971	7.44380485618941e-06	744.380485618941	1215.70626782077	0.000482727821250889	0
chr11	110362482	110363626	110363423	28	18	11	2.00260918958861e-11	0.00342256960982079	2.74412145481559e-05	2744.12145481559	1.33988487411409e-05	1339.88487411409	1404.2365807015	1.7202904245354e-07	0
chr12	14832895	14834053	14833747	23	12	10	3.51256774777653e-08	0.00010071870045758	2.25409976645566e-05	2254.09976645566	8.93256582742729e-06	893.25658274273	1360.84318371293	0.000140736094698482	0
chr12	52330483	52331656	52331294	30	15	6	6.53910259273971e-12	0.00138732008722653	2.94013013015956e-05	2940.13013015956	1.11657072842841e-05	1116.57072842841	1823.55940173115	6.19549583067686e-08	0
chr12	53871484	53872528	53871952	42	25	9	0	2.935948261229e-05	4.11618218222338e-05	4116.18218222339	1.86095121404735e-05	1860.95121404735	2255.23096817603	0	0
chr12	79082734	79083801	79083559	29	19	13	1.20121690372343e-11	0.000628528528370254	2.84212579248758e-05	2842.12579248758	1.41432292267599e-05	1414.32292267599	1427.80286981159	1.08390209049699e-07	0
chr12	93522705	93523316	93522919	24	14	5	2.44852660369332e-09	0.0016533597132069	2.35210410412765e-05	2352.10410412765	1.04213267986652e-05	1042.13267986652	1309.97142426113	1.30372588208176e-05	0
chr12	118059088	118060284	118059764	39	18	9	0	1.6137521681614e-05	3.82216916920743e-05	3822.16916920743	1.33988487411409e-05	1339.88487411409	2482.28429509334	0	0
chr12	120473918	120474788	120474522	21	11	6	1.29228675982418e-07	0.00782496834588342	2.05809109111169e-05	2058.09109111169	8.18818534180835e-06	818.818534180835	1239.27255693086	0.000451507333564592	0
chr14	35356068	35356707	35356268	21	5	3	5.14739784129858e-08	3.45198289385396e-05	2.05809109111169e-05	2058.09109111169	3.72190242809471e-06	372.190242809471	1685.90084830222	0.000196231110732361	0
chr14	39218374	39218892	39218689	21	11	4	4.44817436218159e-08	0.00281906375849439	2.05809109111169e-05	2058.09109111169	8.18818534180835e-06	818.818534180835	1239.27255693086	0.00017347567670967	0
chr14	43307650	43309054	43308453	26	12	18	3.40018657674079e-09	9.37693665314931e-06	2.54811277947162e-05	2548.11277947162	8.93256582742729e-06	893.25658274273	1654.85619672889	1.76949334854464e-05	0
chr14	43448826	43449623	43449420	23	8	6	9.03094132809201e-09	6.1215674486137e-06	2.25409976645566e-05	2254.09976645566	5.95504388495153e-06	595.504388495153	1658.59537796051	4.23460707419484e-05	0
chr14	44771588	44772984	44772121	31	14	9	4.10782519111308e-13	8.80851212547995e-06	3.03813446783155e-05	3038.13446783155	1.04213267986652e-05	1042.13267986652	1996.00178796503	5.05065260182847e-09	0
chr14	45705176	45706583	45706145	33	18	19	4.96269692007445e-14	9.36821747413719e-05	3.23414314317552e-05	3234.14314317552	1.33988487411409e-05	1339.88487411409	1894.25826906142	7.16885382148272e-10	0
chr14	49911585	49912376	49911870	26	17	9	1.54471546665036e-09	0.00432500019418902	2.54811277947162e-05	2548.11277947162	1.2654468255522e-05	1265.4468255522	1282.66595391942	8.72992422942176e-06	0
chr14	63671719	63673069	63672474	34	19	19	1.29007915461443e-13	0.000130527163670568	3.3321474808475e-05	3332.1474808475	1.41432292267599e-05	1414.32292267599	1917.82455817151	1.76092634071354e-09	0
chr14	65598899	65600350	65599802	25	8	14	1.26482097018155e-08	2.20340051058088e-05	2.45010844179963e-05	2450.10844179963	5.95504388495153e-06	595.504388495153	1854.60405330448	5.62765319575492e-05	0
chr14	68046804	68048339	68047908	31	21	17	1.29390487213499e-09	0.0046793699434281	3.03813446783155e-05	3038.13446783155	1.56319901979978e-05	1563.19901979978	1474.93544803177	7.4966009147717e-06	0
chr14	68190864	68192280	68191735	36	13	19	2.32115437981406e-11	5.06169462899386e-07	3.52815615619147e-05	3528.15615619147	9.67694631304624e-06	967.694631304624	2560.46152488685	1.97288445703931e-07	0
chr14	73227650	73229134	73228563	30	2	7	2.08277839419679e-12	2.44939624138851e-11	2.94013013015956e-05	2940.13013015956	1.48876097123788e-06	148.876097123788	2791.25403303577	2.27435305692159e-08	0
chr14	73695713	73697136	73696743	27	6	14	1.29272292870297e-09	6.79603049613675e-07	2.6461171171436e-05	2646.1171171436	4.46628291371365e-06	446.628291371365	2199.48882577224	7.4966009147717e-06	0
chr14	82813656	82814115	82813886	21	13	4	2.73877842627002e-08	0.00140255587833438	2.05809109111169e-05	2058.09109111169	9.67694631304624e-06	967.694631304624	1090.39645980707	0.000111115138201984	0
chr14	98806204	98807162	98806795	21	8	7	6.49551638032264e-08	0.00594427784979301	2.05809109111169e-05	2058.09109111169	5.95504388495153e-06	595.504388495153	1462.58670261654	0.000241899187602558	0
chr15	55357785	55358814	55358510	40	10	12	0	5.21935050734612e-10	3.92017350687941e-05	3920.17350687941	7.44380485618941e-06	744.380485618941	3175.79302126047	0	0
chr15	64072612	64073121	64072847	29	4	7	2.73625566649116e-12	4.32738811451117e-09	2.84212579248758e-05	2842.12579248758	2.97752194247576e-06	297.752194247576	2544.37359824	2.93813843373532e-08	0
chr15	67038613	67039506	67039026	29	17	6	4.00002253542198e-12	0.00358429573963737	2.84212579248758e-05	2842.12579248758	1.2654468255522e-05	1265.4468255522	1576.67896693538	4.11675418348284e-08	0
chr15	78265903	78266911	78266357	23	10	9	1.14412930241059e-08	0.000219986582672305	2.25409976645566e-05	2254.09976645566	7.44380485618941e-06	744.380485618941	1509.71928083672	5.17644912259261e-05	0
chr15	96052978	96054149	96053566	27	22	16	1.38686675477118e-08	0.00106800066294244	2.6461171171436e-05	2646.1171171436	1.63763706836167e-05	1637.63706836167	1008.48004878193	6.05362076632533e-05	0
chr15	96230578	96231322	96230823	28	16	5	2.91926482987037e-11	1.47423011745973e-05	2.74412145481559e-05	2744.12145481559	1.19100877699031e-05	1191.00877699031	1553.11267782528	2.44258452093098e-07	0
chr16	46693861	46694329	46694091	25	14	5	2.66957789207822e-10	0.000391338277452857	2.45010844179963e-05	2450.10844179963	1.04213267986652e-05	1042.13267986652	1407.97576193312	1.80460377216093e-06	0
chr16	47864443	47864902	47864669	26	14	5	7.6290751493957e-11	0.00198038758523189	2.54811277947162e-05	2548.11277947162	1.04213267986652e-05	1042.13267986652	1505.9800996051	5.86707608117003e-07	0
chr16	50396407	50397664	50397461	21	5	5	3.96003984048932e-08	7.67376403785214e-05	2.05809109111169e-05	2058.09109111169	3.72190242809471e-06	372.190242809471	1685.90084830222	0.000156331405145117	0
chr16	68635836	68636740	68636315	29	12	6	5.08504349738814e-12	0.000289505479787788	2.84212579248758e-05	2842.12579248758	8.93256582742729e-06	893.25658274273	1948.86920974485	5.00937742812334e-08	0
chr16	70205507	70205966	70205733	25	12	5	6.72387590050505e-10	0.000475427999934053	2.45010844179963e-05	2450.10844179963	8.93256582742729e-06	893.25658274273	1556.8518590569	4.18144861797003e-06	0
chr16	71707682	71708714	71708187	44	19	6	0	2.13022999253631e-05	4.31219085756736e-05	4312.19085756736	1.41432292267599e-05	1414.32292267599	2897.86793489137	0	0
chr16	74850948	74852096	74851780	28	6	11	3.43077788400592e-10	3.65641110278148e-07	2.74412145481559e-05	2744.12145481559	4.46628291371365e-06	446.628291371365	2297.49316344423	2.26934474135922e-06	0
chr16	75061784	75062654	75062451	22	2	5	4.73686433410947e-08	2.90244679623797e-07	2.15609542878368e-05	2156.09542878368	1.48876097123788e-06	148.876097123788	2007.21933165989	0.000183181993130479	0
chr17	30700563	30701022	30700793	29	13	5	1.51922918689706e-12	1.13638915882897e-05	2.84212579248758e-05	2842.12579248758	9.67694631304624e-06	967.694631304624	1874.43116118295	1.68757130599219e-08	0
chr17	59621015	59622293	59622029	38	23	18	1.04223537245041e-07	7.87740628928058e-05	3.72416483153544e-05	3724.16483153544	1.71207511692356e-05	1712.07511692356	2012.08971461188	0.000372216915649683	0
chr17	60030854	60031476	60031092	64	48	4	0	2.53266406429198e-05	6.27227761100706e-05	6272.27761100706	3.57302633097092e-05	3573.02633097092	2699.25128003615	0	0
chr17	60115068	60115690	60115449	52	48	4	0	0.00804163740312758	5.09622555894324e-05	5096.22555894324	3.57302633097092e-05	3573.02633097092	1523.19922797232	0	0
chr17	61249768	61250932	61250443	35	24	10	1.27685506612352e-09	0.00196505188156948	3.43015181851949e-05	3430.15181851949	1.78651316548546e-05	1786.51316548546	1643.63865303403	7.42452500436184e-06	0
chr17	61360113	61361506	61360713	74	47	13	0	7.03736589002801e-08	7.25232098772692e-05	7252.32098772692	3.49858828240902e-05	3498.58828240902	3753.73270531789	0	0
chr17	61499548	61500357	61500154	29	22	6	2.02942704863318e-08	0.00731366519371568	2.84212579248758e-05	2842.12579248758	1.63763706836167e-05	1637.63706836167	1204.4887241259	8.53456734686437e-05	0
chr17	61517038	61519774	61518045	57	38	29	7.56879303676072e-09	7.69012413270875e-06	5.58624724730317e-05	5586.24724730317	2.82864584535198e-05	2828.64584535198	2757.60140195119	3.62283371450592e-05	0
chr17	61554911	61555998	61555550	55	43	13	1.11022302462516e-16	0.000307667744665063	5.39023857195919e-05	5390.23857195919	3.20083608816145e-05	3200.83608816145	2189.40248379775	2.48361670735559e-12	0
chr17	61564123	61565575	61565117	29	15	6	2.13988666786236e-08	0.000148514879384609	2.84212579248758e-05	2842.12579248758	1.11657072842841e-05	1116.57072842841	1725.55506405916	8.93371866853056e-05	0
chr17	61724911	61726217	61725214	93	96	16	0	0.00682755014023373	9.11440340349464e-05	9114.40340349464	7.14605266194184e-05	7146.05266194184	1968.3507415528	0	0
chr17	66269516	66270326	66269751	32	21	10	3.94129173741931e-13	0.0064957131519725	3.13613880550353e-05	3136.13880550353	1.56319901979978e-05	1563.19901979978	1572.93978570376	4.86446306819992e-09	0
chr17	66312304	66313650	66313210	24	10	12	1.47418953710954e-08	0.00047576229776547	2.35210410412765e-05	2352.10410412765	7.44380485618941e-06	744.380485618941	1607.72361850871	6.37432036490136e-05	0
chr17	67246373	67246963	67246760	23	14	2	4.40384362310198e-09	0.00913631465880604	2.25409976645566e-05	2254.09976645566	1.04213267986652e-05	1042.13267986652	1211.96708658915	2.22007612277474e-05	0
chr17	67990741	67991931	67991490	29	20	14	3.91957133416554e-10	0.00606460727654123	2.84212579248758e-05	2842.12579248758	1.48876097123788e-05	1488.76097123788	1353.36482124969	2.55076358802899e-06	0
chr18	49203406	49204186	49203632	26	13	8	1.45420564479082e-10	0.00116430282715696	2.54811277947162e-05	2548.11277947162	9.67694631304624e-06	967.694631304624	1580.418148167	1.04099860448928e-06	0
chr18	54344118	54344586	54344353	21	10	5	4.96588408172016e-08	0.000476831523075982	2.05809109111169e-05	2058.09109111169	7.44380485618941e-06	744.380485618941	1313.71060549275	0.000190438225709245	0
chr2	30613994	30614462	30614224	31	15	5	1.10911280160053e-13	0.00203559928098218	3.03813446783155e-05	3038.13446783155	1.11657072842841e-05	1116.57072842841	1921.56373940313	1.54001364247132e-09	0
chr2	37225302	37225761	37225528	29	16	4	1.51889611998968e-12	0.00137263718727421	2.84212579248758e-05	2842.12579248758	1.19100877699031e-05	1191.00877699031	1651.11701549727	1.68757130599219e-08	0
chr2	37585887	37586807	37586268	23	8	7	8.92161666765645e-09	0.000292392031978173	2.25409976645566e-05	2254.09976645566	5.95504388495153e-06	595.504388495153	1658.59537796051	4.19555890210537e-05	0
chr2	101396386	101397265	101396609	23	8	11	1.77146959323693e-08	0.000200259470521824	2.25409976645566e-05	2254.09976645566	5.95504388495153e-06	595.504388495153	1658.59537796051	7.55829059922786e-05	0
chr2	113307870	113308474	113308090	23	3	5	4.36051195151776e-09	6.20520428606941e-06	2.25409976645566e-05	2254.09976645566	2.23314145685682e-06	223.314145685682	2030.78562076998	2.20167716158717e-05	0
chr2	138516433	138517311	138516876	21	10	6	9.03256802686769e-08	0.00228808252795276	2.05809109111169e-05	2058.09109111169	7.44380485618941e-06	744.380485618941	1313.71060549275	0.000326932480368607	0
chr2	141501478	141502763	141502359	43	55	12	0	6.69544045668324e-05	4.21418651989537e-05	4214.18651989537	4.09409267090418e-05	4094.09267090418	120.093848991195	0	0
chr2	142863182	142864547	142864002	22	8	13	6.11025747776495e-08	4.16340273895477e-05	2.15609542878368e-05	2156.09542878368	5.95504388495153e-06	595.504388495153	1560.59104028853	0.00022914119958019	0
chr2	148244285	148245249	148244971	32	9	11	5.11812814352197e-14	2.25630393257958e-08	3.13613880550353e-05	3136.13880550353	6.69942437057047e-06	669.942437057047	2466.19636844648	7.36037551344168e-10	0
chr2	163856143	163857397	163857125	37	13	13	5.55111512312578e-16	1.9576862353432e-10	3.62616049386346e-05	3626.16049386346	9.67694631304624e-06	967.694631304624	2658.46586255883	1.16117144759482e-11	0
chr2	173652802	173653283	173653002	23	11	4	4.97419161415991e-09	0.00249731097049644	2.25409976645566e-05	2254.09976645566	8.18818534180835e-06	818.818534180835	1435.28123227483	2.48042915831906e-05	0
chr2	231576760	231577219	231576986	34	15	3	9.99200722162641e-16	7.91749602624403e-06	3.3321474808475e-05	3332.1474808475	1.11657072842841e-05	1116.57072842841	2215.57675241909	1.97470383603242e-11	0
chr20	34223772	34224908	34223998	24	12	10	2.94289381752577e-09	0.00420003165793748	2.35210410412765e-05	2352.10410412765	8.93256582742729e-06	893.25658274273	1458.84752138492	1.55410941900592e-05	0
chr20	35154592	35155060	35154827	23	8	5	4.75750783213158e-09	0.000160284301768066	2.25409976645566e-05	2254.09976645566	5.95504388495153e-06	595.504388495153	1658.59537796051	2.38344631337083e-05	0
chr20	36000069	36001217	36000979	24	8	8	2.8300880527965e-09	4.29770704177823e-05	2.35210410412765e-05	2352.10410412765	5.95504388495153e-06	595.504388495153	1756.5997156325	1.49945419542296e-05	0
chr20	41970809	41971339	41971106	23	12	5	5.85669313046822e-09	0.00200915129931811	2.25409976645566e-05	2254.09976645566	8.93256582742729e-06	893.25658274273	1360.84318371293	2.87597737230011e-05	0
chr20	47174132	47174980	47174645	32	16	4	2.58547627751682e-11	0.000248745634284897	3.13613880550353e-05	3136.13880550353	1.19100877699031e-05	1191.00877699031	1945.13002851323	2.1745961678247e-07	0
chr20	47273360	47274772	47274477	50	39	15	1.25888188762247e-12	0.00803976007919049	4.90021688359927e-05	4900.21688359927	2.90308389391387e-05	2903.08389391387	1997.1329896854	1.43106694288169e-08	0
chr20	47567807	47568705	47568019	33	19	6	4.97247776287679e-09	0.00145090110278134	3.23414314317552e-05	3234.14314317552	1.41432292267599e-05	1414.32292267599	1819.82022049953	2.48042915831906e-05	0
chr20	47598893	47600173	47599702	48	26	12	9.55414636294449e-11	3.34038593208241e-05	4.7042082082553e-05	4704.2082082553	1.93538926260925e-05	1935.38926260925	2768.81894564605	7.15748208211636e-07	0
chr20	51910293	51911615	51910902	50	33	13	0	0.00160596828019366	4.90021688359927e-05	4900.21688359927	2.45645560254251e-05	2456.45560254251	2443.76128105676	0	0
chr20	51984622	51985760	51985314	66	46	14	0	0.000429150542182399	6.46828628635103e-05	6468.28628635103	3.42415023384713e-05	3424.15023384713	3044.1360525039	0	0
chr20	53642363	53643443	53642828	72	69	8	0	0.00414746287939549	7.05631231238295e-05	7056.31231238295	5.13622535077069e-05	5136.22535077069	1920.08696161225	0	0
chr20	53800662	53802064	53801190	69	52	9	0	3.66727306165826e-05	6.76229929936699e-05	6762.29929936699	3.87077852521849e-05	3870.77852521849	2891.5207741485	0	0
chr20	56813466	56814800	56814521	33	12	15	2.19444042937056e-08	9.82668749172078e-06	3.23414314317552e-05	3234.14314317552	8.93256582742729e-06	893.25658274273	2340.88656043279	9.13313064810002e-05	0
chr20	57275104	57275817	57275417	25	10	4	1.30709705281618e-08	0.000763826388493816	2.45010844179963e-05	2450.10844179963	7.44380485618941e-06	744.380485618941	1705.72795618069	5.7679542935794e-05	0
chr20	57710573	57711352	57710879	30	10	10	5.7550575416343e-10	2.29242609247615e-05	2.94013013015956e-05	2940.13013015956	7.44380485618941e-06	744.380485618941	2195.74964454062	3.62090011157877e-06	0
chr20	58111855	58112575	58112102	25	9	6	2.35024844030818e-09	0.00026380920384006	2.45010844179963e-05	2450.10844179963	6.69942437057047e-06	669.942437057047	1780.16600474259	1.25972612499155e-05	0
chr21	15164556	15165523	15164756	24	14	8	6.81688572257144e-09	0.00091687497665538	2.35210410412765e-05	2352.10410412765	1.04213267986652e-05	1042.13267986652	1309.97142426113	3.30218350185259e-05	0
chr21	35898153	35898621	35898375	20	10	5	1.31716498819046e-07	0.00376580673524662	1.96008675343971e-05	1960.08675343971	7.44380485618941e-06	744.380485618941	1215.70626782077	0.000459507230182076	0
chr22	24211411	24211879	24211641	25	5	4	4.12150424899949e-10	0.000197313149688294	2.45010844179963e-05	2450.10844179963	3.72190242809471e-06	372.190242809471	2077.91819899016	2.67138324758159e-06	0
chr3	9955710	9956987	9956434	22	12	6	3.2913076264407e-08	0.00884798892905647	2.15609542878368e-05	2156.09542878368	8.93256582742729e-06	893.25658274273	1262.83884604095	0.000132199844039573	0
chr3	33115056	33115593	33115256	23	12	6	5.15766296338427e-09	0.00688487983605746	2.25409976645566e-05	2254.09976645566	8.93256582742729e-06	893.25658274273	1360.84318371293	2.56003025050758e-05	0
chr3	34011699	34012418	34012106	32	20	7	3.28626015289046e-14	0.00118635721107918	3.13613880550353e-05	3136.13880550353	1.48876097123788e-05	1488.76097123788	1647.37783426565	4.81189447883294e-10	0
chr3	47259518	47259977	47259744	23	11	5	3.53527285223976e-09	0.00157263089385551	2.25409976645566e-05	2254.09976645566	8.18818534180835e-06	818.818534180835	1435.28123227483	1.82798120712355e-05	0
chr3	64104625	64105825	64105279	29	20	8	2.65098210050496e-09	0.00690349124345202	2.84212579248758e-05	2842.12579248758	1.48876097123788e-05	1488.76097123788	1353.36482124969	1.40919471643644e-05	0
chr3	64316556	64317979	64317417	27	2	6	4.16849010864695e-09	6.87723544778862e-10	2.6461171171436e-05	2646.1171171436	1.48876097123788e-06	148.876097123788	2497.24102001982	2.13144956564587e-05	0
chr3	64345399	64346800	64345668	28	11	12	1.27936667704276e-07	2.84991297188064e-05	2.74412145481559e-05	2744.12145481559	8.18818534180835e-06	818.818534180835	1925.30292063475	0.000447478567878206	0
chr3	64490992	64491613	64491410	41	10	7	1.11022302462516e-16	4.43568515251513e-11	4.0181778445514e-05	4018.1778445514	7.44380485618941e-06	744.380485618941	3273.79735893246	2.48361670735559e-12	0
chr3	67445172	67445631	67445398	23	11	5	3.30472893494971e-09	0.0016383940938326	2.25409976645566e-05	2254.09976645566	8.18818534180835e-06	818.818534180835	1435.28123227483	1.72259904802084e-05	0
chr3	101440116	101440584	101440351	23	10	5	4.06648126283216e-09	0.000455571780738739	2.25409976645566e-05	2254.09976645566	7.44380485618941e-06	744.380485618941	1509.71928083672	2.08259568905791e-05	0
chr3	101704355	101704823	101704585	23	11	5	6.79123479674359e-09	0.00149410403921779	2.25409976645566e-05	2254.09976645566	8.18818534180835e-06	818.818534180835	1435.28123227483	3.29471233171861e-05	0
chr3	102113236	102114456	102113725	29	15	13	1.76344494562386e-11	0.000295829799394687	2.84212579248758e-05	2842.12579248758	1.11657072842841e-05	1116.57072842841	1725.55506405916	1.52902981304999e-07	0
chr3	146097343	146097837	146097552	26	15	5	1.0464795696663e-10	0.00074607718406916	2.54811277947162e-05	2548.11277947162	1.11657072842841e-05	1116.57072842841	1431.54205104321	7.73180869244951e-07	0
chr3	150253288	150254315	150253990	26	4	13	3.63864627317412e-09	5.35258318778986e-08	2.54811277947162e-05	2548.11277947162	2.97752194247576e-06	297.752194247576	2250.36058522404	1.87541185006708e-05	0
chr3	150819378	150819872	150819634	22	12	6	3.83692881911202e-08	0.00244510331855397	2.15609542878368e-05	2156.09542878368	8.93256582742729e-06	893.25658274273	1262.83884604095	0.000152217487143054	0
chr3	151855630	151856865	151856491	23	4	12	1.86142199432027e-08	2.80565556642909e-06	2.25409976645566e-05	2254.09976645566	2.97752194247576e-06	297.752194247576	1956.34757220809	7.90023300398898e-05	0
chr3	152018855	152020252	152019846	24	11	16	9.83636105900132e-09	0.00122698799138798	2.35210410412765e-05	2352.10410412765	8.18818534180835e-06	818.818534180835	1533.28556994681	4.54609512288744e-05	0
chr3	153138268	153139413	153139128	39	18	6	0	1.05429356852538e-05	3.82216916920743e-05	3822.16916920743	1.33988487411409e-05	1339.88487411409	2482.28429509334	0	0
chr3	158725130	158727546	158725484.5	40	29	18	0	8.71481868971458e-05	3.92017350687941e-05	3920.17350687941	2.15870340829493e-05	2158.70340829493	1761.47009858449	0	0
chr3	163776650	163777671	163776866	23	11	14	1.00481234444061e-08	4.0651614043985e-05	2.25409976645566e-05	2254.09976645566	8.18818534180835e-06	818.818534180835	1435.28123227483	4.61746677213267e-05	0
chr3	171806026	171807596	171806618	36	21	18	1.11022302462516e-15	0.000338678913685331	3.52815615619147e-05	3528.15615619147	1.56319901979978e-05	1563.19901979978	1964.9571363917	2.14156171173177e-11	0
chr3	175111142	175111597	175111362	20	6	3	1.41013139720592e-07	1.68394851761677e-05	1.96008675343971e-05	1960.08675343971	4.46628291371365e-06	446.628291371365	1513.45846206834	0.000486350695432345	0
chr3	183609316	183609810	183609551	24	13	5	1.49385803727142e-09	0.0029462884027287	2.35210410412765e-05	2352.10410412765	9.67694631304624e-06	967.694631304624	1384.40947282302	8.47223175616197e-06	0
chr3	185562643	185563529	185563300	27	9	6	4.29765112386349e-11	9.0979152048698e-06	2.6461171171436e-05	2646.1171171436	6.69942437057047e-06	669.942437057047	1976.17468008656	3.51375737732199e-07	0
chr3	187913587	187914539	187914187	26	14	6	1.63074664882856e-10	0.00566558075644319	2.54811277947162e-05	2548.11277947162	1.04213267986652e-05	1042.13267986652	1505.9800996051	1.14698529939535e-06	0
chr3	192927871	192929187	192928816	22	1	12	4.61443485644253e-08	5.71698769435969e-08	2.15609542878368e-05	2156.09542878368	7.44380485618941e-07	74.4380485618941	2081.65738022178	0.000178876929113385	0
chr3	194871720	194873103	194872707	24	7	5	1.71168679230504e-09	0.000182604901161842	2.35210410412765e-05	2352.10410412765	5.21066339933259e-06	521.066339933259	1831.03776419439	9.55087073364497e-06	0
chr4	28092342	28093627	28093130	29	11	12	1.37068134620222e-11	1.28879124039472e-08	2.84212579248758e-05	2842.12579248758	8.18818534180835e-06	818.818534180835	2023.30725830674	1.21973298042479e-07	0
chr4	48292893	48293361	48293128	22	9	4	1.18329459564137e-08	0.000247062536122278	2.15609542878368e-05	2156.09542878368	6.69942437057047e-06	669.942437057047	1486.15299172663	5.31631322079856e-05	0
chr4	48800941	48802340	48801951	28	8	20	6.34849950387206e-11	6.01961256174732e-07	2.74412145481559e-05	2744.12145481559	5.95504388495153e-06	595.504388495153	2148.61706632044	4.98797270458591e-07	0
chr4	72129746	72130205	72129976	26	8	4	5.73361358391367e-11	3.58615722162448e-06	2.54811277947162e-05	2548.11277947162	5.95504388495153e-06	595.504388495153	1952.60839097647	4.53806640040089e-07	0
chr4	73729823	73731023	73730559	34	11	22	4.66293670342566e-15	1.48035596558849e-07	3.3321474808475e-05	3332.1474808475	8.18818534180835e-06	818.818534180835	2513.32894666667	8.11941288977655e-11	0
chr4	74624210	74625284	74624927	34	27	7	1.25455201782643e-14	0.000526721788148499	3.3321474808475e-05	3332.1474808475	2.00982731117114e-05	2009.82731117114	1322.32016967636	2.01061746577563e-10	0
chr4	99561078	99561663	99561350	25	2	7	4.42143543999407e-10	1.0279275541869e-08	2.45010844179963e-05	2450.10844179963	1.48876097123788e-06	148.876097123788	2301.23234467585	2.83160152746349e-06	0
chr4	101264144	101265416	101264866	32	20	14	7.43405337289005e-13	8.66205582115143e-05	3.13613880550353e-05	3136.13880550353	1.48876097123788e-05	1488.76097123788	1647.37783426565	8.86949198530829e-09	0
chr4	102255573	102256819	102256283	26	8	12	7.08810898863987e-10	1.3607147264505e-07	2.54811277947162e-05	2548.11277947162	5.95504388495153e-06	595.504388495153	1952.60839097647	4.38257642719446e-06	0
chr4	113141733	113143167	113142176	28	16	17	1.39478428806683e-11	0.000392062893564415	2.74412145481559e-05	2744.12145481559	1.19100877699031e-05	1191.00877699031	1553.11267782528	1.23776231627818e-07	0
chr4	119343054	119343864	119343284	23	11	9	6.77833922324567e-09	0.000732519912881813	2.25409976645566e-05	2254.09976645566	8.18818534180835e-06	818.818534180835	1435.28123227483	3.29341611313554e-05	0
chr4	156305284	156306115	156305514	38	17	6	0	2.98969532452897e-06	3.72416483153544e-05	3724.16483153544	1.2654468255522e-05	1265.4468255522	2458.71800598324	0	0
chr4	160658699	160659229	160658996	40	17	4	0	1.1181644499203e-10	3.92017350687941e-05	3920.17350687941	1.2654468255522e-05	1265.4468255522	2654.72668132721	0	0
chr4	171203039	171203995	171203672	40	18	11	0	7.132859836112e-08	3.92017350687941e-05	3920.17350687941	1.33988487411409e-05	1339.88487411409	2580.28863276532	0	0
chr4	172393226	172394212	172393481	24	16	18	3.65046570749428e-09	0.000612606463587073	2.35210410412765e-05	2352.10410412765	1.19100877699031e-05	1191.00877699031	1161.09532713734	1.87849816343627e-05	0
chr4	180944228	180944687	180944458	20	10	4	9.30015751077207e-08	0.0022942490886223	1.96008675343971e-05	1960.08675343971	7.44380485618941e-06	744.380485618941	1215.70626782077	0.000335486987637912	0
chr5	19314938	19315495	19315195.5	32	24	3	2.52020626589911e-14	0.0019201434347651	3.13613880550353e-05	3136.13880550353	1.78651316548546e-05	1786.51316548546	1349.62564001807	3.79366649205792e-10	0
chr5	67248830	67249862	67249170	31	10	7	3.83804099612917e-13	1.82396868719792e-08	3.03813446783155e-05	3038.13446783155	7.44380485618941e-06	744.380485618941	2293.75398221261	4.75524717636643e-09	0
chr5	129133313	129134295	129134009	21	20	9	1.07604273602568e-07	0.000955798573503475	2.05809109111169e-05	2058.09109111169	1.48876097123788e-05	1488.76097123788	569.33011987381	0.000383440449043634	0
chr5	133434214	133434704	133434501	21	6	6	7.25698772185979e-08	9.80948908559931e-05	2.05809109111169e-05	2058.09109111169	4.46628291371365e-06	446.628291371365	1611.46279974033	0.000266255573370288	0
chr5	137890098	137891347	137891124	36	9	12	3.33066907387547e-16	2.93831946551748e-08	3.52815615619147e-05	3528.15615619147	6.69942437057047e-06	669.942437057047	2858.21371913443	7.20082159448064e-12	0
chr5	156665308	156666843	156666640	23	10	11	3.27771887409511e-09	0.000437789235788633	2.25409976645566e-05	2254.09976645566	7.44380485618941e-06	744.380485618941	1509.71928083672	1.71128905564268e-05	0
chr6	13508787	13509863	13509200	24	8	15	9.6634191759648e-09	3.80300039503068e-05	2.35210410412765e-05	2352.10410412765	5.95504388495153e-06	595.504388495153	1756.5997156325	4.48547234223931e-05	0
chr6	33810482	33810941	33810712	27	16	3	4.03183042507749e-11	0.00775496784631124	2.6461171171436e-05	2646.1171171436	1.19100877699031e-05	1191.00877699031	1455.1083401533	3.31324099111734e-07	0
chr6	42224189	42225296	42224794	37	20	13	4.44089209850063e-16	0.000279585030581009	3.62616049386346e-05	3626.16049386346	1.48876097123788e-05	1488.76097123788	2137.39952262558	9.47392863203192e-12	0
chr6	44203270	44204499	44204026	23	8	4	5.40827826966961e-09	0.00333082659669037	2.25409976645566e-05	2254.09976645566	5.95504388495153e-06	595.504388495153	1658.59537796051	2.67013026403099e-05	0
chr6	122651839	122653156	122652444	35	26	11	3.44169137633799e-15	0.000587058137484275	3.43015181851949e-05	3430.15181851949	1.93538926260925e-05	1935.38926260925	1494.76255591024	6.12533976885931e-11	0
chr6	125387663	125388157	125387919	21	13	5	8.80642595513237e-08	0.00242128428432331	2.05809109111169e-05	2058.09109111169	9.67694631304624e-06	967.694631304624	1090.39645980707	0.000319825364139324	0
chr7	104747835	104748365	104748132	28	17	6	8.96993590515649e-12	0.0013995489858597	2.74412145481559e-05	2744.12145481559	1.2654468255522e-05	1265.4468255522	1478.67462926339	8.2794358935784e-08	0
chr7	116316141	116317450	116317204	34	7	11	1.24344978758018e-14	1.71578151686447e-09	3.3321474808475e-05	3332.1474808475	5.21066339933259e-06	521.066339933259	2811.08114091424	2.00278851281155e-10	0
chr7	151736088	151736965	151736406	24	9	6	2.24791518732559e-09	0.000552674893700256	2.35210410412765e-05	2352.10410412765	6.69942437057047e-06	669.942437057047	1682.1616670706	1.21498382640433e-05	0
chr8	51535262	51535756	51535497	25	15	5	2.8645963379148e-10	0.00436946280951123	2.45010844179963e-05	2450.10844179963	1.11657072842841e-05	1116.57072842841	1333.53771337122	1.91847078926635e-06	0
chr8	64686673	64687141	64686908	21	12	5	2.84086510982107e-08	0.00478617033734563	2.05809109111169e-05	2058.09109111169	8.93256582742729e-06	893.25658274273	1164.83450836896	0.000115111925718254	0
chr8	78643634	78644942	78644512.5	31	12	7	1.32227562232856e-13	9.48152261037727e-07	3.03813446783155e-05	3038.13446783155	8.93256582742729e-06	893.25658274273	2144.87788508882	1.79722018406559e-09	0
chr8	88424766	88425957	88425556	35	16	9	1.4432899320127e-15	2.33883678721902e-05	3.43015181851949e-05	3430.15181851949	1.19100877699031e-05	1191.00877699031	2239.14304152918	2.7349002800998e-11	0
chr8	90586884	90588108	90587682	40	29	18	1.98729921407903e-14	3.54165854199451e-07	3.92017350687941e-05	3920.17350687941	2.15870340829493e-05	2158.70340829493	1761.47009858449	3.06304805018171e-10	0
chr8	90649439	90650730	90650431	27	18	13	1.09559338268284e-08	2.90923854733283e-05	2.6461171171436e-05	2646.1171171436	1.33988487411409e-05	1339.88487411409	1306.23224302951	4.97782930685231e-05	0
chr8	92052458	92053988	92053702	29	14	19	1.20801146863414e-11	0.000188134746221369	2.84212579248758e-05	2842.12579248758	1.04213267986652e-05	1042.13267986652	1799.99311262106	1.08698829061252e-07	0
chr8	97424036	97425182	97424329	25	4	11	3.44108697092338e-09	1.06748180453975e-05	2.45010844179963e-05	2450.10844179963	2.97752194247576e-06	297.752194247576	2152.35624755206	1.78788999759488e-05	0
chr8	99798831	99800353	99799256	29	24	24	3.72647024349249e-10	0.00734308137565898	2.84212579248758e-05	2842.12579248758	1.78651316548546e-05	1786.51316548546	1055.61262700212	2.43493612720336e-06	0
chr8	101009705	101010624	101009905	23	4	4	4.36792328972757e-08	7.44358475857076e-07	2.25409976645566e-05	2254.09976645566	2.97752194247576e-06	297.752194247576	1956.34757220809	0.000170966886342377	0
chr8	101408817	101410018	101409705	38	24	9	3.25295346215171e-14	5.75040866569454e-05	3.72416483153544e-05	3724.16483153544	1.78651316548546e-05	1786.51316548546	1937.65166604998	4.80120533893179e-10	0
chr8	102928876	102929562	102929102	24	9	6	8.03948074779015e-09	0.00399822264758243	2.35210410412765e-05	2352.10410412765	6.69942437057047e-06	669.942437057047	1682.1616670706	3.80292466828896e-05	0
chr8	109228736	109229673	109229238	23	11	9	1.18864087461645e-08	0.00141038550985007	2.25409976645566e-05	2254.09976645566	8.18818534180835e-06	818.818534180835	1435.28123227483	5.33289522607063e-05	0
chr8	109606484	109607445	109607136.5	24	9	13	6.08011452296608e-09	7.87481757391628e-05	2.35210410412765e-05	2352.10410412765	6.69942437057047e-06	669.942437057047	1682.1616670706	2.96759519358191e-05	0
chr8	109637454	109638788	109638088	23	0	18	3.99703996567524e-08	2.14379947127696e-09	2.25409976645566e-05	2254.09976645566	0	0	2254.09976645566	0.000157214074689966	0
chr8	115194289	115195232	115194685.5	40	27	20	0	1.73900838917884e-06	3.92017350687941e-05	3920.17350687941	2.00982731117114e-05	2009.82731117114	1910.34619570827	0	0
chr8	123527768	123529182	123528459	31	9	11	6.57163212736123e-12	1.77969628079033e-05	3.03813446783155e-05	3038.13446783155	6.69942437057047e-06	669.942437057047	2368.1920307745	6.20805706170618e-08	0
chr8	125606490	125606980	125606761	31	10	3	1.45994327738208e-13	1.00481163860522e-05	3.03813446783155e-05	3038.13446783155	7.44380485618941e-06	744.380485618941	2293.75398221261	1.96777263474835e-09	0
chr8	126546739	126547390	126547187	22	4	3	1.42453782103757e-08	7.021988957856e-06	2.15609542878368e-05	2156.09542878368	2.97752194247576e-06	297.752194247576	1858.3432345361	6.18453303705771e-05	0
chr8	127317425	127317893	127317660	25	11	5	6.37087049781826e-10	0.000604478114564433	2.45010844179963e-05	2450.10844179963	8.18818534180835e-06	818.818534180835	1631.2899076188	3.98500052644328e-06	0
chr8	139460428	139461350	139460658	28	15	11	6.78523903729911e-12	0.00203921706289223	2.74412145481559e-05	2744.12145481559	1.11657072842841e-05	1116.57072842841	1627.55072638718	6.39110394470502e-08	0
chr9	125539682	125541198	125540295	25	4	13	1.58302965180823e-08	1.06339599237337e-07	2.45010844179963e-05	2450.10844179963	2.97752194247576e-06	297.752194247576	2152.35624755206	6.82661299145279e-05	0
chr9	134895511	134896144	134895928	21	3	7	6.4752913586652e-08	5.23581309697096e-06	2.05809109111169e-05	2058.09109111169	2.23314145685682e-06	223.314145685682	1834.77694542601	0.00024169029047114	0
