chr1	30345386	30346946	30345953.0	35	20	11	9.992007221626409e-16	9.434888393711205e-05	3.4301518185194876e-05	3430.1518185194877	1.4887609712378825e-05	1488.7609712378824	1941.3908472816054	1.9747038360324207e-11	1
chr1	40897720	40898822	40898408.0	44	13	7	0.0	6.149812137312693e-08	4.312190857567356e-05	4312.190857567356	9.676946313046236e-06	967.6946313046236	3344.4962262627323	0.0	1
chr1	43830215	43831347	43831016.0	40	11	10	0.0	1.6928214015998755e-05	3.920173506879414e-05	3920.1735068794146	8.188185341808353e-06	818.8185341808353	3101.3549726985793	0.0	1
chr1	46134772	46135683	46135347.0	27	11	7	4.6849191193132356e-11	0.0002016780015724473	2.6461171171436047e-05	2646.117117143605	8.188185341808353e-06	818.8185341808353	1827.2985829627696	3.792196659393632e-07	0
chr1	75377061	75377529	75377296.0	31	15	5	6.050715484207103e-14	0.00013702775949142598	3.0381344678315463e-05	3038.1344678315463	1.1165707284284118e-05	1116.5707284284117	1921.5637394031346	8.62452385810915e-10	0
chr1	75382012	75382934	75382701.0	32	20	11	2.1871393585115584e-14	0.0018494231741654765	3.136138805503532e-05	3136.138805503532	1.4887609712378825e-05	1488.7609712378824	1647.3778342656494	3.3391108414342843e-10	0
chr1	89066958	89067853	89067615.0	21	5	6	3.784658708649857e-08	1.9656440415460885e-05	2.0580910911116924e-05	2058.0910911116925	3.721902428094706e-06	372.1902428094706	1685.900848302222	0.00015051456856592034	0
chr1	93277304	93277737	93277534.0	21	9	4	4.28858236700691e-08	0.002625744239399652	2.0580910911116924e-05	2058.0910911116925	6.699424370570471e-06	669.9424370570471	1388.1486540546455	0.00016827028622775608	0
chr1	96163878	96165173	96164537.0	24	11	10	2.9526413536373752e-09	1.1054716772651574e-05	2.3521041041276488e-05	2352.1041041276485	8.188185341808353e-06	818.8185341808353	1533.2855699468132	1.5567050087412325e-05	1
chr1	107936037	107937110	107936582.0	30	14	7	2.4902524486947186e-11	7.996967106294051e-07	2.940130130159561e-05	2940.130130159561	1.0421326798665176e-05	1042.1326798665177	1897.9974502930431	2.1110407377850373e-07	1
chr1	108198189	108199629	108199410.0	43	32	8	0.0	4.705176846919734e-06	4.214186519895371e-05	4214.186519895371	2.382017553980612e-05	2382.017553980612	1832.1689659147592	0.0	1
chr1	108215809	108217313	108217004.0	71	60	14	0.0	5.8135605218723185e-08	6.95830797471096e-05	6958.3079747109605	4.466282913713647e-05	4466.282913713647	2492.0250609973136	0.0	0
chr1	108234545	108235746	108234986.0	33	20	11	5.650147016922347e-12	6.445888444228665e-06	3.234143143175517e-05	3234.143143175517	1.4887609712378825e-05	1488.7609712378824	1745.3821719376344	5.4988084265216514e-08	0
chr1	108381470	108382920	108382305.0	25	19	4	1.7136967400688263e-09	0.001185183846931226	2.450108441799634e-05	2450.108441799634	1.4143229226759883e-05	1414.3229226759884	1035.7855191236456	9.550870733644971e-06	0
chr1	108458159	108459557	108459259.0	52	23	11	0.0	1.8101076193488552e-12	5.096225558943239e-05	5096.225558943239	1.7120751169235648e-05	1712.0751169235648	3384.1504420196743	0.0	0
chr1	108815817	108816529	108816295.0	27	18	9	1.181083675305672e-09	0.0007467220680938969	2.6461171171436047e-05	2646.117117143605	1.3398848741140941e-05	1339.8848741140941	1306.2322430295108	6.89252617531979e-06	1
chr1	109137941	109138373	109138141.0	22	9	2	1.4681203031052803e-08	0.00033869468108893575	2.156095428783678e-05	2156.095428783678	6.699424370570471e-06	669.9424370570471	1486.152991726631	6.356609668609906e-05	1
chr1	109151021	109152543	109151740.0	38	27	6	0.0	0.0016720670167379437	3.7241648315354436e-05	3724.1648315354437	2.009827311171141e-05	2009.8273111711412	1714.3375203643025	0.0	2
chr1	109214503	109215453	109214816.0	26	7	6	4.5170422957596656e-10	3.0047583043923964e-06	2.5481127794716194e-05	2548.1127794716194	5.210663399332588e-06	521.0663399332589	2027.0464395383606	2.8870908855371097e-06	0
chr1	113388197	113389299	113388591.0	32	10	5	9.248157795127554e-14	2.485813459518482e-07	3.136138805503532e-05	3136.138805503532	7.443804856189412e-06	744.3804856189412	2391.7583198845905	1.2952817012205125e-09	1
chr1	113809486	113810436	113809963.0	26	13	14	1.3508828167196896e-08	0.0006204096816595506	2.5481127794716194e-05	2548.1127794716194	9.676946313046236e-06	967.6946313046236	1580.4181481669957	5.944884637400872e-05	1
chr1	113975997	113977141	113976809.0	42	13	6	0.0	8.417700980700715e-10	4.116182182223385e-05	4116.182182223385	9.676946313046236e-06	967.6946313046236	3148.4875509187614	0.0	1
chr1	114479237	114480491	114480258.0	27	17	9	6.527479667894909e-10	0.00209083579412761	2.6461171171436047e-05	2646.117117143605	1.2654468255522001e-05	1265.4468255522002	1380.6702915914047	4.067165262734221e-06	0
chr1	115714156	115714906	115714492.0	28	13	3	1.066113863856799e-11	0.000981756918432386	2.74412145481559e-05	2744.12145481559	9.676946313046236e-06	967.6946313046236	1776.4268235109662	9.70146148707398e-08	3
chr1	115929672	115930325	115929945.0	24	9	10	3.97411600294717e-08	0.00039656509437979715	2.3521041041276488e-05	2352.1041041276485	6.699424370570471e-06	669.9424370570471	1682.1616670706014	0.00015669506478783164	0
chr1	115952250	115953246	115952759.0	32	16	9	1.7454926393156711e-12	0.0008031670407022684	3.136138805503532e-05	3136.138805503532	1.191008776990306e-05	1191.008776990306	1945.1300285132259	1.9256262841501446e-08	1
chr1	116219262	116220480	116220003.0	26	2	11	1.8611854613048706e-08	5.234991085067975e-08	2.5481127794716194e-05	2548.1127794716194	1.4887609712378825e-06	148.87609712378824	2399.236682347831	7.900233003988983e-05	0
chr1	116508486	116510494	116509264.0	76	3	20	0.0	0.0	7.448329663070887e-05	7448.329663070887	2.2331414568568237e-06	223.31414568568238	7225.015517385205	0.0	1
chr1	116619071	116620153	116619490.0	43	25	12	0.0	0.004261459480845109	4.214186519895371e-05	4214.186519895371	1.860951214047353e-05	1860.951214047353	2353.235305848018	0.0	1
chr1	117363132	117363684	117363454.0	23	5	4	1.1570576385899756e-08	4.364377389265428e-06	2.2540997664556634e-05	2254.0997664556635	3.721902428094706e-06	372.1902428094706	1881.9095236461928	5.227599393563407e-05	0
chr1	117590826	117591613	117591312.0	31	17	5	3.297362383136715e-13	0.00019481884024963314	3.0381344678315463e-05	3038.1344678315463	1.2654468255522001e-05	1265.4468255522002	1772.6876422793462	4.149192161725934e-09	2
chr1	120041361	120042891	120042375.0	40	28	16	2.3647750424515834e-14	0.0004344207900554009	3.920173506879414e-05	3920.1735068794146	2.0842653597330353e-05	2084.2653597330354	1835.9081471463792	3.5932779079250325e-10	0
chr1	120282149	120283521	120283228.0	29	14	15	4.824443955442348e-08	5.7668179556991106e-05	2.8421257924875754e-05	2842.1257924875754	1.0421326798665176e-05	1042.1326798665177	1799.9931126210577	0.00018612196335703667	0
chr1	120614193	120615472	120615131.0	29	11	6	1.9613799473461313e-10	3.3525588382099514e-06	2.8421257924875754e-05	2842.1257924875754	8.188185341808353e-06	818.8185341808353	2023.30725830674	1.365393807651228e-06	0
chr1	120733478	120734847	120734273.0	29	21	14	4.8924176820897e-08	0.002139344888931971	2.8421257924875754e-05	2842.1257924875754	1.5631990197997764e-05	1563.1990197997766	1278.9267726877988	0.00018851854737868658	0
chr1	120750274	120751603	120751082.0	33	22	11	6.95266066941258e-11	0.00033622806563826657	3.234143143175517e-05	3234.143143175517	1.6376370683616706e-05	1637.6370683616706	1596.5060748138462	5.40987870196301e-07	0
chr1	121100019	121100866	121100565.0	27	15	8	1.8259410650145469e-09	0.0003166715196017966	2.6461171171436047e-05	2646.117117143605	1.1165707284284118e-05	1116.5707284284117	1529.5463887151932	1.0102082925954571e-05	0
chr1	143887455	143888302	143887785.0	34	9	6	4.9960036108132044e-15	3.1481794948717834e-09	3.332147480847502e-05	3332.1474808475023	6.699424370570471e-06	669.9424370570471	2662.2050437904554	8.560551204076718e-11	0
chr1	144403953	144405339	144404241.0	28	26	17	3.2733958876818292e-09	0.009215013758981372	2.74412145481559e-05	2744.12145481559	1.9353892626092473e-05	1935.3892626092472	808.7321922063427	1.711289055642675e-05	0
chr1	145739124	145740533	145740330.0	32	17	8	1.0201728350978101e-11	0.00016185991414985335	3.136138805503532e-05	3136.138805503532	1.2654468255522001e-05	1265.4468255522002	1870.6919799513316	9.33615227545355e-08	1
chr1	146178152	146179090	146178830.0	24	5	8	1.0992251253671981e-07	1.3965744638522182e-06	2.3521041041276488e-05	2352.1041041276485	3.721902428094706e-06	372.1902428094706	1979.9138613181779	0.0003908366516336226	0
chr1	146191087	146192518	146191783.0	34	22	9	1.5398793351550921e-12	0.0009651837362111282	3.332147480847502e-05	3332.1474808475023	1.6376370683616706e-05	1637.6370683616706	1694.5104124858317	1.7046316073083075e-08	0
chr1	146200556	146202099	146201737.0	48	36	17	0.0	0.0007889937413245729	4.7042082082552975e-05	4704.208208255297	2.6797697482281882e-05	2679.7697482281883	2024.4384600271087	0.0	0
chr1	147538414	147539450	147538984.0	31	5	10	2.570943458124475e-12	2.075401517309672e-09	3.0381344678315463e-05	3038.1344678315463	3.721902428094706e-06	372.1902428094706	2665.944225022076	2.779157094389803e-08	2
chr1	147668899	147669785	147669492.0	30	11	7	4.213740467662319e-12	1.2995100342916288e-05	2.940130130159561e-05	2940.130130159561	8.188185341808353e-06	818.8185341808353	2121.3115959787256	4.268521743893167e-08	2
chr1	147675817	147677336	147676757.0	64	30	14	0.0	5.897142996147409e-09	6.272277611007063e-05	6272.277611007064	2.2331414568568236e-05	2233.1414568568234	4039.13615415024	0.0	0
chr1	147716124	147717210	147716719.0	45	33	8	0.0	0.0064073339755340575	4.4101951952393415e-05	4410.195195239341	2.456455602542506e-05	2456.455602542506	1953.7395926968352	0.0	2
chr1	148641457	148642863	148642499.0	28	13	7	1.4314132101844734e-09	7.042758650299685e-05	2.74412145481559e-05	2744.12145481559	9.676946313046236e-06	967.6946313046236	1776.4268235109662	8.204753546836427e-06	0
chr1	148652105	148653135	148652623.0	44	23	11	0.0	1.3259597517745192e-06	4.312190857567356e-05	4312.190857567356	1.7120751169235648e-05	1712.0751169235648	2600.1157406437915	0.0	0
chr1	148661683	148662855	148662384.0	31	25	15	1.1312366487992165e-08	0.00907317921394768	3.0381344678315463e-05	3038.1344678315463	1.860951214047353e-05	1860.951214047353	1177.1832537841933	5.125316636731597e-05	0
chr1	148894428	148895406	148895113.0	28	19	8	7.916696742604756e-09	0.001653560564370049	2.74412145481559e-05	2744.12145481559	1.4143229226759883e-05	1414.3229226759884	1329.7985321396015	3.761414117730957e-05	0
chr1	149234194	149235473	149235132.0	26	8	6	1.2791102954601286e-08	2.650239313117808e-06	2.5481127794716194e-05	2548.1127794716194	5.95504388495153e-06	595.504388495153	1952.6083909764666	5.675553329749479e-05	0
chr1	149400609	149401860	149401285.0	29	24	10	2.714762925570824e-08	0.004719476647987553	2.8421257924875754e-05	2842.1257924875754	1.786513165485459e-05	1786.513165485459	1055.6126270021164	0.00011055853138033084	0
chr1	149417595	149418924	149418403.0	45	27	12	1.2212453270876722e-15	1.0774646035383029e-06	4.4101951952393415e-05	4410.195195239341	2.009827311171141e-05	2009.8273111711412	2400.3678840681996	2.3416957526495574e-11	0
chr1	149427795	149429226	149428527.0	32	20	9	4.1051317900553386e-10	0.00010055938121233954	3.136138805503532e-05	3136.138805503532	1.4887609712378825e-05	1488.7609712378824	1647.3778342656494	2.6661357763791217e-06	0
chr1	149441238	149441923	149441495.0	25	5	6	7.089375397839603e-08	1.5842282086175885e-07	2.450108441799634e-05	2450.108441799634	3.721902428094706e-06	372.1902428094706	2077.9181989901635	0.000260997745403742	0
chr1	149795397	149796244	149795943.0	34	18	6	4.425348976155874e-13	3.5751405048634055e-06	3.332147480847502e-05	3332.1474808475023	1.3398848741140941e-05	1339.8848741140941	1992.2626067334081	5.39983428846512e-09	0
chr1	150020960	150022070	150021539.0	32	12	14	1.087726575477177e-09	1.5383383378253512e-07	3.136138805503532e-05	3136.138805503532	8.932565827427295e-06	893.2565827427295	2242.8822227608025	6.441064893567647e-06	1
chr1	151006952	151008342	151007152.0	25	7	6	2.2734386595502087e-09	1.0504727765314748e-05	2.450108441799634e-05	2450.108441799634	5.210663399332588e-06	521.0663399332589	1929.042101866375	1.226720843958591e-05	4
chr1	151885549	151886045	151885749.0	24	3	9	2.3871589704960172e-08	9.033089052312704e-07	2.3521041041276488e-05	2352.1041041276485	2.2331414568568237e-06	223.31414568568238	2128.789958441966	9.821015903366004e-05	1
chr1	152728800	152729823	152729280.0	21	8	10	6.226850612911505e-08	0.0006669701011136064	2.0580910911116924e-05	2058.0910911116925	5.95504388495153e-06	595.504388495153	1462.5867026165397	0.00023324203961741367	1
chr1	153511219	153511704	153511436.0	23	9	6	7.2139241247271e-09	0.00017886173826187068	2.2540997664556634e-05	2254.0997664556635	6.699424370570471e-06	669.9424370570471	1584.1573293986164	3.47881987541866e-05	1
chr1	155635400	155635859	155635600.0	24	9	4	1.916568681537001e-09	0.00012408266102603704	2.3521041041276488e-05	2352.1041041276485	6.699424370570471e-06	669.9424370570471	1682.1616670706014	1.0535705101910862e-05	0
chr1	162159334	162160429	162159745.0	40	30	6	0.0	0.0018545939051848315	3.920173506879414e-05	3920.1735068794146	2.2331414568568236e-05	2233.1414568568234	1687.0320500225912	0.0	1
chr1	169496670	169498102	169497607.0	26	7	15	1.1759008211598143e-09	1.4103814465205033e-06	2.5481127794716194e-05	2548.1127794716194	5.210663399332588e-06	521.0663399332589	2027.0464395383606	6.874734488269689e-06	1
chr1	172529432	172530880	172530092.0	40	18	13	0.0	4.402649753454391e-05	3.920173506879414e-05	3920.1735068794146	1.3398848741140941e-05	1339.8848741140941	2580.2886327653205	0.0	1
chr1	177571446	177572392	177572089.0	29	19	9	5.03463937207016e-12	0.0004362152928436558	2.8421257924875754e-05	2842.1257924875754	1.4143229226759883e-05	1414.3229226759884	1427.802869811587	4.974937197577679e-08	1
chr1	178655018	178656291	178655972.0	40	8	11	0.0	2.812128307994044e-11	3.920173506879414e-05	3920.1735068794146	5.95504388495153e-06	595.504388495153	3324.6691183842618	0.0	1
chr1	180551925	180553241	180552656.0	24	14	14	1.3547623245457885e-08	0.0022180690560528182	2.3521041041276488e-05	2352.1041041276485	1.0421326798665176e-05	1042.1326798665177	1309.9714242611308	5.95382370542562e-05	0
chr1	185823847	185825209	185824217.0	28	35	15	1.5595535973744745e-10	0.003703299454429154	2.74412145481559e-05	2744.12145481559	2.605331699666294e-05	2605.3316996662943	138.78975514929562	1.1017226983494485e-06	0
chr1	187312725	187313709	187313355.0	27	6	14	8.524203565229982e-11	2.684279396536482e-07	2.6461171171436047e-05	2646.117117143605	4.466282913713647e-06	446.62829137136475	2199.48882577224	6.417830836769056e-07	1
chr1	188371328	188373521	188371915.0	43	20	30	0.0	2.9107957155716235e-09	4.214186519895371e-05	4214.186519895371	1.4887609712378825e-05	1488.7609712378824	2725.4255486574884	0.0	2
chr1	200015777	200016916	200016263.0	26	15	10	1.1342918826429127e-09	0.0003727579202262854	2.5481127794716194e-05	2548.1127794716194	1.1165707284284118e-05	1116.5707284284117	1431.5420510432077	6.679967242809298e-06	1
chr1	200433031	200433617	200433368.0	26	15	7	6.032451205228995e-10	0.0003896441617053936	2.5481127794716194e-05	2548.1127794716194	1.1165707284284118e-05	1116.5707284284117	1431.5420510432077	3.788028933792355e-06	0
chr1	203913891	203914953	203914282.0	22	6	9	1.2411673278034385e-07	0.0005672621168001379	2.156095428783678e-05	2156.095428783678	4.466282913713647e-06	446.62829137136475	1709.4671374123131	0.00043601138953991105	0
chr1	215481476	215482685	215482233.0	24	8	16	8.97446150727177e-09	3.410490476862815e-05	2.3521041041276488e-05	2352.1041041276485	5.95504388495153e-06	595.504388495153	1756.5997156324956	4.214257985533215e-05	1
chr10	8084674	8085509	8084966.0	32	16	9	7.773781618425346e-13	4.012765898786519e-06	3.136138805503532e-05	3136.138805503532	1.191008776990306e-05	1191.008776990306	1945.1300285132259	9.14855623455171e-09	1
chr10	8365753	8367205	8366462.0	48	38	13	0.0	8.5790557959875e-06	4.7042082082552975e-05	4704.208208255297	2.8286458453519766e-05	2828.6458453519767	1875.5623629033203	0.0	1
chr10	8725294	8728072	8727001.0	66	69	24	0.0	2.699527612559649e-08	6.468286286351034e-05	6468.286286351034	5.136225350770694e-05	5136.225350770695	1332.060935580339	0.0	1
chr10	9036110	9037615	9037120.5	34	33	26	3.662944170201854e-09	1.9840109846458454e-05	3.332147480847502e-05	3332.1474808475023	2.456455602542506e-05	2456.455602542506	875.6918783049964	1.8819132215512566e-05	2
chr10	9069031	9070200	9069504.0	28	35	13	5.065966091066798e-09	0.001695742679436285	2.74412145481559e-05	2744.12145481559	2.605331699666294e-05	2605.3316996662943	138.78975514929562	2.5222889242240034e-05	1
chr10	9188222	9189489	9188749.0	57	77	9	0.0	7.079318353198083e-06	5.5862472473031654e-05	5586.247247303166	5.731729739265847e-05	5731.7297392658475	-145.4824919626817	0.0	3
chr10	44172525	44173668	44173330.0	26	16	12	4.299129940932289e-10	0.006982489692778482	2.5481127794716194e-05	2548.1127794716194	1.191008776990306e-05	1191.008776990306	1357.1040024813135	2.764265038359821e-06	1
chr10	74821746	74823209	74822007.0	26	14	9	4.768372363628259e-10	0.0005164862623954214	2.5481127794716194e-05	2548.1127794716194	1.0421326798665176e-05	1042.1326798665177	1505.9800996051017	3.029695890847137e-06	1
chr10	115664074	115665482	115664902.0	67	140	20	0.0	0.0019375501872970213	6.566290624023019e-05	6566.2906240230195	0.00010421326798665176	10421.326798665177	-3855.0361746421577	0.0	1
chr10	116142513	116143591	116143332.0	26	23	14	9.236557074743246e-10	9.304706473189928e-05	2.5481127794716194e-05	2548.1127794716194	1.7120751169235648e-05	1712.0751169235648	836.0376625480546	5.551139783632007e-06	1
chr11	73034536	73035328	73034845.0	22	10	8	4.392645769346615e-08	0.0034217890910140936	2.156095428783678e-05	2156.095428783678	7.443804856189412e-06	744.3804856189412	1411.7149431647367	0.0001717259017951282	0
chr11	76771979	76773042	76772839.0	23	13	6	6.688047338165859e-09	0.008010863723738826	2.2540997664556634e-05	2254.0997664556635	9.676946313046236e-06	967.6946313046236	1286.4051351510398	3.254454348704212e-05	2
chr11	78150627	78151476	78151052.0	27	12	6	4.534128628108647e-11	0.0001754317862086019	2.6461171171436047e-05	2646.117117143605	8.932565827427295e-06	893.2565827427295	1752.8605344008754	3.697716198260447e-07	1
chr11	78155805	78156572	78156229.0	31	20	7	2.5501822875639846e-13	0.003076976366964801	3.0381344678315463e-05	3038.1344678315463	1.4887609712378825e-05	1488.7609712378824	1549.373496593664	3.2992005263397357e-09	1
chr11	79059746	79060989	79060321.0	45	31	6	0.0	0.0007864148970180285	4.4101951952393415e-05	4410.195195239341	2.3075795054187178e-05	2307.579505418718	2102.615689820623	0.0	1
chr11	86705662	86706446	86706147.5	34	12	6	4.9960036108132044e-15	2.6972190181329125e-07	3.332147480847502e-05	3332.1474808475023	8.932565827427295e-06	893.2565827427295	2438.8908981047725	8.560551204076718e-11	1
chr11	101033439	101034888	101034141.0	34	22	18	2.5646151868841116e-14	4.170497512978599e-05	3.332147480847502e-05	3332.1474808475023	1.6376370683616706e-05	1637.6370683616706	1694.5104124858317	3.842559355975646e-10	1
chr12	52247146	52247912	52247619.0	32	18	5	1.9761969838327786e-13	0.002918183466662283	3.136138805503532e-05	3136.138805503532	1.3398848741140941e-05	1339.8848741140941	1796.2539313894376	2.6090189935630536e-09	1
chr12	52279915	52280705	52280502.0	22	10	3	2.7282101688896887e-08	0.0031222247663473812	2.156095428783678e-05	2156.095428783678	7.443804856189412e-06	744.3804856189412	1411.7149431647367	0.00011096588386201322	1
chr12	52330483	52331656	52331294.0	30	15	6	6.5391025927397095e-12	0.001387320087226529	2.940130130159561e-05	2940.130130159561	1.1165707284284118e-05	1116.5707284284117	1823.5594017311491	6.19549583067686e-08	0
chr12	53871484	53872528	53871952.0	42	25	9	0.0	2.9359482612290044e-05	4.116182182223385e-05	4116.182182223385	1.860951214047353e-05	1860.951214047353	2255.230968176032	0.0	0
chr12	121202732	121203568	121202953.0	31	12	4	1.6897594434794883e-13	2.041231341642913e-05	3.0381344678315463e-05	3038.1344678315463	8.932565827427295e-06	893.2565827427295	2144.8778850888166	2.258627827874316e-09	1
chr13	22978891	22979856	22979447.0	24	19	5	1.32200594915588e-09	0.007598155034006737	2.3521041041276488e-05	2352.1041041276485	1.4143229226759883e-05	1414.3229226759884	937.7811814516601	7.631959297967206e-06	1
chr13	22996297	22997475	22997006.0	21	9	8	7.59137818162614e-08	0.00025935966736312377	2.0580910911116924e-05	2058.0910911116925	6.699424370570471e-06	669.9424370570471	1388.1486540546455	0.00027789119743586263	1
chr13	108919157	108919980	108919388.0	27	6	9	3.4817815297572e-11	2.4034868073563587e-07	2.6461171171436047e-05	2646.117117143605	4.466282913713647e-06	446.62829137136475	2199.48882577224	2.883292821756071e-07	2
chr13	112913588	112914055	112913788.0	20	2	4	1.3847808122413596e-07	5.583641664574923e-05	1.960086753439707e-05	1960.0867534397073	1.4887609712378825e-06	148.87609712378824	1811.210656315919	0.0004791463578160264	2
chr14	73695713	73697136	73696743.0	27	6	14	1.2927229287029718e-09	6.796030496136751e-07	2.6461171171436047e-05	2646.117117143605	4.466282913713647e-06	446.62829137136475	2199.48882577224	7.4966009147717005e-06	0
chr14	95273452	95274212	95273825.0	25	7	3	4.1431735819941196e-10	3.567227126799466e-05	2.450108441799634e-05	2450.108441799634	5.210663399332588e-06	521.0663399332589	1929.042101866375	2.675576089701517e-06	1
chr14	96116361	96117877	96117241.0	28	8	6	1.6468382213474797e-11	0.00012090222271821105	2.74412145481559e-05	2744.12145481559	5.95504388495153e-06	595.504388495153	2148.617066320437	1.441584002617373e-07	1
chr14	98806204	98807162	98806795.0	21	8	7	6.495516380322641e-08	0.0059442778497930115	2.0580910911116924e-05	2058.0910911116925	5.95504388495153e-06	595.504388495153	1462.5867026165397	0.00024189918760255836	0
chr14	98822859	98823462	98823059.0	22	4	4	1.3413522736982486e-08	5.992779031316342e-05	2.156095428783678e-05	2156.095428783678	2.977521942475765e-06	297.7521942475765	1858.3432345361016	5.9110183530227957e-05	1
chr15	50854382	50854838	50854582.0	36	16	3	1.1102230246251565e-16	1.1186164831533674e-05	3.528156156191473e-05	3528.156156191473	1.191008776990306e-05	1191.008776990306	2337.1473792011675	2.483616707355591e-12	1
chr15	64521522	64522862	64522326.0	35	10	13	2.1094237467877974e-15	1.0602631299594378e-06	3.4301518185194876e-05	3430.1518185194877	7.443804856189412e-06	744.3804856189412	2685.7713329005464	3.9052731674281016e-11	1
chr15	70323770	70324718	70324331.0	23	10	9	1.8089081343930502e-08	0.004727425538530672	2.2540997664556634e-05	2254.0997664556635	7.443804856189412e-06	744.3804856189412	1509.7192808367222	7.705105506457004e-05	1
chr15	71104299	71105287	71104837.0	46	35	10	0.0	0.0030229595922085517	4.508199532911327e-05	4508.199532911327	2.605331699666294e-05	2605.3316996662943	1902.8678332450327	0.0	2
chr15	73918594	73919455	73919047.0	31	14	5	1.7252865802674933e-13	4.427711477394958e-05	3.0381344678315463e-05	3038.1344678315463	1.0421326798665176e-05	1042.1326798665177	1996.0017879650286	2.2965860012611764e-09	1
chr15	95895223	95896503	95895693.0	41	40	12	0.0	0.0005888846427071215	4.0181778445513996e-05	4018.1778445513996	2.977521942475765e-05	2977.5219424757647	1040.655902075635	0.0	2
chr15	98748597	98750073	98749214.0	58	65	19	0.0	0.00021116424928979693	5.684251584975151e-05	5684.251584975151	4.838473156523118e-05	4838.473156523118	845.778428452033	0.0	1
chr16	72996319	72997551	72996855.0	27	12	5	4.168909661927955e-11	2.730795020033927e-05	2.6461171171436047e-05	2646.117117143605	8.932565827427295e-06	893.2565827427295	1752.8605344008754	3.417171447372601e-07	1
chr16	85465422	85466478	85465978.0	29	13	4	1.4856560426323995e-11	0.0072612493895425345	2.8421257924875754e-05	2842.1257924875754	9.676946313046236e-06	967.6946313046236	1874.4311611829517	1.3075973245042456e-07	2
chr16	86901539	86901951	86901739.0	20	4	2	1.3271077292653644e-07	5.605273109399178e-05	1.960086753439707e-05	1960.0867534397073	2.977521942475765e-06	297.7521942475765	1662.3345591921309	0.00046083096692363666	1
chr16	87789520	87790455	87789735.0	48	21	4	0.0	9.558834005884975e-06	4.7042082082552975e-05	4704.208208255297	1.5631990197997764e-05	1563.1990197997766	3141.0091884555204	0.0	2
chr16	87807104	87807913	87807304.0	25	11	4	7.354635789269537e-10	0.0031981461095801356	2.450108441799634e-05	2450.108441799634	8.188185341808353e-06	818.8185341808353	1631.2899076187987	4.529980337031952e-06	2
chr17	58575300	58576345	58575914.0	27	14	9	4.217371007975146e-09	0.00022363750176435104	2.6461171171436047e-05	2646.117117143605	1.0421326798665176e-05	1042.1326798665177	1603.9844372770872	2.1462234372152723e-05	1
chr17	58639510	58640703	58639876.0	33	2	6	7.781553179597722e-13	1.8496315590255108e-13	3.234143143175517e-05	3234.143143175517	1.4887609712378825e-06	148.87609712378824	3085.2670460517284	9.14855623455171e-09	1
chr17	58740898	58741634	58741118.0	49	23	5	0.0	6.4392353671394176e-09	4.802212545927283e-05	4802.212545927283	1.7120751169235648e-05	1712.0751169235648	3090.1374290037184	0.0	1
chr17	58900128	58901397	58900705.0	44	33	10	0.0	0.0005146734823130439	4.312190857567356e-05	4312.190857567356	2.456455602542506e-05	2456.455602542506	1855.7352550248502	0.0	1
chr17	59093003	59095705	59094612.0	75	37	21	0.0	4.784284080017187e-12	7.350325325398902e-05	7350.325325398902	2.7542077967900824e-05	2754.2077967900823	4596.11752860882	0.0	2
chr17	59621015	59622293	59622029.0	38	23	18	1.0422353724504063e-07	7.877406289280575e-05	3.7241648315354436e-05	3724.1648315354437	1.7120751169235648e-05	1712.0751169235648	2012.089714611879	0.00037221691564968257	0
chr17	59832730	59833500	59833124.0	51	34	9	0.0	2.739968679976723e-05	4.9982212212712535e-05	4998.221221271254	2.5308936511044003e-05	2530.8936511044003	2467.3275701668535	0.0	1
chr17	59844857	59846419	59845778.0	206	221	16	0.0	0.001286152743058211	0.00020188893560428985	20188.893560428984	0.000164508087321786	16450.8087321786	3738.084828250383	0.0	1
chr17	59855630	59856543	59855938.0	55	49	5	0.0	0.00440652193853075	5.390238571959195e-05	5390.238571959195	3.647464379532812e-05	3647.464379532812	1742.7741924263828	0.0	3
chr17	59962548	59965656	59963324.0	43	23	19	1.1099428154359714e-08	2.8771132657423593e-06	4.214186519895371e-05	4214.186519895371	1.7120751169235648e-05	1712.0751169235648	2502.1114029718065	5.0359231112142855e-05	1
chr17	60030854	60031476	60031092.0	64	48	4	0.0	2.5326640642919784e-05	6.272277611007063e-05	6272.277611007064	3.573026330970918e-05	3573.026330970918	2699.2512800361455	0.0	0
chr17	60115068	60115690	60115449.0	52	48	4	0.0	0.008041637403127577	5.096225558943239e-05	5096.225558943239	3.573026330970918e-05	3573.026330970918	1523.1992279723208	0.0	0
chr17	60344695	60345600	60345133.0	48	26	12	3.552713678800501e-15	2.710152344653771e-06	4.7042082082552975e-05	4704.208208255297	1.9353892626092473e-05	1935.3892626092472	2768.8189456460495	6.288189993128881e-11	1
chr17	60356056	60357064	60356683.0	35	19	9	5.6887161647978246e-11	7.533686321559152e-05	3.4301518185194876e-05	3430.1518185194877	1.4143229226759883e-05	1414.3229226759884	2015.8288958434994	4.513620765453733e-07	2
chr17	60567361	60568518	60568041.0	53	24	13	0.0	9.19952991562667e-09	5.194229896615224e-05	5194.229896615224	1.786513165485459e-05	1786.513165485459	3407.716731129765	0.0	1
chr17	61219424	61220631	61219635.0	30	21	9	2.5857610830293254e-08	0.005182611402260284	2.940130130159561e-05	2940.130130159561	1.5631990197997764e-05	1563.1990197997766	1376.9311103597843	0.0001058401623726538	1
chr17	61230645	61231758	61231298.0	78	72	7	0.0	0.005904171796586866	7.644338338414858e-05	7644.338338414858	5.3595394964563765e-05	5359.539496456377	2284.7988419584817	0.0	1
chr17	61249768	61250932	61250443.0	35	24	10	1.2768550661235167e-09	0.0019650518815694795	3.4301518185194876e-05	3430.1518185194877	1.786513165485459e-05	1786.513165485459	1643.6386530340287	7.424525004361844e-06	0
chr17	61253852	61255254	61254306.0	37	24	12	1.6013563808314757e-09	0.0006672997804186842	3.626160493863458e-05	3626.160493863458	1.786513165485459e-05	1786.513165485459	1839.6473283779992	8.986962659478097e-06	1
chr17	61289911	61290921	61290196.0	52	38	10	0.0	0.000353280375346654	5.096225558943239e-05	5096.225558943239	2.8286458453519766e-05	2828.6458453519767	2267.579713591262	0.0	1
chr17	61360113	61361506	61360713.0	74	47	13	0.0	7.037365890028013e-08	7.252320987726917e-05	7252.320987726916	3.498588282409024e-05	3498.5882824090236	3753.732705317893	0.0	0
chr17	61499548	61500357	61500154.0	29	22	6	2.029427048633181e-08	0.007313665193715679	2.8421257924875754e-05	2842.1257924875754	1.6376370683616706e-05	1637.6370683616706	1204.4887241259048	8.534567346864372e-05	0
chr17	61517038	61519774	61518045.0	57	38	29	7.568793036760724e-09	7.690124132708753e-06	5.5862472473031654e-05	5586.247247303166	2.8286458453519766e-05	2828.6458453519767	2757.601401951189	3.622833714505923e-05	0
chr17	61554911	61555998	61555550.0	55	43	13	1.1102230246251565e-16	0.0003076677446650633	5.390238571959195e-05	5390.238571959195	3.200836088161447e-05	3200.836088161447	2189.4024837977477	2.483616707355591e-12	0
chr17	61564123	61565575	61565117.0	29	15	6	2.1398866678623563e-08	0.00014851487938460917	2.8421257924875754e-05	2842.1257924875754	1.1165707284284118e-05	1116.5707284284117	1725.5550640591637	8.93371866853056e-05	0
chr17	61722546	61724027	61723257.0	209	201	25	0.0	1.6326528056165301e-06	0.00020482906573444942	20482.90657344494	0.00014962047760940718	14962.047760940719	5520.858812504221	0.0	1
chr17	61724911	61726217	61725214.0	93	96	16	0.0	0.006827550140233729	9.114403403494639e-05	9114.403403494638	7.146052661941836e-05	7146.052661941836	1968.350741552802	0.0	0
chr17	61861213	61862427	61862066.0	30	11	9	4.6539464060302294e-08	1.781833203873262e-06	2.940130130159561e-05	2940.130130159561	8.188185341808353e-06	818.8185341808353	2121.3115959787256	0.00018019174307084412	2
chr17	62725632	62726425	62726008.0	23	1	3	1.0026367180948625e-08	1.590149645291916e-08	2.2540997664556634e-05	2254.0997664556635	7.443804856189412e-07	74.43804856189412	2179.6617178937695	4.614051101058772e-05	1
chr17	62804339	62805615	62805223.0	49	33	10	0.0	0.0010212711446483391	4.802212545927283e-05	4802.212545927283	2.456455602542506e-05	2456.455602542506	2345.756943384777	0.0	1
chr17	62819591	62820392	62820027.0	29	14	6	2.604483295698401e-11	0.0004671515557934658	2.8421257924875754e-05	2842.1257924875754	1.0421326798665176e-05	1042.1326798665177	1799.9931126210577	2.184877976232208e-07	1
chr17	62888083	62889624	62888544.0	53	29	13	0.0	9.083212121008266e-06	5.194229896615224e-05	5194.229896615224	2.1587034082949294e-05	2158.7034082949294	3035.5264883202944	0.0	1
chr17	62950153	62950877	62950461.0	35	13	6	7.993605777301127e-15	2.796020426187873e-06	3.4301518185194876e-05	3430.1518185194877	9.676946313046236e-06	967.6946313046236	2462.457187214864	1.3411530219720191e-10	1
chr17	64073977	64075214	64074872.0	38	9	10	4.440892098500626e-16	2.8487732173232416e-09	3.7241648315354436e-05	3724.1648315354437	6.699424370570471e-06	669.9424370570471	3054.2223944783964	9.473928632031923e-12	2
chr17	64083653	64084856	64084635.0	24	13	10	3.0657816396661985e-08	0.0073318253204006645	2.3521041041276488e-05	2352.1041041276485	9.676946313046236e-06	967.6946313046236	1384.4094728230248	0.00012329502070768529	1
chr17	64148224	64149389	64148857.0	31	18	6	8.729683642627606e-13	0.004217667667474889	3.0381344678315463e-05	3038.1344678315463	1.3398848741140941e-05	1339.8848741140941	1698.2495937174522	1.0188875566923659e-08	1
chr17	66269516	66270326	66269751.0	32	21	10	3.9412917374193057e-13	0.006495713151972504	3.136138805503532e-05	3136.138805503532	1.5631990197997764e-05	1563.1990197997766	1572.9397857037552	4.864463068199917e-09	0
chr17	66312304	66313650	66313210.0	24	10	12	1.4741895371095382e-08	0.00047576229776546963	2.3521041041276488e-05	2352.1041041276485	7.443804856189412e-06	744.3804856189412	1607.7236185087072	6.37432036490136e-05	0
chr17	67246373	67246963	67246760.0	23	14	2	4.403843623101977e-09	0.009136314658806044	2.2540997664556634e-05	2254.0997664556635	1.0421326798665176e-05	1042.1326798665177	1211.9670865891458	2.2200761227747372e-05	0
chr17	67490893	67491749	67491356.0	24	3	3	1.7999707280225152e-09	1.646129764720783e-07	2.3521041041276488e-05	2352.1041041276485	2.2331414568568237e-06	223.31414568568238	2128.789958441966	9.979898975816704e-06	2
chr17	67990741	67991931	67991490.0	29	20	14	3.919571334165539e-10	0.006064607276541234	2.8421257924875754e-05	2842.1257924875754	1.4887609712378825e-05	1488.7609712378824	1353.364821249693	2.550763588028987e-06	0
chr17	72126602	72127478	72126931.0	21	4	7	5.691494731063784e-08	2.0817256304539455e-05	2.0580910911116924e-05	2058.0910911116925	2.977521942475765e-06	297.7521942475765	1760.3388968641161	0.0002146867800931437	1
chr17	83055793	83056526	83056261.0	31	16	6	8.805178808302117e-13	0.003941791047791909	3.0381344678315463e-05	3038.1344678315463	1.191008776990306e-05	1191.008776990306	1847.1256908412404	1.023988892155002e-08	1
chr18	1905680	1908338	1906617.5	80	44	30	0.0	7.3580505022263765e-09	7.840347013758829e-05	7840.347013758829	3.275274136723341e-05	3275.274136723341	4565.072877035488	0.0	1
chr18	2385024	2386197	2385423.0	25	7	11	1.4733465558691705e-09	1.53371112935341e-05	2.450108441799634e-05	2450.108441799634	5.210663399332588e-06	521.0663399332589	1929.042101866375	8.370640460276377e-06	1
chr18	3236107	3236965	3236566.0	26	4	5	2.268860654908167e-10	9.336119677350041e-08	2.5481127794716194e-05	2548.1127794716194	2.977521942475765e-06	297.7521942475765	2250.360585224043	1.5583744391904445e-06	1
chr18	3595195	3596675	3596175.0	28	10	10	5.587086349123638e-11	9.405381077187691e-06	2.74412145481559e-05	2744.12145481559	7.443804856189412e-06	744.3804856189412	1999.7409691966486	4.4439298553231203e-07	1
chr18	3603197	3604621	3603707.0	36	25	10	8.881784197001252e-16	0.0018089779628838176	3.528156156191473e-05	3528.156156191473	1.860951214047353e-05	1860.951214047353	1667.2049421441202	1.7882040292960253e-11	2
chr18	9348346	9349379	9348666.0	23	6	12	2.3543321292507358e-08	1.7855947671896466e-05	2.2540997664556634e-05	2254.0997664556635	4.466282913713647e-06	446.62829137136475	1807.4714750842986	9.698349066374454e-05	1
chr18	9898349	9899501	9899134.0	29	6	12	1.6779022615764916e-11	9.689466129447766e-08	2.8421257924875754e-05	2842.1257924875754	4.466282913713647e-06	446.62829137136475	2395.4975011162105	1.460837034354416e-07	1
chr18	10892850	10894031	10893220.0	23	13	11	9.690649949156693e-09	0.007596401722431034	2.2540997664556634e-05	2254.0997664556635	9.676946313046236e-06	967.6946313046236	1286.4051351510398	4.491639955182204e-05	1
chr18	22872897	22873602	22873276.0	23	12	6	7.087229025870556e-09	0.002274989798614735	2.2540997664556634e-05	2254.0997664556635	8.932565827427295e-06	893.2565827427295	1360.843183712934	3.42798626496335e-05	2
chr18	23684290	23685085	23684782.0	27	6	9	7.197920037782524e-11	1.1148874657918029e-06	2.6461171171436047e-05	2646.117117143605	4.466282913713647e-06	446.62829137136475	2199.48882577224	5.587219790445887e-07	1
chr18	62485349	62487216	62486108.0	49	17	13	0.0	5.478695275229484e-11	4.802212545927283e-05	4802.212545927283	1.2654468255522001e-05	1265.4468255522002	3536.7657203750828	0.0	1
chr19	19595260	19595988	19595559.0	25	9	4	2.668785192838641e-10	0.0002676657959306272	2.450108441799634e-05	2450.108441799634	6.699424370570471e-06	669.9424370570471	1780.166004742587	1.8046037721609278e-06	1
chr2	11498705	11499816	11498977.5	54	48	9	0.0	0.000129484459825302	5.2922342342872094e-05	5292.23423428721	3.573026330970918e-05	3573.026330970918	1719.2079033162918	0.0	2
chr2	28341890	28342896	28342399.0	24	10	6	2.1185319054595197e-09	0.0011318118839219737	2.3521041041276488e-05	2352.1041041276485	7.443804856189412e-06	744.3804856189412	1607.7236185087072	1.1527898319926993e-05	1
chr2	33069793	33070690	33070286.0	24	7	6	1.5815815324060623e-09	1.957402189267654e-05	2.3521041041276488e-05	2352.1041041276485	5.210663399332588e-06	521.0663399332589	1831.0377641943896	8.90701926007694e-06	1
chr2	101396386	101397265	101396609.0	23	8	11	1.7714695932369295e-08	0.00020025947052182413	2.2540997664556634e-05	2254.0997664556635	5.95504388495153e-06	595.504388495153	1658.5953779605106	7.558290599227864e-05	0
chr2	105454827	105455764	105455388.0	23	12	6	5.3894367857409975e-09	0.005268324248325462	2.2540997664556634e-05	2254.0997664556635	8.932565827427295e-06	893.2565827427295	1360.843183712934	2.6668539284566015e-05	2
chr2	113307870	113308474	113308090.0	23	3	5	4.360511951517765e-09	6.20520428606941e-06	2.2540997664556634e-05	2254.0997664556635	2.2331414568568237e-06	223.31414568568238	2030.785620769981	2.2016771615871693e-05	0
chr2	137179139	137180498	137179877.0	24	9	13	2.422096523346795e-09	2.5915835691114886e-05	2.3521041041276488e-05	2352.1041041276485	6.699424370570471e-06	669.9424370570471	1682.1616670706014	1.2917882878660615e-05	1
chr2	137507060	137508429	137508110.0	21	14	12	1.1257247667373349e-07	0.006214221972106859	2.0580910911116924e-05	2058.0910911116925	1.0421326798665176e-05	1042.1326798665177	1015.9584112451748	0.00039849939247595383	1
chr2	137675858	137676551	137676217.0	22	7	8	2.8599255408323643e-08	6.54528152090883e-05	2.156095428783678e-05	2156.095428783678	5.210663399332588e-06	521.0663399332589	1635.0290888504192	0.0001155934537209035	1
chr2	138071767	138072445	138072193.0	21	8	7	1.2679283722949464e-07	0.0005330049505233303	2.0580910911116924e-05	2058.0910911116925	5.95504388495153e-06	595.504388495153	1462.5867026165397	0.0004444429726512891	1
chr2	138516433	138517311	138516876.0	21	10	6	9.032568026867693e-08	0.0022880825279527617	2.0580910911116924e-05	2058.0910911116925	7.443804856189412e-06	744.3804856189412	1313.7106054927513	0.0003269324803686071	0
chr2	138564126	138565414	138564912.0	30	19	14	8.449685395817141e-12	0.0030595838250105922	2.940130130159561e-05	2940.130130159561	1.4143229226759883e-05	1414.3229226759884	1525.8072074835725	7.889659841255762e-08	1
chr2	141501478	141502763	141502359.0	43	55	12	0.0	6.695440456683244e-05	4.214186519895371e-05	4214.186519895371	4.0940926709041764e-05	4094.0926709041764	120.09384899119459	0.0	0
chr2	142863182	142864547	142864002.0	22	8	13	6.110257477764947e-08	4.163402738954769e-05	2.156095428783678e-05	2156.095428783678	5.95504388495153e-06	595.504388495153	1560.5910402885252	0.00022914119958018962	0
chr2	148244285	148245249	148244971.0	32	9	11	5.1181281435219717e-14	2.2563039325795842e-08	3.136138805503532e-05	3136.138805503532	6.699424370570471e-06	669.9424370570471	2466.1963684464845	7.360375513441677e-10	0
chr2	158723367	158725908	158725071.0	37	18	8	0.0	5.6484272181966944e-05	3.626160493863458e-05	3626.160493863458	1.3398848741140941e-05	1339.8848741140941	2286.275619749364	0.0	2
chr2	225842365	225843585	225843264.0	35	39	20	1.0513812043200232e-13	0.0017970755690368545	3.4301518185194876e-05	3430.1518185194877	2.9030838939138707e-05	2903.0838939138707	527.067924605617	1.4661724811630616e-09	2
chr2	236611369	236612167	236611876.0	23	8	4	1.7289450982005405e-08	3.0991217495612844e-06	2.2540997664556634e-05	2254.0997664556635	5.95504388495153e-06	595.504388495153	1658.5953779605106	7.406281197510007e-05	2
chr2	236717680	236718495	236718014.0	28	29	6	1.1209144723522968e-10	0.0027445653535638215	2.74412145481559e-05	2744.12145481559	2.1587034082949294e-05	2158.7034082949294	585.4180465206605	8.151804573135112e-07	1
chr2	236812952	236814138	236813596.0	36	45	6	2.4424906541753444e-15	0.007713270142760464	3.528156156191473e-05	3528.156156191473	3.3497121852852354e-05	3349.7121852852356	178.4439709062376	4.420279622978939e-11	2
chr20	47174132	47174980	47174645.0	32	16	4	2.5854762775168183e-11	0.00024874563428489704	3.136138805503532e-05	3136.138805503532	1.191008776990306e-05	1191.008776990306	1945.1300285132259	2.1745961678246953e-07	0
chr20	47204101	47205125	47204301.0	31	12	3	1.8103296639537803e-11	1.7877809169064562e-05	3.0381344678315463e-05	3038.1344678315463	8.932565827427295e-06	893.2565827427295	2144.8778850888166	1.5634560269008576e-07	2
chr20	47273360	47274772	47274477.0	50	39	15	1.258881887622465e-12	0.008039760079190494	4.900216883599268e-05	4900.216883599268	2.9030838939138707e-05	2903.0838939138707	1997.1329896853972	1.4310669428816925e-08	0
chr20	47389896	47390422	47390096.0	23	9	2	8.466620904368227e-08	0.00043230499451007987	2.2540997664556634e-05	2254.0997664556635	6.699424370570471e-06	669.9424370570471	1584.1573293986164	0.0003078316198343042	1
chr20	47452738	47453936	47453470.0	39	24	8	8.333433942908641e-11	0.0010308358518191785	3.822169169207429e-05	3822.169169207429	1.786513165485459e-05	1786.513165485459	2035.6560037219701	6.316433121062873e-07	1
chr20	47455081	47456422	47455496.0	77	61	7	0.0	0.0020001827947857542	7.546334000742873e-05	7546.334000742873	4.5407209622755414e-05	4540.720962275542	3005.6130384673315	0.0	1
chr20	47487169	47488460	47487635.0	42	14	8	4.1175951537297806e-12	2.2162173762829696e-08	4.116182182223385e-05	4116.182182223385	1.0421326798665176e-05	1042.1326798665177	3074.0495023568674	4.184284608109211e-08	1
chr20	47492925	47494047	47493361.0	60	45	8	0.0	0.002066631532504859	5.880260260319122e-05	5880.260260319122	3.3497121852852354e-05	3349.7121852852356	2530.548075033886	0.0	2
chr20	47567807	47568705	47568019.0	33	19	6	4.9724777628767924e-09	0.0014509011027813434	3.234143143175517e-05	3234.143143175517	1.4143229226759883e-05	1414.3229226759884	1819.8202204995284	2.480429158319056e-05	0
chr20	47598893	47600173	47599702.0	48	26	12	9.554146362944493e-11	3.3403859320824125e-05	4.7042082082552975e-05	4704.208208255297	1.9353892626092473e-05	1935.3892626092472	2768.8189456460495	7.157482082116359e-07	0
chr20	47791576	47792309	47792071.0	48	33	5	0.0	0.002566701858213394	4.7042082082552975e-05	4704.208208255297	2.456455602542506e-05	2456.455602542506	2247.752605712791	0.0	2
chr20	48064666	48065994	48065276.0	83	45	15	0.0	1.8971614935692216e-06	8.134360026774784e-05	8134.360026774785	3.3497121852852354e-05	3349.7121852852356	4784.64784148955	0.0	1
chr20	48294998	48295981	48295594.0	38	11	8	1.1335377081422848e-12	3.6371557192715898e-06	3.7241648315354436e-05	3724.1648315354437	8.188185341808353e-06	818.8185341808353	2905.3462973546084	1.2994706860578235e-08	1
chr20	48863714	48865108	48864897.0	42	13	6	0.0	7.409314888295881e-07	4.116182182223385e-05	4116.182182223385	9.676946313046236e-06	967.6946313046236	3148.4875509187614	0.0	2
chr20	50414897	50415313	50415110.0	25	12	2	5.144511039389954e-09	0.0031286465351837434	2.450108441799634e-05	2450.108441799634	8.932565827427295e-06	893.2565827427295	1556.8518590569045	2.5574428210880423e-05	1
chr20	50726922	50728459	50727576.0	115	87	13	0.0	0.0004564969853448897	0.00011270498832278316	11270.498832278317	6.476110224884788e-05	6476.110224884788	4794.388607393529	0.0	1
chr20	50763878	50764381	50764085.0	34	15	3	1.1690648449302898e-13	8.327879572322949e-05	3.332147480847502e-05	3332.1474808475023	1.1165707284284118e-05	1116.5707284284117	2215.5767524190906	1.6025351854031615e-09	3
chr20	50798171	50799631	50799210.0	55	26	9	0.0	9.839804352429482e-07	5.390238571959195e-05	5390.238571959195	1.9353892626092473e-05	1935.3892626092472	3454.8493093499474	0.0	1
chr20	51387204	51387807	51387496.0	30	11	6	9.357181696145744e-12	2.9200796190398393e-05	2.940130130159561e-05	2940.130130159561	8.188185341808353e-06	818.8185341808353	2121.3115959787256	8.612194971264436e-08	1
chr20	51446902	51447942	51447447.0	39	21	6	1.1102230246251565e-16	0.0005786213083281977	3.822169169207429e-05	3822.169169207429	1.5631990197997764e-05	1563.1990197997766	2258.9701494076526	2.483616707355591e-12	1
chr20	51910293	51911615	51910902.0	50	33	13	0.0	0.0016059682801936592	4.900216883599268e-05	4900.216883599268	2.456455602542506e-05	2456.455602542506	2443.761281056762	0.0	0
chr20	51984622	51985760	51985314.0	66	46	14	0.0	0.00042915054218239934	6.468286286351034e-05	6468.286286351034	3.4241502338471296e-05	3424.1502338471296	3044.136052503904	0.0	0
chr20	53642363	53643443	53642828.0	72	69	8	0.0	0.0041474628793954915	7.056312312382946e-05	7056.312312382946	5.136225350770694e-05	5136.225350770695	1920.0869616122518	0.0	0
chr20	53661303	53662617	53662400.0	30	19	5	9.108626042308998e-08	0.0011024124046774553	2.940130130159561e-05	2940.130130159561	1.4143229226759883e-05	1414.3229226759884	1525.8072074835725	0.0003293153718561589	2
chr20	53680048	53680868	53680368.0	44	31	4	6.661338147750939e-16	0.00029422007392598815	4.312190857567356e-05	4312.190857567356	2.3075795054187178e-05	2307.579505418718	2004.6113521486382	1.384416022680794e-11	1
chr20	53786107	53787582	53786561.0	129	132	10	0.0	0.003219043378739128	0.0001264255955968611	12642.559559686111	9.825822410170024e-05	9825.822410170023	2816.737149516088	0.0	1
chr20	53800662	53802064	53801190.0	69	52	9	0.0	3.6672730616582605e-05	6.76229929936699e-05	6762.2992993669895	3.8707785252184945e-05	3870.7785252184945	2891.520774148495	0.0	0
chr20	53905426	53906854	53906651.0	35	14	5	8.667018214225664e-10	1.0557188778737014e-06	3.4301518185194876e-05	3430.1518185194877	1.0421326798665176e-05	1042.1326798665177	2388.01913865297	5.26781694117927e-06	1
chr20	54067444	54071336	54069392.0	110	63	14	0.0	1.8707257964933888e-13	0.0001078047714391839	10780.47714391839	4.68959705939933e-05	4689.59705939933	6090.88008451906	0.0	2
chr20	54132506	54133263	54132894.0	34	18	6	2.0793784472061816e-09	7.045908177472082e-05	3.332147480847502e-05	3332.1474808475023	1.3398848741140941e-05	1339.8848741140941	1992.2626067334081	1.1353201908271279e-05	1
chr20	54148485	54149901	54149116.0	31	16	6	3.580331831010142e-08	0.00012148866406724856	3.0381344678315463e-05	3038.1344678315463	1.191008776990306e-05	1191.008776990306	1847.1256908412404	0.00014309520224776515	1
chr20	54194696	54197066	54195413.0	83	28	17	0.0	0.0	8.134360026774784e-05	8134.360026774785	2.0842653597330353e-05	2084.2653597330354	6050.09466704175	0.0	3
chr20	54268646	54269932	54269166.0	37	26	11	1.1483366479936308e-09	0.0015601685295941747	3.626160493863458e-05	3626.160493863458	1.9353892626092473e-05	1935.3892626092472	1690.771231254211	6.7380420297287766e-06	1
chr20	56758122	56759615	56758797.0	27	10	10	6.721124645725496e-08	0.00011151074288029417	2.6461171171436047e-05	2646.117117143605	7.443804856189412e-06	744.3804856189412	1901.7366315246636	0.000248862541477134	1
chr20	56813466	56814800	56814521.0	33	12	15	2.1944404293705588e-08	9.826687491720776e-06	3.234143143175517e-05	3234.143143175517	8.932565827427295e-06	893.2565827427295	2340.8865604327875	9.133130648100019e-05	0
chr20	56935796	56936989	56936706.0	35	18	8	5.9259264162392356e-12	0.0005260348542471815	3.4301518185194876e-05	3430.1518185194877	1.3398848741140941e-05	1339.8848741140941	2090.2669444053936	5.7105444149840344e-08	2
chr20	57108477	57109353	57108913.5	36	20	2	5.551115123125783e-16	0.0016411518132453118	3.528156156191473e-05	3528.156156191473	1.4887609712378825e-05	1488.7609712378824	2039.3951849535908	1.1611714475948217e-11	1
chr20	57275104	57275817	57275417.0	25	10	4	1.3070970528161752e-08	0.0007638263884938157	2.450108441799634e-05	2450.108441799634	7.443804856189412e-06	744.3804856189412	1705.7279561806927	5.7679542935794015e-05	0
chr20	57710573	57711352	57710879.0	30	10	10	5.755057541634301e-10	2.292426092476152e-05	2.940130130159561e-05	2940.130130159561	7.443804856189412e-06	744.3804856189412	2195.7496445406196	3.620900111578774e-06	0
chr20	58111855	58112575	58112102.0	25	9	6	2.350248440308178e-09	0.0002638092038400597	2.450108441799634e-05	2450.108441799634	6.699424370570471e-06	669.9424370570471	1780.166004742587	1.2597261249915518e-05	0
chr20	59986980	59988337	59988035.0	53	36	12	0.0	1.9192143663193661e-07	5.194229896615224e-05	5194.229896615224	2.6797697482281882e-05	2679.7697482281883	2514.4601483870356	0.0	2
chr21	14876856	14878121	14877825.0	30	13	22	1.4759227173755107e-10	9.887992218904351e-06	2.940130130159561e-05	2940.130130159561	9.676946313046236e-06	967.6946313046236	1972.4354988549371	1.0542021814270204e-06	2
chr21	15164556	15165523	15164756.0	24	14	8	6.816885722571442e-09	0.0009168749766553796	2.3521041041276488e-05	2352.1041041276485	1.0421326798665176e-05	1042.1326798665177	1309.9714242611308	3.302183501852592e-05	0
chr21	37268160	37268817	37268462.0	35	15	10	1.4432899320127035e-15	4.777613836315364e-05	3.4301518185194876e-05	3430.1518185194877	1.1165707284284118e-05	1116.5707284284117	2313.581090091076	2.7349002800998036e-11	2
chr21	40324038	40325328	40324769.0	70	114	11	0.0	0.0019991886687451554	6.860303637038975e-05	6860.3036370389755	8.48593753605593e-05	8485.93753605593	-1625.6338990169543	0.0	4
chr21	40367285	40368481	40367961.0	43	47	11	0.0	3.272784642305293e-05	4.214186519895371e-05	4214.186519895371	3.498588282409024e-05	3498.5882824090236	715.5982374863474	0.0	1
chr3	61626824	61628419	61627776.0	85	43	18	0.0	1.862784060335798e-08	8.330368702118755e-05	8330.368702118756	3.200836088161447e-05	3200.836088161447	5129.532613957309	0.0	1
chr3	61707307	61709987	61708216.0	33	10	14	6.332934177066818e-12	1.1054917595787472e-06	3.234143143175517e-05	3234.143143175517	7.443804856189412e-06	744.3804856189412	2489.7626575565755	6.03566474787597e-08	3
chr3	62006113	62007533	62007139.0	52	14	19	0.0	2.388977904388412e-12	5.096225558943239e-05	5096.225558943239	1.0421326798665176e-05	1042.1326798665177	4054.092879076721	0.0	1
chr3	64104625	64105825	64105279.0	29	20	8	2.6509821005049616e-09	0.00690349124345202	2.8421257924875754e-05	2842.1257924875754	1.4887609712378825e-05	1488.7609712378824	1353.364821249693	1.4091947164364446e-05	0
chr3	64150793	64151565	64150993.0	36	26	5	1.9317880628477724e-14	0.004280820976458433	3.528156156191473e-05	3528.156156191473	1.9353892626092473e-05	1935.3892626092472	1592.766893582226	2.99180289516835e-10	1
chr3	64316556	64317979	64317417.0	27	2	6	4.1684901086469495e-09	6.877235447788621e-10	2.6461171171436047e-05	2646.117117143605	1.4887609712378825e-06	148.87609712378824	2497.2410200198165	2.13144956564587e-05	0
chr3	64330877	64332408	64331906.0	44	28	12	8.881784197001252e-16	0.00016547124370069888	4.312190857567356e-05	4312.190857567356	2.0842653597330353e-05	2084.2653597330354	2227.9254978343206	1.7882040292960253e-11	1
chr3	64345399	64346800	64345668.0	28	11	12	1.2793666770427592e-07	2.8499129718806415e-05	2.74412145481559e-05	2744.12145481559	8.188185341808353e-06	818.8185341808353	1925.3029206347546	0.0004474785678782059	0
chr3	64490992	64491613	64491410.0	41	10	7	1.1102230246251565e-16	4.435685152515134e-11	4.0181778445513996e-05	4018.1778445513996	7.443804856189412e-06	744.3804856189412	3273.7973589324583	2.483616707355591e-12	0
chr3	66473555	66474169	66473873.0	21	8	7	6.759561765878885e-08	0.0009022329813195284	2.0580910911116924e-05	2058.0910911116925	5.95504388495153e-06	595.504388495153	1462.5867026165397	0.0002497116997479337	1
chr3	66740297	66741150	66740683.0	27	10	4	2.1971313657331848e-11	0.00016632590595866414	2.6461171171436047e-05	2646.117117143605	7.443804856189412e-06	744.3804856189412	1901.7366315246636	1.8773770684227239e-07	1
chr3	67445172	67445631	67445398.0	23	11	5	3.3047289349497078e-09	0.0016383940938325958	2.2540997664556634e-05	2254.0997664556635	8.188185341808353e-06	818.8185341808353	1435.2812322748282	1.722599048020835e-05	0
chr3	79871628	79872979	79872525.0	31	18	12	3.4994229736184934e-13	0.0004226592337025492	3.0381344678315463e-05	3038.1344678315463	1.3398848741140941e-05	1339.8848741140941	1698.2495937174522	4.369317132047343e-09	1
chr3	96192561	96193967	96192966.0	21	14	18	1.4034117923333866e-07	0.004333863493723666	2.0580910911116924e-05	2058.0910911116925	1.0421326798665176e-05	1042.1326798665177	1015.9584112451748	0.000484551913176722	1
chr3	101440116	101440584	101440351.0	23	10	5	4.066481262832156e-09	0.0004555717807387394	2.2540997664556634e-05	2254.0997664556635	7.443804856189412e-06	744.3804856189412	1509.7192808367222	2.082595689057911e-05	0
chr3	101704355	101704823	101704585.0	23	11	5	6.791234796743595e-09	0.0014941040392177918	2.2540997664556634e-05	2254.0997664556635	8.188185341808353e-06	818.8185341808353	1435.2812322748282	3.294712331718615e-05	0
chr3	102113236	102114456	102113725.0	29	15	13	1.76344494562386e-11	0.0002958297993946868	2.8421257924875754e-05	2842.1257924875754	1.1165707284284118e-05	1116.5707284284117	1725.5550640591637	1.529029813049992e-07	0
chr3	107986221	107989182	107987035.0	83	35	20	0.0	3.2307490016592055e-14	8.134360026774784e-05	8134.360026774785	2.605331699666294e-05	2605.3316996662943	5529.028327108491	0.0	1
chr3	150253288	150254315	150253990.0	26	4	13	3.6386462731741176e-09	5.352583187789861e-08	2.5481127794716194e-05	2548.1127794716194	2.977521942475765e-06	297.7521942475765	2250.360585224043	1.8754118500670814e-05	0
chr3	150316665	150318022	150317390.0	30	20	14	6.364186955210016e-11	0.004943217161578417	2.940130130159561e-05	2940.130130159561	1.4887609712378825e-05	1488.7609712378824	1451.3691589216785	4.988132052231178e-07	1
chr3	150497308	150498695	150498143.0	24	7	10	2.284679923025834e-08	2.045420786123131e-05	2.3521041041276488e-05	2352.1041041276485	5.210663399332588e-06	521.0663399332589	1831.0377641943896	9.459814129305766e-05	1
chr3	150755950	150757009	150756694.0	36	29	8	1.1102230246251565e-15	0.009610913352821049	3.528156156191473e-05	3528.156156191473	2.1587034082949294e-05	2158.7034082949294	1369.4527478965438	2.141561711731767e-11	2
chr3	150819378	150819872	150819634.0	22	12	6	3.8369288191120177e-08	0.002445103318553965	2.156095428783678e-05	2156.095428783678	8.932565827427295e-06	893.2565827427295	1262.8388460409485	0.00015221748714305353	0
chr3	151855630	151856865	151856491.0	23	4	12	1.861421994320267e-08	2.8056555664290883e-06	2.2540997664556634e-05	2254.0997664556635	2.977521942475765e-06	297.7521942475765	1956.347572208087	7.900233003988983e-05	0
chr3	152018855	152020252	152019846.0	24	11	16	9.83636105900132e-09	0.0012269879913879844	2.3521041041276488e-05	2352.1041041276485	8.188185341808353e-06	818.8185341808353	1533.2855699468132	4.546095122887436e-05	0
chr3	153138268	153139413	153139128.0	39	18	6	0.0	1.0542935685253774e-05	3.822169169207429e-05	3822.169169207429	1.3398848741140941e-05	1339.8848741140941	2482.284295093335	0.0	0
chr3	158725130	158727546	158725484.5	40	29	18	0.0	8.714818689714576e-05	3.920173506879414e-05	3920.1735068794146	2.1587034082949294e-05	2158.7034082949294	1761.4700985844852	0.0	0
chr3	160935060	160935995	160935460.0	29	24	11	5.560993887598897e-10	0.00029078098620549664	2.8421257924875754e-05	2842.1257924875754	1.786513165485459e-05	1786.513165485459	1055.6126270021164	3.5056483702281033e-06	1
chr3	161290591	161291457	161291221.0	52	50	6	0.0	4.5909464648774545e-06	5.096225558943239e-05	5096.225558943239	3.721902428094706e-05	3721.902428094706	1374.3231308485329	0.0	1
chr3	161338999	161340395	161340002.0	27	19	8	8.838733078775363e-10	8.283197392977559e-05	2.6461171171436047e-05	2646.117117143605	1.4143229226759883e-05	1414.3229226759884	1231.7941944676165	5.362068190856569e-06	1
chr3	161402300	161403591	161402573.0	31	33	12	4.685296595141608e-11	0.0018939682272443026	3.0381344678315463e-05	3038.1344678315463	2.456455602542506e-05	2456.455602542506	581.6788652890405	3.792196659393632e-07	2
chr3	163776650	163777671	163776866.0	23	11	14	1.0048123444406087e-08	4.0651614043984985e-05	2.2540997664556634e-05	2254.0997664556635	8.188185341808353e-06	818.8185341808353	1435.2812322748282	4.6174667721326665e-05	0
chr3	168870137	168871522	168870949.0	38	26	14	0.0	0.009035730374925666	3.7241648315354436e-05	3724.1648315354437	1.9353892626092473e-05	1935.3892626092472	1788.7755689261965	0.0	1
chr3	168877667	168878580	168878044.0	29	14	11	6.2303495695914535e-12	0.0007173239692532807	2.8421257924875754e-05	2842.1257924875754	1.0421326798665176e-05	1042.1326798665177	1799.9931126210577	5.955515354067321e-08	1
chr3	169758448	169759166	169758894.0	24	3	8	3.4926517233913046e-09	1.4928828906413116e-07	2.3521041041276488e-05	2352.1041041276485	2.2331414568568237e-06	223.31414568568238	2128.789958441966	1.8088465736226356e-05	1
chr3	171806026	171807596	171806618.0	36	21	18	1.1102230246251565e-15	0.00033867891368533076	3.528156156191473e-05	3528.156156191473	1.5631990197997764e-05	1563.1990197997766	1964.9571363916966	2.141561711731767e-11	0
chr3	172562921	172563941	172563513.0	23	9	9	1.2918731862043842e-08	0.0002466008134024422	2.2540997664556634e-05	2254.0997664556635	6.699424370570471e-06	669.9424370570471	1584.1573293986164	5.724298973031642e-05	2
chr3	175111142	175111597	175111362.0	20	6	3	1.410131397205916e-07	1.6839485176167734e-05	1.960086753439707e-05	1960.0867534397073	4.466282913713647e-06	446.62829137136475	1513.4584620683427	0.00048635069543234477	0
chr3	175312507	175313523	175313214.0	21	5	7	1.1411210298906127e-07	2.591477258562236e-06	2.0580910911116924e-05	2058.0910911116925	3.721902428094706e-06	372.1902428094706	1685.900848302222	0.00040350615814159014	1
chr3	176953437	176954580	176953958.0	21	4	10	1.01599805901742e-07	1.2828019543942304e-05	2.0580910911116924e-05	2058.0910911116925	2.977521942475765e-06	297.7521942475765	1760.3388968641161	0.0003636530243812549	1
chr3	183609316	183609810	183609551.0	24	13	5	1.4938580372714227e-09	0.002946288402728703	2.3521041041276488e-05	2352.1041041276485	9.676946313046236e-06	967.6946313046236	1384.4094728230248	8.47223175616197e-06	0
chr3	185562643	185563529	185563300.0	27	9	6	4.2976511238634885e-11	9.0979152048698e-06	2.6461171171436047e-05	2646.117117143605	6.699424370570471e-06	669.9424370570471	1976.1746800865578	3.5137573773219943e-07	0
chr3	187913587	187914539	187914187.0	26	14	6	1.6307466488285627e-10	0.005665580756443189	2.5481127794716194e-05	2548.1127794716194	1.0421326798665176e-05	1042.1326798665177	1505.9800996051017	1.1469852993953494e-06	0
chr3	189641509	189642604	189642097.0	29	6	18	2.3224300260693553e-10	4.9460365025844055e-08	2.8421257924875754e-05	2842.1257924875754	4.466282913713647e-06	446.62829137136475	2395.4975011162105	1.5850299544572687e-06	1
chr3	189755990	189757143	189756827.0	31	20	14	5.3299586966204515e-12	0.0026383384508138485	3.0381344678315463e-05	3038.1344678315463	1.4887609712378825e-05	1488.7609712378824	1549.373496593664	5.234640185270951e-08	1
chr3	189943640	189944630	189944295.0	22	4	5	2.1793598814490167e-08	4.284505488061363e-06	2.156095428783678e-05	2156.095428783678	2.977521942475765e-06	297.7521942475765	1858.3432345361016	9.082100283605095e-05	2
chr4	25568102	25568832	25568418.0	23	7	8	7.941709623260351e-09	4.075179286200381e-05	2.2540997664556634e-05	2254.0997664556635	5.210663399332588e-06	521.0663399332589	1733.0334265224046	3.7663923770592574e-05	1
chr4	28092342	28093627	28093130.0	29	11	12	1.3706813462022183e-11	1.2887912403947155e-08	2.8421257924875754e-05	2842.1257924875754	8.188185341808353e-06	818.8185341808353	2023.30725830674	1.2197329804247918e-07	0
chr4	37480288	37481373	37480882.0	26	20	4	1.0657263960212049e-10	0.0020944796142224886	2.5481127794716194e-05	2548.1127794716194	1.4887609712378825e-05	1488.7609712378824	1059.351808233737	7.855993592704211e-07	1
chr4	39539503	39540798	39540296.0	51	42	14	0.0	0.00015040655159415106	4.9982212212712535e-05	4998.221221271254	3.126398039599553e-05	3126.398039599553	1871.8231816717007	0.0	2
chr4	48292893	48293361	48293128.0	22	9	4	1.183294595641371e-08	0.0002470625361222778	2.156095428783678e-05	2156.095428783678	6.699424370570471e-06	669.9424370570471	1486.152991726631	5.3163132207985566e-05	0
chr4	48800941	48802340	48801951.0	28	8	20	6.348499503872063e-11	6.019612561747323e-07	2.74412145481559e-05	2744.12145481559	5.95504388495153e-06	595.504388495153	2148.617066320437	4.987972704585912e-07	0
chr4	48954346	48955218	48954822.0	23	8	8	6.008812780677886e-09	6.4795533408879e-05	2.2540997664556634e-05	2254.0997664556635	5.95504388495153e-06	595.504388495153	1658.5953779605106	2.9417083557043256e-05	1
chr4	54593497	54594140	54593937.0	22	4	7	1.646203706684446e-08	4.741383095696605e-06	2.156095428783678e-05	2156.095428783678	2.977521942475765e-06	297.7521942475765	1858.3432345361016	7.089552327404126e-05	1
chr4	64954253	64955263	64954833.0	23	13	15	5.173317108031483e-09	0.0010003266143822076	2.2540997664556634e-05	2254.0997664556635	9.676946313046236e-06	967.6946313046236	1286.4051351510398	2.5638497968339006e-05	2
chr4	67928326	67929589	67928987.0	29	19	14	5.71032110485703e-12	0.00037879492672387993	2.8421257924875754e-05	2842.1257924875754	1.4143229226759883e-05	1414.3229226759884	1427.802869811587	5.54063168932601e-08	2
chr4	72129746	72130205	72129976.0	26	8	4	5.733613583913666e-11	3.5861572216244753e-06	2.5481127794716194e-05	2548.1127794716194	5.95504388495153e-06	595.504388495153	1952.6083909764666	4.5380664004008885e-07	0
chr4	73729823	73731023	73730559.0	34	11	22	4.6629367034256575e-15	1.4803559655884868e-07	3.332147480847502e-05	3332.1474808475023	8.188185341808353e-06	818.8185341808353	2513.328946666667	8.119412889776548e-11	0
chr4	74545753	74546648	74546249.0	27	16	14	1.4497311129346713e-09	0.00013682052148078494	2.6461171171436047e-05	2646.117117143605	1.191008776990306e-05	1191.008776990306	1455.108340153299	8.26638868504751e-06	1
chr4	74624210	74625284	74624927.0	34	27	7	1.2545520178264269e-14	0.0005267217881484987	3.332147480847502e-05	3332.1474808475023	2.009827311171141e-05	2009.8273111711412	1322.320169676361	2.0106174657756308e-10	0
chr4	76702458	76703954	76703213.0	24	7	13	1.6531169988454053e-08	1.686862483529783e-05	2.3521041041276488e-05	2352.1041041276485	5.210663399332588e-06	521.0663399332589	1831.0377641943896	7.109820052462824e-05	1
chr4	83092906	83094427	83093394.0	23	5	13	1.8981592297961924e-08	5.855418670486223e-06	2.2540997664556634e-05	2254.0997664556635	3.721902428094706e-06	372.1902428094706	1881.9095236461928	8.034980354310284e-05	1
chr4	87520907	87522314	87522103.0	28	10	12	6.478373393292713e-11	8.532730741972472e-07	2.74412145481559e-05	2744.12145481559	7.443804856189412e-06	744.3804856189412	1999.7409691966486	5.065304928033091e-07	2
chr4	88241889	88243007	88242653.0	24	6	9	3.612803389785313e-09	5.509450968332885e-06	2.3521041041276488e-05	2352.1041041276485	4.466282913713647e-06	446.62829137136475	1905.4758127562836	1.8650761694323398e-05	1
chr4	90950464	90951987	90951301.0	21	5	13	7.144413316506615e-08	2.1959632433676823e-05	2.0580910911116924e-05	2058.0910911116925	3.721902428094706e-06	372.1902428094706	1685.900848302222	0.00026272372924454395	1
chr4	95746938	95747890	95747595.0	25	4	10	3.387072844418526e-10	6.680310249418397e-08	2.450108441799634e-05	2450.108441799634	2.977521942475765e-06	297.7521942475765	2152.3562475520575	2.248019722666192e-06	1
chr4	99561078	99561663	99561350.0	25	2	7	4.4214354399940703e-10	1.0279275541869026e-08	2.450108441799634e-05	2450.108441799634	1.4887609712378825e-06	148.87609712378824	2301.2323446758455	2.8316015274634946e-06	0
chr4	100779350	100780747	100780425.0	24	14	13	1.3845045554461421e-08	0.0008745440300446106	2.3521041041276488e-05	2352.1041041276485	1.0421326798665176e-05	1042.1326798665177	1309.9714242611308	6.051509733582071e-05	3
chr4	101264144	101265416	101264866.0	32	20	14	7.434053372890048e-13	8.662055821151426e-05	3.136138805503532e-05	3136.138805503532	1.4887609712378825e-05	1488.7609712378824	1647.3778342656494	8.869491985308286e-09	0
chr4	102255573	102256819	102256283.0	26	8	12	7.088108988639874e-10	1.360714726450496e-07	2.5481127794716194e-05	2548.1127794716194	5.95504388495153e-06	595.504388495153	1952.6083909764666	4.382576427194462e-06	0
chr4	113141733	113143167	113142176.0	28	16	17	1.3947842880668304e-11	0.0003920628935644155	2.74412145481559e-05	2744.12145481559	1.191008776990306e-05	1191.008776990306	1553.112677825284	1.2377623162781762e-07	0
chr4	114326003	114327060	114326389.5	32	26	9	3.26405569239796e-14	0.0025593589408208217	3.136138805503532e-05	3136.138805503532	1.9353892626092473e-05	1935.3892626092472	1200.7495428942846	4.801205338931794e-10	1
chr4	119343054	119343864	119343284.0	23	11	9	6.778339223245666e-09	0.0007325199128818127	2.2540997664556634e-05	2254.0997664556635	8.188185341808353e-06	818.8185341808353	1435.2812322748282	3.293416113135542e-05	0
chr4	142614511	142616024	142615483.0	72	95	20	0.0	0.0019277752226644074	7.056312312382946e-05	7056.312312382946	7.071614613379942e-05	7071.614613379941	-15.302300996994745	0.0	1
chr4	156305284	156306115	156305514.0	38	17	6	0.0	2.9896953245289737e-06	3.7241648315354436e-05	3724.1648315354437	1.2654468255522001e-05	1265.4468255522002	2458.7180059832435	0.0	0
chr4	158804956	158806112	158805709.0	35	8	12	1.6653345369377348e-15	1.2559804307699096e-08	3.4301518185194876e-05	3430.1518185194877	5.95504388495153e-06	595.504388495153	2834.647430024335	3.137200051396536e-11	1
chr4	160658699	160659229	160658996.0	40	17	4	0.0	1.1181644499203003e-10	3.920173506879414e-05	3920.1735068794146	1.2654468255522001e-05	1265.4468255522002	2654.7266813272145	0.0	0
chr4	163447699	163448844	163448578.0	27	13	8	3.024935857354194e-11	0.00010367836457636503	2.6461171171436047e-05	2646.117117143605	9.676946313046236e-06	967.6946313046236	1678.4224858389812	2.524443762850019e-07	2
chr4	171203039	171203995	171203672.0	40	18	11	0.0	7.132859836112004e-08	3.920173506879414e-05	3920.1735068794146	1.3398848741140941e-05	1339.8848741140941	2580.2886327653205	0.0	0
chr4	172393226	172394212	172393481.0	24	16	18	3.650465707494277e-09	0.0006126064635870732	2.3521041041276488e-05	2352.1041041276485	1.191008776990306e-05	1191.008776990306	1161.0953271373426	1.8784981634362668e-05	0
chr4	180944228	180944687	180944458.0	20	10	4	9.300157510772067e-08	0.002294249088622302	1.960086753439707e-05	1960.0867534397073	7.443804856189412e-06	744.3804856189412	1215.7062678207662	0.00033548698763791163	0
chr5	56350235	56351391	56351073.0	29	18	5	5.365818900315844e-12	0.005740730717399223	2.8421257924875754e-05	2842.1257924875754	1.3398848741140941e-05	1339.8848741140941	1502.2409183734812	5.253841272942626e-08	1
chr5	61304473	61305207	61304836.0	35	4	8	5.551115123125783e-16	2.879030347457956e-12	3.4301518185194876e-05	3430.1518185194877	2.977521942475765e-06	297.7521942475765	3132.3996242719113	1.1611714475948217e-11	1
chr5	133434214	133434704	133434501.0	21	6	6	7.256987721859787e-08	9.80948908559931e-05	2.0580910911116924e-05	2058.0910911116925	4.466282913713647e-06	446.62829137136475	1611.4627997403277	0.0002662555733702876	0
chr6	13508787	13509863	13509200.0	24	8	15	9.663419175964805e-09	3.803000395030676e-05	2.3521041041276488e-05	2352.1041041276485	5.95504388495153e-06	595.504388495153	1756.5997156324956	4.485472342239311e-05	0
chr6	14731704	14733174	14732953.0	24	7	8	7.167371807170753e-09	3.705582521296158e-05	2.3521041041276488e-05	2352.1041041276485	5.210663399332588e-06	521.0663399332589	1831.0377641943896	3.461552598509002e-05	1
chr6	15221670	15222687	15221962.0	22	7	5	2.9126331568818387e-08	0.00019554904397334205	2.156095428783678e-05	2156.095428783678	5.210663399332588e-06	521.0663399332589	1635.0290888504192	0.0001175762846974443	1
chr6	16765943	16770073	16767322.0	91	48	38	0.0	2.3003915439190337e-09	8.918394728150668e-05	8918.394728150668	3.573026330970918e-05	3573.026330970918	5345.36839717975	0.0	1
chr6	20202251	20203591	20202813.0	35	20	17	1.0658141036401503e-14	0.00626861464383599	3.4301518185194876e-05	3430.1518185194877	1.4887609712378825e-05	1488.7609712378824	1941.3908472816054	1.7606931980760866e-10	3
chr6	20209818	20210903	20210304.0	26	3	11	4.6063097780546514e-10	3.994581299071598e-08	2.5481127794716194e-05	2548.1127794716194	2.2331414568568237e-06	223.31414568568238	2324.798633785937	2.9325097140431082e-06	2
chr6	42224189	42225296	42224794.0	37	20	13	4.440892098500626e-16	0.0002795850305810088	3.626160493863458e-05	3626.160493863458	1.4887609712378825e-05	1488.7609712378824	2137.3995226255756	9.473928632031923e-12	0
chr6	106129116	106130035	106129478.0	25	13	6	4.919834539762746e-10	0.0011186946523883412	2.450108441799634e-05	2450.108441799634	9.676946313046236e-06	967.6946313046236	1482.4138104950102	3.1075430658800792e-06	1
chr6	108684502	108685665	108685203.5	28	15	13	7.316791617029139e-11	0.001514958923993892	2.74412145481559e-05	2744.12145481559	1.1165707284284118e-05	1116.5707284284117	1627.5507263871782	5.65225135280189e-07	1
chr6	125154654	125155132	125154854.0	25	18	2	2.8066537982596174e-10	0.005185551674374067	2.450108441799634e-05	2450.108441799634	1.3398848741140941e-05	1339.8848741140941	1110.2235676855398	1.8862072962066064e-06	2
chr6	125197419	125198189	125197860.0	23	16	3	4.4382920671992565e-09	0.0051066411663189815	2.2540997664556634e-05	2254.0997664556635	1.191008776990306e-05	1191.008776990306	1063.0909894653576	2.2339463506774666e-05	1
chr6	125387663	125388157	125387919.0	21	13	5	8.806425955132369e-08	0.0024212842843233107	2.0580910911116924e-05	2058.0910911116925	9.676946313046236e-06	967.6946313046236	1090.3964598070688	0.00031982536413932376	0
chr6	125583779	125585183	125584946.0	37	19	8	2.220446049250313e-16	3.237068872286031e-06	3.626160493863458e-05	3626.160493863458	1.4143229226759883e-05	1414.3229226759884	2211.8375711874696	4.93297663254076e-12	1
chr6	135210231	135212860	135211566.0	78	47	27	0.0	2.477166249903462e-10	7.644338338414858e-05	7644.338338414858	3.498588282409024e-05	3498.5882824090236	4145.750056005834	0.0	2
chr6	154167461	154168189	154167755.0	27	11	5	2.51749732171902e-11	5.8108206788198835e-05	2.6461171171436047e-05	2646.117117143605	8.188185341808353e-06	818.8185341808353	1827.2985829627696	2.1285353956275567e-07	1
chr7	80941893	80943085	80942180.0	37	34	8	3.3306690738754696e-16	0.0005951284321837891	3.626160493863458e-05	3626.160493863458	2.5308936511044003e-05	2530.8936511044003	1095.266842759058	7.20082159448064e-12	2
chr7	116338842	116339826	116339444.0	25	5	18	7.848742877847315e-09	8.863862103192233e-07	2.450108441799634e-05	2450.108441799634	3.721902428094706e-06	372.1902428094706	2077.9181989901635	3.7401605147352696e-05	1
chr7	117124325	117125524	117124729.0	28	8	15	1.0042855436154241e-10	5.129583488416856e-06	2.74412145481559e-05	2744.12145481559	5.95504388495153e-06	595.504388495153	2148.617066320437	7.488766670465735e-07	1
chr8	8289353	8290798	8290235.0	28	11	14	3.322475627953736e-11	0.0005356161519428637	2.74412145481559e-05	2744.12145481559	8.188185341808353e-06	818.8185341808353	1925.3029206347546	2.758461413480346e-07	2
chr8	9099844	9101171	9100346.0	37	12	15	1.1102230246251565e-16	9.024778502286779e-08	3.626160493863458e-05	3626.160493863458	8.932565827427295e-06	893.2565827427295	2732.9039111207285	2.483616707355591e-12	1
chr8	51535262	51535756	51535497.0	25	15	5	2.8645963379148043e-10	0.0043694628095112265	2.450108441799634e-05	2450.108441799634	1.1165707284284118e-05	1116.5707284284117	1333.5377133712223	1.9184707892663514e-06	0
chr8	58077692	58079983	58079269.0	41	13	23	0.0	3.425019823311004e-08	4.0181778445513996e-05	4018.1778445513996	9.676946313046236e-06	967.6946313046236	3050.483213246776	0.0	1
chr8	61782564	61783251	61782928.0	26	4	8	1.0360690083643931e-10	4.5032103712649985e-08	2.5481127794716194e-05	2548.1127794716194	2.977521942475765e-06	297.7521942475765	2250.360585224043	7.672488762166829e-07	1
chr8	64686673	64687141	64686908.0	21	12	5	2.840865109821067e-08	0.00478617033734563	2.0580910911116924e-05	2058.0910911116925	8.932565827427295e-06	893.2565827427295	1164.834508368963	0.00011511192571825429	0
chr8	66713241	66714777	66714071.0	66	46	12	0.0	2.3374116531194034e-08	6.468286286351034e-05	6468.286286351034	3.4241502338471296e-05	3424.1502338471296	3044.136052503904	0.0	3
chr8	68934954	68936002	68935249.0	32	33	16	1.2668754933997661e-12	0.0010813473693780384	3.136138805503532e-05	3136.138805503532	2.456455602542506e-05	2456.455602542506	679.6832029610259	1.431943591459435e-08	1
chr8	78643634	78644942	78644512.5	31	12	7	1.3222756223285614e-13	9.481522610377269e-07	3.0381344678315463e-05	3038.1344678315463	8.932565827427295e-06	893.2565827427295	2144.8778850888166	1.7972201840655854e-09	0
chr8	85840870	85841989	85841395.0	37	33	8	7.771561172376096e-16	0.007015279049883305	3.626160493863458e-05	3626.160493863458	2.456455602542506e-05	2456.455602542506	1169.7048913209524	1.6047984878297665e-11	1
chr8	88424766	88425957	88425556.0	35	16	9	1.4432899320127035e-15	2.338836787219023e-05	3.4301518185194876e-05	3430.1518185194877	1.191008776990306e-05	1191.008776990306	2239.1430415291816	2.7349002800998036e-11	0
chr8	90586884	90588108	90587682.0	40	29	18	1.9872992140790302e-14	3.541658541994508e-07	3.920173506879414e-05	3920.1735068794146	2.1587034082949294e-05	2158.7034082949294	1761.4700985844852	3.0630480501817085e-10	0
chr8	90649439	90650730	90650431.0	27	18	13	1.0955933826828357e-08	2.9092385473328264e-05	2.6461171171436047e-05	2646.117117143605	1.3398848741140941e-05	1339.8848741140941	1306.2322430295108	4.977829306852315e-05	0
chr8	90691648	90693186	90692342.5	90	106	21	0.0	1.1070860039819053e-07	8.820390390478683e-05	8820.390390478682	7.890433147560777e-05	7890.433147560777	929.9572429179052	0.0	1
chr8	90887704	90888715	90888267.0	42	32	9	0.0	2.764324994464218e-07	4.116182182223385e-05	4116.182182223385	2.382017553980612e-05	2382.017553980612	1734.1646282427732	0.0	1
chr8	92052458	92053988	92053702.0	29	14	19	1.2080114686341403e-11	0.00018813474622136894	2.8421257924875754e-05	2842.1257924875754	1.0421326798665176e-05	1042.1326798665177	1799.9931126210577	1.0869882906125249e-07	0
chr8	93192491	93193973	93193601.0	29	18	16	1.1748502171116115e-10	0.0005640242123952088	2.8421257924875754e-05	2842.1257924875754	1.3398848741140941e-05	1339.8848741140941	1502.2409183734812	8.50470640020394e-07	1
chr8	94991616	94993219	94992648.0	26	20	13	9.775876441686648e-09	0.008634091545321243	2.5481127794716194e-05	2548.1127794716194	1.4887609712378825e-05	1488.7609712378824	1059.351808233737	4.5246323805195046e-05	1
chr8	95112450	95113490	95113248.0	23	16	7	2.98965312506283e-08	0.007327062155598751	2.2540997664556634e-05	2254.0997664556635	1.191008776990306e-05	1191.008776990306	1063.0909894653576	0.00012053435766202938	2
chr8	96359102	96360308	96359691.0	23	7	11	1.3576964330574981e-08	8.88155894596121e-05	2.2540997664556634e-05	2254.0997664556635	5.210663399332588e-06	521.0663399332589	1733.0334265224046	5.958589295719764e-05	1
chr8	96364889	96365991	96365468.0	21	6	10	1.1727273507844416e-07	0.0001530916324337106	2.0580910911116924e-05	2058.0910911116925	4.466282913713647e-06	446.62829137136475	1611.4627997403277	0.0004137739178127771	1
chr8	97424036	97425182	97424329.0	25	4	11	3.4410869709233793e-09	1.0674818045397494e-05	2.450108441799634e-05	2450.108441799634	2.977521942475765e-06	297.7521942475765	2152.3562475520575	1.7878899975948807e-05	0
chr8	99705359	99706542	99705946.0	26	21	12	7.844724869698894e-10	0.0070592487494998135	2.5481127794716194e-05	2548.1127794716194	1.5631990197997764e-05	1563.1990197997766	984.9137596718429	4.8042854945257745e-06	2
chr8	99798831	99800353	99799256.0	29	24	24	3.7264702434924857e-10	0.0073430813756589774	2.8421257924875754e-05	2842.1257924875754	1.786513165485459e-05	1786.513165485459	1055.6126270021164	2.4349361272033612e-06	0
chr8	99904498	99905850	99905300.0	55	25	11	0.0	1.952095152191191e-10	5.390238571959195e-05	5390.238571959195	1.860951214047353e-05	1860.951214047353	3529.287357911842	0.0	1
chr8	100006039	100007556	100007301.0	32	15	14	2.839839474688688e-12	2.6946727413768023e-05	3.136138805503532e-05	3136.138805503532	1.1165707284284118e-05	1116.5707284284117	2019.56807707512	3.0392339445423946e-08	1
chr8	100416505	100417828	100417465.0	22	6	5	4.4666615628408124e-08	4.792868245095949e-05	2.156095428783678e-05	2156.095428783678	4.466282913713647e-06	446.62829137136475	1709.4671374123131	0.00017377589966382546	2
chr8	101009705	101010624	101009905.0	23	4	4	4.367923289727571e-08	7.443584758570765e-07	2.2540997664556634e-05	2254.0997664556635	2.977521942475765e-06	297.7521942475765	1956.347572208087	0.00017096688634237657	0
chr8	101408817	101410018	101409705.0	38	24	9	3.2529534621517087e-14	5.75040866569454e-05	3.7241648315354436e-05	3724.1648315354437	1.786513165485459e-05	1786.513165485459	1937.6516660499847	4.801205338931794e-10	0
chr8	101451339	101452044	101451772.0	30	19	6	6.144651454320638e-11	0.0004069229450238687	2.940130130159561e-05	2940.130130159561	1.4143229226759883e-05	1414.3229226759884	1525.8072074835725	4.839614622289523e-07	1
chr8	101466044	101467520	101467148.0	54	44	15	0.0	0.00016367399993499898	5.2922342342872094e-05	5292.23423428721	3.275274136723341e-05	3275.274136723341	2016.9600975638687	0.0	1
chr8	101607066	101608382	101607751.0	31	27	14	2.195089665590899e-09	0.006245325393939738	3.0381344678315463e-05	3038.1344678315463	2.009827311171141e-05	2009.8273111711412	1028.307156660405	1.1884259720225073e-05	2
chr8	101610458	101611438	101610958.0	31	22	7	1.8625101461111626e-11	0.0006896290302211838	3.0381344678315463e-05	3038.1344678315463	1.6376370683616706e-05	1637.6370683616706	1400.4973994698757	1.604219828634766e-07	1
chr8	102928876	102929562	102929102.0	24	9	6	8.039480747790151e-09	0.003998222647582428	2.3521041041276488e-05	2352.1041041276485	6.699424370570471e-06	669.9424370570471	1682.1616670706014	3.802924668288961e-05	0
chr8	108666094	108667504	108666986.0	36	19	16	8.881784197001252e-16	1.305202548296247e-05	3.528156156191473e-05	3528.156156191473	1.4143229226759883e-05	1414.3229226759884	2113.8332335154846	1.7882040292960253e-11	1
chr8	109228736	109229673	109229238.0	23	11	9	1.1886408746164534e-08	0.001410385509850065	2.2540997664556634e-05	2254.0997664556635	8.188185341808353e-06	818.8185341808353	1435.2812322748282	5.3328952260706346e-05	0
chr8	109606484	109607445	109607136.5	24	9	13	6.080114522966085e-09	7.874817573916282e-05	2.3521041041276488e-05	2352.1041041276485	6.699424370570471e-06	669.9424370570471	1682.1616670706014	2.967595193581911e-05	0
chr8	109637454	109638788	109638088.0	23	0	18	3.997039965675242e-08	2.1437994712769637e-09	2.2540997664556634e-05	2254.0997664556635	0.0	0.0	2254.0997664556635	0.000157214074689966	0
chr8	115194289	115195232	115194685.5	40	27	20	0.0	1.7390083891788422e-06	3.920173506879414e-05	3920.1735068794146	2.009827311171141e-05	2009.8273111711412	1910.3461957082734	0.0	0
chr8	115838280	115839566	115838506.0	51	37	13	0.0	1.505753843389357e-06	4.9982212212712535e-05	4998.221221271254	2.7542077967900824e-05	2754.2077967900823	2244.0134244811716	0.0	2
chr8	115866112	115867478	115866896.5	34	23	14	9.776623954849128e-13	5.0444794279735916e-05	3.332147480847502e-05	3332.1474808475023	1.7120751169235648e-05	1712.0751169235648	1620.0723639239375	1.1328722792791943e-08	1
chr8	115930019	115931565	115930604.0	26	23	14	1.7663097207076817e-08	0.006673084581380606	2.5481127794716194e-05	2548.1127794716194	1.7120751169235648e-05	1712.0751169235648	836.0376625480546	7.546270143665682e-05	1
chr8	116078846	116079393	116079069.0	25	14	4	1.0553707907590137e-09	0.00018698580217058058	2.450108441799634e-05	2450.108441799634	1.0421326798665176e-05	1042.1326798665177	1407.9757619331162	6.284122465517972e-06	1
chr8	121426278	121427524	121427098.0	25	12	7	1.3490232264601332e-09	0.00017359585480614115	2.450108441799634e-05	2450.108441799634	8.932565827427295e-06	893.2565827427295	1556.8518590569045	7.760116389949175e-06	1
chr8	121432088	121432974	121432630.0	25	7	10	3.0405206130623696e-09	2.4049959070904237e-06	2.450108441799634e-05	2450.108441799634	5.210663399332588e-06	521.0663399332589	1929.042101866375	1.5978069743431582e-05	1
chr8	122785659	122786724	122786315.0	21	5	4	6.7007964954513e-08	3.980612983689458e-05	2.0580910911116924e-05	2058.0910911116925	3.721902428094706e-06	372.1902428094706	1685.900848302222	0.00024839536460586974	1
chr8	123527768	123529182	123528459.0	31	9	11	6.5716321273612266e-12	1.7796962807903327e-05	3.0381344678315463e-05	3038.1344678315463	6.699424370570471e-06	669.9424370570471	2368.1920307744995	6.208057061706178e-08	0
chr8	123563440	123564365	123563806.0	46	6	9	0.0	7.216449660063518e-14	4.508199532911327e-05	4508.199532911327	4.466282913713647e-06	446.62829137136475	4061.571241539962	0.0	2
chr8	124138240	124138965	124138451.0	25	11	4	9.096616793158319e-10	0.0017926083626679246	2.450108441799634e-05	2450.108441799634	8.188185341808353e-06	818.8185341808353	1631.2899076187987	5.4875119351509745e-06	1
chr8	125069666	125070253	125069971.0	23	11	6	2.846349744789478e-08	0.002144971364688164	2.2540997664556634e-05	2254.0997664556635	8.188185341808353e-06	818.8185341808353	1435.2812322748282	0.00011518927110024657	1
chr8	125606490	125606980	125606761.0	31	10	3	1.4599432773820809e-13	1.0048116386052186e-05	3.0381344678315463e-05	3038.1344678315463	7.443804856189412e-06	744.3804856189412	2293.753982212605	1.967772634748346e-09	0
chr8	126546739	126547390	126547187.0	22	4	3	1.4245378210375748e-08	7.021988957855996e-06	2.156095428783678e-05	2156.095428783678	2.977521942475765e-06	297.7521942475765	1858.3432345361016	6.184533037057713e-05	0
chr8	126609345	126610389	126609714.0	31	17	11	1.0124123761556802e-12	0.0017668576064187036	3.0381344678315463e-05	3038.1344678315463	1.2654468255522001e-05	1265.4468255522002	1772.6876422793462	1.1689342324839037e-08	1
chr8	127317425	127317893	127317660.0	25	11	5	6.37087049781826e-10	0.0006044781145644329	2.450108441799634e-05	2450.108441799634	8.188185341808353e-06	818.8185341808353	1631.2899076187987	3.985000526443276e-06	0
chr8	127870549	127871231	127870807.0	27	7	4	7.829159542893649e-11	3.1269595560656782e-06	2.6461171171436047e-05	2646.117117143605	5.210663399332588e-06	521.0663399332589	2125.050777210346	5.99059393354492e-07	3
chr8	138944830	138945650	138945159.0	22	8	7	1.0560601726439245e-08	0.0059442778497930115	2.156095428783678e-05	2156.095428783678	5.95504388495153e-06	595.504388495153	1560.5910402885252	4.825434026475355e-05	1
chr9	4865408	4866706	4866399.0	51	35	14	0.0	8.3890934130193e-05	4.9982212212712535e-05	4998.221221271254	2.605331699666294e-05	2605.3316996662943	2392.8895216049596	0.0	2
chr9	88529776	88530543	88530192.5	72	50	7	0.0	2.9322265215792065e-05	7.056312312382946e-05	7056.312312382946	3.721902428094706e-05	3721.902428094706	3334.4098842882404	0.0	1
chr9	94866911	94868061	94867545.0	30	11	7	3.702593787124897e-12	3.4424883793571226e-06	2.940130130159561e-05	2940.130130159561	8.188185341808353e-06	818.8185341808353	2121.3115959787256	3.835151406882473e-08	1
chr9	94991085	94993630	94992221.0	46	36	13	0.0	0.001444083295401799	4.508199532911327e-05	4508.199532911327	2.6797697482281882e-05	2679.7697482281883	1828.4297846831387	0.0	2
chr9	106952499	106953673	106952873.0	27	6	11	2.2370538754756808e-10	0.00013066864039601445	2.6461171171436047e-05	2646.117117143605	4.466282913713647e-06	446.62829137136475	2199.48882577224	1.539811026780466e-06	1
chr9	114551702	114552880	114552247.0	24	14	4	1.5651582252473872e-09	0.006151135044522027	2.3521041041276488e-05	2352.1041041276485	1.0421326798665176e-05	1042.1326798665177	1309.9714242611308	8.829964846996267e-06	1
chr9	114557292	114558795	114558341.5	30	19	5	7.577272143066693e-13	0.0049827487191967945	2.940130130159561e-05	2940.130130159561	1.4143229226759883e-05	1414.3229226759884	1525.8072074835725	8.98966981492421e-09	1
chr9	134895511	134896144	134895928.0	21	3	7	6.475291358665203e-08	5.235813096970965e-06	2.0580910911116924e-05	2058.0910911116925	2.2331414568568237e-06	223.31414568568238	1834.7769454260101	0.0002416902904711401	0
chrX	16662094	16662953	16662640.0	24	15	5	1.0778331560601373e-09	0.0004214897950015617	2.3521041041276488e-05	2352.1041041276485	1.1165707284284118e-05	1116.5707284284117	1235.5333756992368	6.39423428104802e-06	1
chrX	109951886	109953116	109952086.0	26	7	6	8.216283209350195e-11	1.2274508827125885e-06	2.5481127794716194e-05	2548.1127794716194	5.210663399332588e-06	521.0663399332589	2027.0464395383606	6.242325043909099e-07	2
