chr1	30345386	30346946	30345953.0	35	20	11	9.992007221626409e-16	9.434888393711205e-05	3.4301518185194876e-05	3430.1518185194877	1.4887609712378825e-05	1488.7609712378824	1941.3908472816054	1.9747038360324207e-11	1
chr1	107936037	107937110	107936582.0	30	14	7	2.4902524486947186e-11	7.996967106294051e-07	2.940130130159561e-05	2940.130130159561	1.0421326798665176e-05	1042.1326798665177	1897.9974502930431	2.1110407377850373e-07	1
chr1	108198189	108199629	108199410.0	43	32	8	0.0	4.705176846919734e-06	4.214186519895371e-05	4214.186519895371	2.382017553980612e-05	2382.017553980612	1832.1689659147592	0.0	1
chr1	108215809	108217313	108217004.0	71	60	14	0.0	5.8135605218723185e-08	6.95830797471096e-05	6958.3079747109605	4.466282913713647e-05	4466.282913713647	2492.0250609973136	0.0	0
chr1	108234545	108235746	108234986.0	33	20	11	5.650147016922347e-12	6.445888444228665e-06	3.234143143175517e-05	3234.143143175517	1.4887609712378825e-05	1488.7609712378824	1745.3821719376344	5.4988084265216514e-08	0
chr1	108381470	108382920	108382305.0	25	19	4	1.7136967400688263e-09	0.001185183846931226	2.450108441799634e-05	2450.108441799634	1.4143229226759883e-05	1414.3229226759884	1035.7855191236456	9.550870733644971e-06	0
chr1	108458159	108459557	108459259.0	52	23	11	0.0	1.8101076193488552e-12	5.096225558943239e-05	5096.225558943239	1.7120751169235648e-05	1712.0751169235648	3384.1504420196743	0.0	0
chr1	108815817	108816529	108816295.0	27	18	9	1.181083675305672e-09	0.0007467220680938969	2.6461171171436047e-05	2646.117117143605	1.3398848741140941e-05	1339.8848741140941	1306.2322430295108	6.89252617531979e-06	1
chr1	109137941	109138373	109138141.0	22	9	2	1.4681203031052803e-08	0.00033869468108893575	2.156095428783678e-05	2156.095428783678	6.699424370570471e-06	669.9424370570471	1486.152991726631	6.356609668609906e-05	1
chr1	109151021	109152543	109151740.0	38	27	6	0.0	0.0016720670167379437	3.7241648315354436e-05	3724.1648315354437	2.009827311171141e-05	2009.8273111711412	1714.3375203643025	0.0	2
chr1	109214503	109215453	109214816.0	26	7	6	4.5170422957596656e-10	3.0047583043923964e-06	2.5481127794716194e-05	2548.1127794716194	5.210663399332588e-06	521.0663399332589	2027.0464395383606	2.8870908855371097e-06	0
chr1	113975997	113977141	113976809.0	42	13	6	0.0	8.417700980700715e-10	4.116182182223385e-05	4116.182182223385	9.676946313046236e-06	967.6946313046236	3148.4875509187614	0.0	1
chr1	148894428	148895406	148895113.0	28	19	8	7.916696742604756e-09	0.001653560564370049	2.74412145481559e-05	2744.12145481559	1.4143229226759883e-05	1414.3229226759884	1329.7985321396015	3.761414117730957e-05	0
chr1	151006952	151008342	151007152.0	25	7	6	2.2734386595502087e-09	1.0504727765314748e-05	2.450108441799634e-05	2450.108441799634	5.210663399332588e-06	521.0663399332589	1929.042101866375	1.226720843958591e-05	4
chr1	177571446	177572392	177572089.0	29	19	9	5.03463937207016e-12	0.0004362152928436558	2.8421257924875754e-05	2842.1257924875754	1.4143229226759883e-05	1414.3229226759884	1427.802869811587	4.974937197577679e-08	1
chr1	200015777	200016916	200016263.0	26	15	10	1.1342918826429127e-09	0.0003727579202262854	2.5481127794716194e-05	2548.1127794716194	1.1165707284284118e-05	1116.5707284284117	1431.5420510432077	6.679967242809298e-06	1
chr10	8725294	8728072	8727001.0	66	69	24	0.0	2.699527612559649e-08	6.468286286351034e-05	6468.286286351034	5.136225350770694e-05	5136.225350770695	1332.060935580339	0.0	1
chr10	29159877	29160538	29160120.0	31	18	5	4.856115509710435e-13	0.001083775016114008	3.0381344678315463e-05	3038.1344678315463	1.3398848741140941e-05	1339.8848741140941	1698.2495937174522	5.880905582060764e-09	0
chr10	29164046	29164759	29164439.5	24	11	5	4.193521196960148e-09	0.0007177745206191632	2.3521041041276488e-05	2352.1041041276485	8.188185341808353e-06	818.8185341808353	1533.2855699468132	2.1408503898031695e-05	1
chr10	44172525	44173668	44173330.0	26	16	12	4.299129940932289e-10	0.006982489692778482	2.5481127794716194e-05	2548.1127794716194	1.191008776990306e-05	1191.008776990306	1357.1040024813135	2.764265038359821e-06	1
chr10	74821746	74823209	74822007.0	26	14	9	4.768372363628259e-10	0.0005164862623954214	2.5481127794716194e-05	2548.1127794716194	1.0421326798665176e-05	1042.1326798665177	1505.9800996051017	3.029695890847137e-06	1
chr10	93548196	93549182	93548943.0	32	26	8	8.393286066166183e-14	0.003936836918775555	3.136138805503532e-05	3136.138805503532	1.9353892626092473e-05	1935.3892626092472	1200.7495428942846	1.1858616194278907e-09	0
chr10	96863482	96863990	96863692.0	25	8	3	2.9173818916206073e-10	1.6802713950880843e-05	2.450108441799634e-05	2450.108441799634	5.95504388495153e-06	595.504388495153	1854.604053304481	1.949768634339608e-06	1
chr10	97408362	97408765	97408562.0	21	7	2	3.846976770471855e-08	0.0003768406027293558	2.0580910911116924e-05	2058.0910911116925	5.210663399332588e-06	521.0663399332589	1537.0247511784337	0.00015242838676193538	1
chr10	115664074	115665482	115664902.0	67	140	20	0.0	0.0019375501872970213	6.566290624023019e-05	6566.2906240230195	0.00010421326798665176	10421.326798665177	-3855.0361746421577	0.0	1
chr11	17238253	17239566	17238784.0	46	25	11	0.0	0.0010670052225616455	4.508199532911327e-05	4508.199532911327	1.860951214047353e-05	1860.951214047353	2647.248318863974	0.0	2
chr11	24446070	24446529	24446296.0	30	14	3	2.682298827494378e-13	3.3339958772637956e-05	2.940130130159561e-05	2940.130130159561	1.0421326798665176e-05	1042.1326798665177	1897.9974502930431	3.4453205919026215e-09	0
chr11	30521358	30522749	30522058.0	33	30	17	3.652633751016765e-14	0.009648458188576736	3.234143143175517e-05	3234.143143175517	2.2331414568568236e-05	2233.1414568568234	1001.0016863186934	5.324154983152872e-10	1
chr11	38970925	38972466	38972125.0	32	9	18	2.0194956817931597e-13	8.356943581588894e-09	3.136138805503532e-05	3136.138805503532	6.699424370570471e-06	669.9424370570471	2466.1963684464845	2.644506609178431e-09	2
chr11	46947290	46948219	46947645.0	24	10	9	5.8077184172944385e-09	0.004727425538530672	2.3521041041276488e-05	2352.1041041276485	7.443804856189412e-06	744.3804856189412	1607.7236185087072	2.8562820247029165e-05	0
chr11	47946502	47947262	47946973.0	26	9	7	1.9317492050419105e-10	7.083308664135313e-05	2.5481127794716194e-05	2548.1127794716194	6.699424370570471e-06	669.9424370570471	1878.1703424145724	1.349853546131913e-06	1
chr11	61655531	61656061	61655761.0	23	3	5	1.3619251060248416e-08	3.7893815936662634e-05	2.2540997664556634e-05	2254.0997664556635	2.2331414568568237e-06	223.31414568568238	2030.785620769981	5.969015707336429e-05	0
chr11	63528493	63528952	63528723.0	34	6	4	1.887379141862766e-15	1.3134958676275232e-09	3.332147480847502e-05	3332.1474808475023	4.466282913713647e-06	446.62829137136475	2885.5191894761374	3.5143894217378535e-11	0
chr11	63530836	63531295	63531066.0	23	3	4	5.412635672996657e-09	7.174536487131178e-07	2.2540997664556634e-05	2254.0997664556635	2.2331414568568237e-06	223.31414568568238	2030.785620769981	2.670130264030995e-05	0
chr11	66124359	66125316	66124772.0	28	4	8	1.0287637408623596e-10	2.1520475734781996e-08	2.74412145481559e-05	2744.12145481559	2.977521942475765e-06	297.7521942475765	2446.3692605680135	7.635944346813445e-07	1
chr11	72164287	72164817	72164584.0	29	10	4	2.2746249328520207e-12	0.00010875343886906919	2.8421257924875754e-05	2842.1257924875754	7.443804856189412e-06	744.3804856189412	2097.745306868634	2.4754543346092546e-08	0
chr11	73034536	73035328	73034845.0	22	10	8	4.392645769346615e-08	0.0034217890910140936	2.156095428783678e-05	2156.095428783678	7.443804856189412e-06	744.3804856189412	1411.7149431647367	0.0001717259017951282	0
chr11	76771979	76773042	76772839.0	23	13	6	6.688047338165859e-09	0.008010863723738826	2.2540997664556634e-05	2254.0997664556635	9.676946313046236e-06	967.6946313046236	1286.4051351510398	3.254454348704212e-05	2
chr11	78150627	78151476	78151052.0	27	12	6	4.534128628108647e-11	0.0001754317862086019	2.6461171171436047e-05	2646.117117143605	8.932565827427295e-06	893.2565827427295	1752.8605344008754	3.697716198260447e-07	1
chr11	78155805	78156572	78156229.0	31	20	7	2.5501822875639846e-13	0.003076976366964801	3.0381344678315463e-05	3038.1344678315463	1.4887609712378825e-05	1488.7609712378824	1549.373496593664	3.2992005263397357e-09	1
chr11	101033439	101034888	101034141.0	34	22	18	2.5646151868841116e-14	4.170497512978599e-05	3.332147480847502e-05	3332.1474808475023	1.6376370683616706e-05	1637.6370683616706	1694.5104124858317	3.842559355975646e-10	1
chr12	7919993	7920956	7920461.0	25	11	14	1.915111180750273e-09	0.0006903360494229238	2.450108441799634e-05	2450.108441799634	8.188185341808353e-06	818.8185341808353	1631.2899076187987	1.0535705101910862e-05	1
chr12	52247146	52247912	52247619.0	32	18	5	1.9761969838327786e-13	0.002918183466662283	3.136138805503532e-05	3136.138805503532	1.3398848741140941e-05	1339.8848741140941	1796.2539313894376	2.6090189935630536e-09	1
chr12	52279915	52280705	52280502.0	22	10	3	2.7282101688896887e-08	0.0031222247663473812	2.156095428783678e-05	2156.095428783678	7.443804856189412e-06	744.3804856189412	1411.7149431647367	0.00011096588386201322	1
chr12	52330483	52331656	52331294.0	30	15	6	6.5391025927397095e-12	0.001387320087226529	2.940130130159561e-05	2940.130130159561	1.1165707284284118e-05	1116.5707284284117	1823.5594017311491	6.19549583067686e-08	0
chr12	88299507	88301914	88300061.0	37	2	23	2.3314683517128287e-15	2.55351295663786e-15	3.626160493863458e-05	3626.160493863458	1.4887609712378825e-06	148.87609712378824	3477.28439673967	4.2431960017193824e-11	0
chr12	97500224	97501456	97500712.0	32	32	15	8.477663016037695e-13	0.00022838530251512168	3.136138805503532e-05	3136.138805503532	2.382017553980612e-05	2382.017553980612	754.1212515229199	9.930709794694146e-09	1
chr12	118059088	118060284	118059764.0	39	18	9	0.0	1.6137521681613975e-05	3.822169169207429e-05	3822.169169207429	1.3398848741140941e-05	1339.8848741140941	2482.284295093335	0.0	0
chr12	118105961	118106846	118106217.0	27	12	6	5.3640647479369363e-11	0.00040109012390709964	2.6461171171436047e-05	2646.117117143605	8.932565827427295e-06	893.2565827427295	1752.8605344008754	4.287713911476096e-07	1
chr12	120473918	120474788	120474522.0	21	11	6	1.2922867598241794e-07	0.00782496834588342	2.0580910911116924e-05	2058.0910911116925	8.188185341808353e-06	818.8185341808353	1239.2725569308573	0.0004515073335645924	0
chr12	121202732	121203568	121202953.0	31	12	4	1.6897594434794883e-13	2.041231341642913e-05	3.0381344678315463e-05	3038.1344678315463	8.932565827427295e-06	893.2565827427295	2144.8778850888166	2.258627827874316e-09	1
chr12	122111182	122112542	122112107.0	23	6	11	6.346491887576633e-08	4.374610516422184e-05	2.2540997664556634e-05	2254.0997664556635	4.466282913713647e-06	446.62829137136475	1807.4714750842986	0.00023744739686538778	1
chr13	108919157	108919980	108919388.0	27	6	9	3.4817815297572e-11	2.4034868073563587e-07	2.6461171171436047e-05	2646.117117143605	4.466282913713647e-06	446.62829137136475	2199.48882577224	2.883292821756071e-07	2
chr13	112913588	112914055	112913788.0	20	2	4	1.3847808122413596e-07	5.583641664574923e-05	1.960086753439707e-05	1960.0867534397073	1.4887609712378825e-06	148.87609712378824	1811.210656315919	0.0004791463578160264	2
chr14	50013325	50014223	50013758.0	22	11	6	5.536076652656874e-08	0.0015616882694021728	2.156095428783678e-05	2156.095428783678	8.188185341808353e-06	818.8185341808353	1337.2768946028427	0.00021005413706034156	1
chr14	73695713	73697136	73696743.0	27	6	14	1.2927229287029718e-09	6.796030496136751e-07	2.6461171171436047e-05	2646.117117143605	4.466282913713647e-06	446.62829137136475	2199.48882577224	7.4966009147717005e-06	0
chr14	75521163	75522339	75521910.0	23	6	8	2.0429608671435062e-08	3.827168987768914e-05	2.2540997664556634e-05	2254.0997664556635	4.466282913713647e-06	446.62829137136475	1807.4714750842986	8.580281154740282e-05	1
chr14	95273452	95274212	95273825.0	25	7	3	4.1431735819941196e-10	3.567227126799466e-05	2.450108441799634e-05	2450.108441799634	5.210663399332588e-06	521.0663399332589	1929.042101866375	2.675576089701517e-06	1
chr15	64521522	64522862	64522326.0	35	10	13	2.1094237467877974e-15	1.0602631299594378e-06	3.4301518185194876e-05	3430.1518185194877	7.443804856189412e-06	744.3804856189412	2685.7713329005464	3.9052731674281016e-11	1
chr15	70323770	70324718	70324331.0	23	10	9	1.8089081343930502e-08	0.004727425538530672	2.2540997664556634e-05	2254.0997664556635	7.443804856189412e-06	744.3804856189412	1509.7192808367222	7.705105506457004e-05	1
chr15	71104299	71105287	71104837.0	46	35	10	0.0	0.0030229595922085517	4.508199532911327e-05	4508.199532911327	2.605331699666294e-05	2605.3316996662943	1902.8678332450327	0.0	2
chr15	80669743	80670232	80669976.0	23	9	3	4.300947042956693e-09	0.0008879659793580297	2.2540997664556634e-05	2254.0997664556635	6.699424370570471e-06	669.9424370570471	1584.1573293986164	2.1784310297566352e-05	1
chr15	95895223	95896503	95895693.0	41	40	12	0.0	0.0005888846427071215	4.0181778445513996e-05	4018.1778445513996	2.977521942475765e-05	2977.5219424757647	1040.655902075635	0.0	2
chr15	96052978	96054149	96053566.0	27	22	16	1.3868667547711766e-08	0.0010680006629424366	2.6461171171436047e-05	2646.117117143605	1.6376370683616706e-05	1637.6370683616706	1008.4800487819343	6.053620766325327e-05	0
chr15	98748597	98750073	98749214.0	58	65	19	0.0	0.00021116424928979693	5.684251584975151e-05	5684.251584975151	4.838473156523118e-05	4838.473156523118	845.778428452033	0.0	1
chr15	98779114	98780455	98780100.0	29	29	15	2.108047292281867e-09	0.0032262834124018314	2.8421257924875754e-05	2842.1257924875754	2.1587034082949294e-05	2158.7034082949294	683.422384192646	1.1490255973965913e-05	1
chr16	1296800	1297509	1297220.5	30	12	5	2.3081536681957004e-12	0.0037550152669919568	2.940130130159561e-05	2940.130130159561	8.932565827427295e-06	893.2565827427295	2046.8735474168313	2.503485641014436e-08	1
chr16	85465422	85466478	85465978.0	29	13	4	1.4856560426323995e-11	0.0072612493895425345	2.8421257924875754e-05	2842.1257924875754	9.676946313046236e-06	967.6946313046236	1874.4311611829517	1.3075973245042456e-07	2
chr16	86901539	86901951	86901739.0	20	4	2	1.3271077292653644e-07	5.605273109399178e-05	1.960086753439707e-05	1960.0867534397073	2.977521942475765e-06	297.7521942475765	1662.3345591921309	0.00046083096692363666	1
chr16	87789520	87790455	87789735.0	48	21	4	0.0	9.558834005884975e-06	4.7042082082552975e-05	4704.208208255297	1.5631990197997764e-05	1563.1990197997766	3141.0091884555204	0.0	2
chr16	87807104	87807913	87807304.0	25	11	4	7.354635789269537e-10	0.0031981461095801356	2.450108441799634e-05	2450.108441799634	8.188185341808353e-06	818.8185341808353	1631.2899076187987	4.529980337031952e-06	2
chr17	50950089	50951253	50950816.0	28	11	4	1.6400769631275125e-11	0.00010537139939337248	2.74412145481559e-05	2744.12145481559	8.188185341808353e-06	818.8185341808353	1925.3029206347546	1.439577330941446e-07	3
chr17	54977254	54978401	54978148.0	21	7	10	6.964425447453237e-08	0.00044538668811788806	2.0580910911116924e-05	2058.0910911116925	5.210663399332588e-06	521.0663399332589	1537.0247511784337	0.0002566910320337518	0
chr17	56869690	56870897	56870694.0	27	6	12	6.758601456269275e-10	2.0599215871941468e-06	2.6461171171436047e-05	2646.117117143605	4.466282913713647e-06	446.62829137136475	2199.48882577224	4.194945420489668e-06	1
chr17	57166377	57166992	57166649.0	21	5	4	1.0988297161063088e-07	0.00019731314968829405	2.0580910911116924e-05	2058.0910911116925	3.721902428094706e-06	372.1902428094706	1685.900848302222	0.0003908366516336226	1
chr17	58575300	58576345	58575914.0	27	14	9	4.217371007975146e-09	0.00022363750176435104	2.6461171171436047e-05	2646.117117143605	1.0421326798665176e-05	1042.1326798665177	1603.9844372770872	2.1462234372152723e-05	1
chr17	58639510	58640703	58639876.0	33	2	6	7.781553179597722e-13	1.8496315590255108e-13	3.234143143175517e-05	3234.143143175517	1.4887609712378825e-06	148.87609712378824	3085.2670460517284	9.14855623455171e-09	1
chr17	58740898	58741634	58741118.0	49	23	5	0.0	6.4392353671394176e-09	4.802212545927283e-05	4802.212545927283	1.7120751169235648e-05	1712.0751169235648	3090.1374290037184	0.0	1
chr17	58900128	58901397	58900705.0	44	33	10	0.0	0.0005146734823130439	4.312190857567356e-05	4312.190857567356	2.456455602542506e-05	2456.455602542506	1855.7352550248502	0.0	1
chr17	59093003	59095705	59094612.0	75	37	21	0.0	4.784284080017187e-12	7.350325325398902e-05	7350.325325398902	2.7542077967900824e-05	2754.2077967900823	4596.11752860882	0.0	2
chr17	59621015	59622293	59622029.0	38	23	18	1.0422353724504063e-07	7.877406289280575e-05	3.7241648315354436e-05	3724.1648315354437	1.7120751169235648e-05	1712.0751169235648	2012.089714611879	0.00037221691564968257	0
chr17	59832730	59833500	59833124.0	51	34	9	0.0	2.739968679976723e-05	4.9982212212712535e-05	4998.221221271254	2.5308936511044003e-05	2530.8936511044003	2467.3275701668535	0.0	1
chr17	59844857	59846419	59845778.0	206	221	16	0.0	0.001286152743058211	0.00020188893560428985	20188.893560428984	0.000164508087321786	16450.8087321786	3738.084828250383	0.0	1
chr17	59855630	59856543	59855938.0	55	49	5	0.0	0.00440652193853075	5.390238571959195e-05	5390.238571959195	3.647464379532812e-05	3647.464379532812	1742.7741924263828	0.0	3
chr17	59962548	59965656	59963324.0	43	23	19	1.1099428154359714e-08	2.8771132657423593e-06	4.214186519895371e-05	4214.186519895371	1.7120751169235648e-05	1712.0751169235648	2502.1114029718065	5.0359231112142855e-05	1
chr17	60030854	60031476	60031092.0	64	48	4	0.0	2.5326640642919784e-05	6.272277611007063e-05	6272.277611007064	3.573026330970918e-05	3573.026330970918	2699.2512800361455	0.0	0
chr17	60115068	60115690	60115449.0	52	48	4	0.0	0.008041637403127577	5.096225558943239e-05	5096.225558943239	3.573026330970918e-05	3573.026330970918	1523.1992279723208	0.0	0
chr17	60344695	60345600	60345133.0	48	26	12	3.552713678800501e-15	2.710152344653771e-06	4.7042082082552975e-05	4704.208208255297	1.9353892626092473e-05	1935.3892626092472	2768.8189456460495	6.288189993128881e-11	1
chr17	60356056	60357064	60356683.0	35	19	9	5.6887161647978246e-11	7.533686321559152e-05	3.4301518185194876e-05	3430.1518185194877	1.4143229226759883e-05	1414.3229226759884	2015.8288958434994	4.513620765453733e-07	2
chr17	60567361	60568518	60568041.0	53	24	13	0.0	9.19952991562667e-09	5.194229896615224e-05	5194.229896615224	1.786513165485459e-05	1786.513165485459	3407.716731129765	0.0	1
chr17	61219424	61220631	61219635.0	30	21	9	2.5857610830293254e-08	0.005182611402260284	2.940130130159561e-05	2940.130130159561	1.5631990197997764e-05	1563.1990197997766	1376.9311103597843	0.0001058401623726538	1
chr17	61230645	61231758	61231298.0	78	72	7	0.0	0.005904171796586866	7.644338338414858e-05	7644.338338414858	5.3595394964563765e-05	5359.539496456377	2284.7988419584817	0.0	1
chr17	61249768	61250932	61250443.0	35	24	10	1.2768550661235167e-09	0.0019650518815694795	3.4301518185194876e-05	3430.1518185194877	1.786513165485459e-05	1786.513165485459	1643.6386530340287	7.424525004361844e-06	0
chr17	61253852	61255254	61254306.0	37	24	12	1.6013563808314757e-09	0.0006672997804186842	3.626160493863458e-05	3626.160493863458	1.786513165485459e-05	1786.513165485459	1839.6473283779992	8.986962659478097e-06	1
chr17	61289911	61290921	61290196.0	52	38	10	0.0	0.000353280375346654	5.096225558943239e-05	5096.225558943239	2.8286458453519766e-05	2828.6458453519767	2267.579713591262	0.0	1
chr17	61360113	61361506	61360713.0	74	47	13	0.0	7.037365890028013e-08	7.252320987726917e-05	7252.320987726916	3.498588282409024e-05	3498.5882824090236	3753.732705317893	0.0	0
chr17	61499548	61500357	61500154.0	29	22	6	2.029427048633181e-08	0.007313665193715679	2.8421257924875754e-05	2842.1257924875754	1.6376370683616706e-05	1637.6370683616706	1204.4887241259048	8.534567346864372e-05	0
chr17	61517038	61519774	61518045.0	57	38	29	7.568793036760724e-09	7.690124132708753e-06	5.5862472473031654e-05	5586.247247303166	2.8286458453519766e-05	2828.6458453519767	2757.601401951189	3.622833714505923e-05	0
chr17	61554911	61555998	61555550.0	55	43	13	1.1102230246251565e-16	0.0003076677446650633	5.390238571959195e-05	5390.238571959195	3.200836088161447e-05	3200.836088161447	2189.4024837977477	2.483616707355591e-12	0
chr17	61564123	61565575	61565117.0	29	15	6	2.1398866678623563e-08	0.00014851487938460917	2.8421257924875754e-05	2842.1257924875754	1.1165707284284118e-05	1116.5707284284117	1725.5550640591637	8.93371866853056e-05	0
chr17	61722546	61724027	61723257.0	209	201	25	0.0	1.6326528056165301e-06	0.00020482906573444942	20482.90657344494	0.00014962047760940718	14962.047760940719	5520.858812504221	0.0	1
chr17	61724911	61726217	61725214.0	93	96	16	0.0	0.006827550140233729	9.114403403494639e-05	9114.403403494638	7.146052661941836e-05	7146.052661941836	1968.350741552802	0.0	0
chr17	62725632	62726425	62726008.0	23	1	3	1.0026367180948625e-08	1.590149645291916e-08	2.2540997664556634e-05	2254.0997664556635	7.443804856189412e-07	74.43804856189412	2179.6617178937695	4.614051101058772e-05	1
chr17	62804339	62805615	62805223.0	49	33	10	0.0	0.0010212711446483391	4.802212545927283e-05	4802.212545927283	2.456455602542506e-05	2456.455602542506	2345.756943384777	0.0	1
chr17	62819591	62820392	62820027.0	29	14	6	2.604483295698401e-11	0.0004671515557934658	2.8421257924875754e-05	2842.1257924875754	1.0421326798665176e-05	1042.1326798665177	1799.9931126210577	2.184877976232208e-07	1
chr17	62888083	62889624	62888544.0	53	29	13	0.0	9.083212121008266e-06	5.194229896615224e-05	5194.229896615224	2.1587034082949294e-05	2158.7034082949294	3035.5264883202944	0.0	1
chr17	62950153	62950877	62950461.0	35	13	6	7.993605777301127e-15	2.796020426187873e-06	3.4301518185194876e-05	3430.1518185194877	9.676946313046236e-06	967.6946313046236	2462.457187214864	1.3411530219720191e-10	1
chr17	64073977	64075214	64074872.0	38	9	10	4.440892098500626e-16	2.8487732173232416e-09	3.7241648315354436e-05	3724.1648315354437	6.699424370570471e-06	669.9424370570471	3054.2223944783964	9.473928632031923e-12	2
chr17	64083653	64084856	64084635.0	24	13	10	3.0657816396661985e-08	0.0073318253204006645	2.3521041041276488e-05	2352.1041041276485	9.676946313046236e-06	967.6946313046236	1384.4094728230248	0.00012329502070768529	1
chr17	67490893	67491749	67491356.0	24	3	3	1.7999707280225152e-09	1.646129764720783e-07	2.3521041041276488e-05	2352.1041041276485	2.2331414568568237e-06	223.31414568568238	2128.789958441966	9.979898975816704e-06	2
chr17	78592091	78592982	78592779.0	23	6	5	7.609811225606222e-09	3.523567062957422e-05	2.2540997664556634e-05	2254.0997664556635	4.466282913713647e-06	446.62829137136475	1807.4714750842986	3.63167474268397e-05	1
chr17	83189598	83190219	83189798.0	21	6	3	8.959646802253474e-08	0.0005672621168001379	2.0580910911116924e-05	2058.0910911116925	4.466282913713647e-06	446.62829137136475	1611.4627997403277	0.0003250234971764055	1
chr18	23684290	23685085	23684782.0	27	6	9	7.197920037782524e-11	1.1148874657918029e-06	2.6461171171436047e-05	2646.117117143605	4.466282913713647e-06	446.62829137136475	2199.48882577224	5.587219790445887e-07	1
chr18	32619210	32619804	32619526.0	22	6	5	1.2120411341243198e-08	2.2684446931986457e-05	2.156095428783678e-05	2156.095428783678	4.466282913713647e-06	446.62829137136475	1709.4671374123131	5.422776404280979e-05	0
chr18	32633974	32634928	32634369.0	22	9	7	1.4670777703784665e-08	0.00034626592975195436	2.156095428783678e-05	2156.095428783678	6.699424370570471e-06	669.9424370570471	1486.152991726631	6.356609668609906e-05	1
chr18	35458445	35459683	35459220.0	21	13	8	7.206843866125467e-08	0.00702951826031506	2.0580910911116924e-05	2058.0910911116925	9.676946313046236e-06	967.6946313046236	1090.3964598070688	0.0002647173185107451	0
chr18	49203406	49204186	49203632.0	26	13	8	1.454205644790818e-10	0.00116430282715696	2.5481127794716194e-05	2548.1127794716194	9.676946313046236e-06	967.6946313046236	1580.4181481669957	1.0409986044892764e-06	0
chr18	54344118	54344586	54344353.0	21	10	5	4.965884081720162e-08	0.0004768315230759823	2.0580910911116924e-05	2058.0910911116925	7.443804856189412e-06	744.3804856189412	1313.7106054927513	0.00019043822570924513	0
chr18	60053754	60054776	60054108.0	33	16	12	1.2656542480726785e-14	0.0001569072502090041	3.234143143175517e-05	3234.143143175517	1.191008776990306e-05	1191.008776990306	2043.1343661852109	2.01836890435393e-10	1
chr18	62485349	62487216	62486108.0	49	17	13	0.0	5.478695275229484e-11	4.802212545927283e-05	4802.212545927283	1.2654468255522001e-05	1265.4468255522002	3536.7657203750828	0.0	1
chr19	16003389	16004660	16003869.5	26	11	15	9.056274619112514e-10	0.0007005230453910327	2.5481127794716194e-05	2548.1127794716194	8.188185341808353e-06	818.8185341808353	1729.2942452907841	5.473425477313536e-06	1
chr2	11498705	11499816	11498977.5	54	48	9	0.0	0.000129484459825302	5.2922342342872094e-05	5292.23423428721	3.573026330970918e-05	3573.026330970918	1719.2079033162918	0.0	2
chr2	33069793	33070690	33070286.0	24	7	6	1.5815815324060623e-09	1.957402189267654e-05	2.3521041041276488e-05	2352.1041041276485	5.210663399332588e-06	521.0663399332589	1831.0377641943896	8.90701926007694e-06	1
chr2	57079783	57080505	57080066.0	21	11	8	7.763096709911821e-08	0.000439946384727552	2.0580910911116924e-05	2058.0910911116925	8.188185341808353e-06	818.8185341808353	1239.2725569308573	0.0002838545911657295	0
chr2	57140213	57141399	57140721.0	23	6	13	1.5475380643614756e-08	1.9211377290107023e-06	2.2540997664556634e-05	2254.0997664556635	4.466282913713647e-06	446.62829137136475	1807.4714750842986	6.682505848962902e-05	0
chr2	58010336	58011389	58010934.0	30	8	11	7.590594819362195e-13	6.722692225125115e-08	2.940130130159561e-05	2940.130130159561	5.95504388495153e-06	595.504388495153	2344.625741664408	8.98966981492421e-09	0
chr2	66553503	66554828	66553827.0	23	12	10	1.1607361183330056e-08	0.00015757679779859757	2.2540997664556634e-05	2254.0997664556635	8.932565827427295e-06	893.2565827427295	1360.843183712934	5.236873962049133e-05	1
chr2	74794453	74795568	74795330.0	27	14	9	1.5162449074068718e-10	0.0007321272376235033	2.6461171171436047e-05	2646.117117143605	1.0421326798665176e-05	1042.1326798665177	1603.9844372770872	1.0782215016591319e-06	0
chr2	85053536	85054921	85054306.0	23	4	17	6.362914994895164e-08	1.6631436443592662e-06	2.2540997664556634e-05	2254.0997664556635	2.977521942475765e-06	297.7521942475765	1956.347572208087	0.00023778567651375378	0
chr2	85730768	85731758	85731060.0	23	13	13	6.63001499257021e-08	0.003285040789348992	2.2540997664556634e-05	2254.0997664556635	9.676946313046236e-06	967.6946313046236	1286.4051351510398	0.00024662293021011667	1
chr2	85954554	85955607	85955042.0	33	23	7	2.4980018054066022e-14	0.004174352479968224	3.234143143175517e-05	3234.143143175517	1.7120751169235648e-05	1712.0751169235648	1522.068026251952	3.7778958365408994e-10	1
chr2	86263352	86264022	86263666.0	22	10	5	2.3070931720603483e-08	0.0034810824435260734	2.156095428783678e-05	2156.095428783678	7.443804856189412e-06	744.3804856189412	1411.7149431647367	9.528123247527213e-05	1
chr2	101396386	101397265	101396609.0	23	8	11	1.7714695932369295e-08	0.00020025947052182413	2.2540997664556634e-05	2254.0997664556635	5.95504388495153e-06	595.504388495153	1658.5953779605106	7.558290599227864e-05	0
chr2	105454827	105455764	105455388.0	23	12	6	5.3894367857409975e-09	0.005268324248325462	2.2540997664556634e-05	2254.0997664556635	8.932565827427295e-06	893.2565827427295	1360.843183712934	2.6668539284566015e-05	2
chr2	113307870	113308474	113308090.0	23	3	5	4.360511951517765e-09	6.20520428606941e-06	2.2540997664556634e-05	2254.0997664556635	2.2331414568568237e-06	223.31414568568238	2030.785620769981	2.2016771615871693e-05	0
chr2	129864235	129865205	129865002.0	25	15	7	7.663236711863419e-10	0.0029733903890911684	2.450108441799634e-05	2450.108441799634	1.1165707284284118e-05	1116.5707284284117	1333.5377133712223	4.711050816005254e-06	0
chr2	131668229	131669360	131668939.0	34	12	7	2.7755575615628914e-15	2.3810258431566922e-08	3.332147480847502e-05	3332.1474808475023	8.932565827427295e-06	893.2565827427295	2438.8908981047725	4.9949833220559374e-11	1
chr2	137179139	137180498	137179877.0	24	9	13	2.422096523346795e-09	2.5915835691114886e-05	2.3521041041276488e-05	2352.1041041276485	6.699424370570471e-06	669.9424370570471	1682.1616670706014	1.2917882878660615e-05	1
chr2	137507060	137508429	137508110.0	21	14	12	1.1257247667373349e-07	0.006214221972106859	2.0580910911116924e-05	2058.0910911116925	1.0421326798665176e-05	1042.1326798665177	1015.9584112451748	0.00039849939247595383	1
chr2	137675858	137676551	137676217.0	22	7	8	2.8599255408323643e-08	6.54528152090883e-05	2.156095428783678e-05	2156.095428783678	5.210663399332588e-06	521.0663399332589	1635.0290888504192	0.0001155934537209035	1
chr2	138071767	138072445	138072193.0	21	8	7	1.2679283722949464e-07	0.0005330049505233303	2.0580910911116924e-05	2058.0910911116925	5.95504388495153e-06	595.504388495153	1462.5867026165397	0.0004444429726512891	1
chr2	138516433	138517311	138516876.0	21	10	6	9.032568026867693e-08	0.0022880825279527617	2.0580910911116924e-05	2058.0910911116925	7.443804856189412e-06	744.3804856189412	1313.7106054927513	0.0003269324803686071	0
chr2	138564126	138565414	138564912.0	30	19	14	8.449685395817141e-12	0.0030595838250105922	2.940130130159561e-05	2940.130130159561	1.4143229226759883e-05	1414.3229226759884	1525.8072074835725	7.889659841255762e-08	1
chr2	141501478	141502763	141502359.0	43	55	12	0.0	6.695440456683244e-05	4.214186519895371e-05	4214.186519895371	4.0940926709041764e-05	4094.0926709041764	120.09384899119459	0.0	0
chr2	142863182	142864547	142864002.0	22	8	13	6.110257477764947e-08	4.163402738954769e-05	2.156095428783678e-05	2156.095428783678	5.95504388495153e-06	595.504388495153	1560.5910402885252	0.00022914119958018962	0
chr2	148244285	148245249	148244971.0	32	9	11	5.1181281435219717e-14	2.2563039325795842e-08	3.136138805503532e-05	3136.138805503532	6.699424370570471e-06	669.9424370570471	2466.1963684464845	7.360375513441677e-10	0
chr2	156450665	156451133	156450895.0	21	13	4	4.796990304978266e-08	0.0031027545867676753	2.0580910911116924e-05	2058.0910911116925	9.676946313046236e-06	967.6946313046236	1090.3964598070688	0.00018528472833356473	0
chr2	158723367	158725908	158725071.0	37	18	8	0.0	5.6484272181966944e-05	3.626160493863458e-05	3626.160493863458	1.3398848741140941e-05	1339.8848741140941	2286.275619749364	0.0	2
chr2	160227921	160229338	160228392.0	45	36	14	0.0	0.0034937853516938677	4.4101951952393415e-05	4410.195195239341	2.6797697482281882e-05	2679.7697482281883	1730.4254470111528	0.0	2
chr2	160241485	160243051	160242118.0	25	12	11	1.682977313066658e-09	0.0004339061515160614	2.450108441799634e-05	2450.108441799634	8.932565827427295e-06	893.2565827427295	1556.8518590569045	9.412231777133289e-06	1
chr2	161159210	161159808	161159605.0	24	8	7	2.3597459541946364e-09	8.523045676223084e-06	2.3521041041276488e-05	2352.1041041276485	5.95504388495153e-06	595.504388495153	1756.5997156324956	1.260621683511983e-05	1
chr2	161871307	161872650	161872138.0	32	31	13	2.0550228185811648e-13	0.0003742608906314171	3.136138805503532e-05	3136.138805503532	2.3075795054187178e-05	2307.579505418718	828.5593000848139	2.680134136216148e-09	1
chr2	162554421	162555821	162555387.0	28	13	12	5.1630033581773205e-11	2.2419994008648914e-05	2.74412145481559e-05	2744.12145481559	9.676946313046236e-06	967.6946313046236	1776.4268235109662	4.137263573093942e-07	0
chr2	163626070	163626761	163626414.0	21	10	7	1.4171103834836885e-07	0.00010780396411691484	2.0580910911116924e-05	2058.0910911116925	7.443804856189412e-06	744.3804856189412	1313.7106054927513	0.00048771337574274695	1
chr2	163856143	163857397	163857125.0	37	13	13	5.551115123125783e-16	1.9576862353432034e-10	3.626160493863458e-05	3626.160493863458	9.676946313046236e-06	967.6946313046236	2658.4658625588345	1.1611714475948217e-11	0
chr2	169785028	169785487	169785258.0	21	12	5	4.914143802992044e-08	0.0031705996855547758	2.0580910911116924e-05	2058.0910911116925	8.932565827427295e-06	893.2565827427295	1164.834508368963	0.0001891294841889844	0
chr2	173652802	173653283	173653002.0	23	11	4	4.974191614159906e-09	0.002497310970496436	2.2540997664556634e-05	2254.0997664556635	8.188185341808353e-06	818.8185341808353	1435.2812322748282	2.480429158319056e-05	0
chr2	189555181	189556521	189555601.0	27	17	12	1.0193756949661292e-10	0.00217804010949163	2.6461171171436047e-05	2646.117117143605	1.2654468255522001e-05	1265.4468255522002	1380.6702915914047	7.583736120031364e-07	1
chr2	190786529	190787358	190786940.0	28	3	4	8.733791467818719e-12	1.4322130148514134e-09	2.74412145481559e-05	2744.12145481559	2.2331414568568237e-06	223.31414568568238	2520.8073091299075	8.13136684234858e-08	2
chr2	191214378	191215782	191215142.0	32	23	20	3.0548896745585807e-12	0.002628917700830291	3.136138805503532e-05	3136.138805503532	1.7120751169235648e-05	1712.0751169235648	1424.063688579967	3.2371198730335156e-08	0
chr2	197922014	197922482	197922244.0	21	12	5	3.890654398652771e-08	0.0008956816872804918	2.0580910911116924e-05	2058.0910911116925	8.932565827427295e-06	893.2565827427295	1164.834508368963	0.00015396963663224708	0
chr2	200786041	200786915	200786519.0	62	27	10	0.0	5.070862618694605e-10	6.076268935663093e-05	6076.268935663093	2.009827311171141e-05	2009.8273111711412	4066.441624491951	0.0	2
chr2	207036800	207037268	207037035.0	28	16	4	5.729861030090433e-12	0.00036935321449405034	2.74412145481559e-05	2744.12145481559	1.191008776990306e-05	1191.008776990306	1553.112677825284	5.542895492610684e-08	0
chr2	207632301	207633319	207633043.0	23	6	9	1.3024831990726682e-08	1.439599038277617e-05	2.2540997664556634e-05	2254.0997664556635	4.466282913713647e-06	446.62829137136475	1807.4714750842986	5.7554785095571296e-05	1
chr2	209368765	209369954	209369507.0	33	20	11	1.1324274851176597e-14	0.0006403680903408482	3.234143143175517e-05	3234.143143175517	1.4887609712378825e-05	1488.7609712378824	1745.3821719376344	1.8517442739918231e-10	1
chr2	209495068	209496585	209496309.0	38	14	11	0.0	1.0427682217706291e-07	3.7241648315354436e-05	3724.1648315354437	1.0421326798665176e-05	1042.1326798665177	2682.032151668926	0.0	0
chr2	212912129	212913445	212912537.0	26	15	11	3.067985865357059e-10	0.0002974384289109455	2.5481127794716194e-05	2548.1127794716194	1.1165707284284118e-05	1116.5707284284117	1431.5420510432077	2.041948703198562e-06	0
chr2	213175628	213176233	213175938.0	21	8	9	7.800961410175944e-08	8.415514235260435e-05	2.0580910911116924e-05	2058.0910911116925	5.95504388495153e-06	595.504388495153	1462.5867026165397	0.0002849156987639342	0
chr2	236611369	236612167	236611876.0	23	8	4	1.7289450982005405e-08	3.0991217495612844e-06	2.2540997664556634e-05	2254.0997664556635	5.95504388495153e-06	595.504388495153	1658.5953779605106	7.406281197510007e-05	2
chr2	236717680	236718495	236718014.0	28	29	6	1.1209144723522968e-10	0.0027445653535638215	2.74412145481559e-05	2744.12145481559	2.1587034082949294e-05	2158.7034082949294	585.4180465206605	8.151804573135112e-07	1
chr2	236812952	236814138	236813596.0	36	45	6	2.4424906541753444e-15	0.007713270142760464	3.528156156191473e-05	3528.156156191473	3.3497121852852354e-05	3349.7121852852356	178.4439709062376	4.420279622978939e-11	2
chr2	237501663	237503020	237502548.0	35	33	12	1.2878587085651816e-14	0.0035856632024282575	3.4301518185194876e-05	3430.1518185194877	2.456455602542506e-05	2456.455602542506	973.6962159769819	2.0436617477668864e-10	3
chr20	47174132	47174980	47174645.0	32	16	4	2.5854762775168183e-11	0.00024874563428489704	3.136138805503532e-05	3136.138805503532	1.191008776990306e-05	1191.008776990306	1945.1300285132259	2.1745961678246953e-07	0
chr20	47204101	47205125	47204301.0	31	12	3	1.8103296639537803e-11	1.7877809169064562e-05	3.0381344678315463e-05	3038.1344678315463	8.932565827427295e-06	893.2565827427295	2144.8778850888166	1.5634560269008576e-07	2
chr20	47273360	47274772	47274477.0	50	39	15	1.258881887622465e-12	0.008039760079190494	4.900216883599268e-05	4900.216883599268	2.9030838939138707e-05	2903.0838939138707	1997.1329896853972	1.4310669428816925e-08	0
chr20	47389896	47390422	47390096.0	23	9	2	8.466620904368227e-08	0.00043230499451007987	2.2540997664556634e-05	2254.0997664556635	6.699424370570471e-06	669.9424370570471	1584.1573293986164	0.0003078316198343042	1
chr20	47452738	47453936	47453470.0	39	24	8	8.333433942908641e-11	0.0010308358518191785	3.822169169207429e-05	3822.169169207429	1.786513165485459e-05	1786.513165485459	2035.6560037219701	6.316433121062873e-07	1
chr20	47455081	47456422	47455496.0	77	61	7	0.0	0.0020001827947857542	7.546334000742873e-05	7546.334000742873	4.5407209622755414e-05	4540.720962275542	3005.6130384673315	0.0	1
chr20	47487169	47488460	47487635.0	42	14	8	4.1175951537297806e-12	2.2162173762829696e-08	4.116182182223385e-05	4116.182182223385	1.0421326798665176e-05	1042.1326798665177	3074.0495023568674	4.184284608109211e-08	1
chr20	47492925	47494047	47493361.0	60	45	8	0.0	0.002066631532504859	5.880260260319122e-05	5880.260260319122	3.3497121852852354e-05	3349.7121852852356	2530.548075033886	0.0	2
chr20	47567807	47568705	47568019.0	33	19	6	4.9724777628767924e-09	0.0014509011027813434	3.234143143175517e-05	3234.143143175517	1.4143229226759883e-05	1414.3229226759884	1819.8202204995284	2.480429158319056e-05	0
chr20	47598893	47600173	47599702.0	48	26	12	9.554146362944493e-11	3.3403859320824125e-05	4.7042082082552975e-05	4704.208208255297	1.9353892626092473e-05	1935.3892626092472	2768.8189456460495	7.157482082116359e-07	0
chr20	47791576	47792309	47792071.0	48	33	5	0.0	0.002566701858213394	4.7042082082552975e-05	4704.208208255297	2.456455602542506e-05	2456.455602542506	2247.752605712791	0.0	2
chr20	48064666	48065994	48065276.0	83	45	15	0.0	1.8971614935692216e-06	8.134360026774784e-05	8134.360026774785	3.3497121852852354e-05	3349.7121852852356	4784.64784148955	0.0	1
chr20	48294998	48295981	48295594.0	38	11	8	1.1335377081422848e-12	3.6371557192715898e-06	3.7241648315354436e-05	3724.1648315354437	8.188185341808353e-06	818.8185341808353	2905.3462973546084	1.2994706860578235e-08	1
chr20	48863714	48865108	48864897.0	42	13	6	0.0	7.409314888295881e-07	4.116182182223385e-05	4116.182182223385	9.676946313046236e-06	967.6946313046236	3148.4875509187614	0.0	2
chr20	50414897	50415313	50415110.0	25	12	2	5.144511039389954e-09	0.0031286465351837434	2.450108441799634e-05	2450.108441799634	8.932565827427295e-06	893.2565827427295	1556.8518590569045	2.5574428210880423e-05	1
chr20	50726922	50728459	50727576.0	115	87	13	0.0	0.0004564969853448897	0.00011270498832278316	11270.498832278317	6.476110224884788e-05	6476.110224884788	4794.388607393529	0.0	1
chr20	50763878	50764381	50764085.0	34	15	3	1.1690648449302898e-13	8.327879572322949e-05	3.332147480847502e-05	3332.1474808475023	1.1165707284284118e-05	1116.5707284284117	2215.5767524190906	1.6025351854031615e-09	3
chr20	50798171	50799631	50799210.0	55	26	9	0.0	9.839804352429482e-07	5.390238571959195e-05	5390.238571959195	1.9353892626092473e-05	1935.3892626092472	3454.8493093499474	0.0	1
chr20	51387204	51387807	51387496.0	30	11	6	9.357181696145744e-12	2.9200796190398393e-05	2.940130130159561e-05	2940.130130159561	8.188185341808353e-06	818.8185341808353	2121.3115959787256	8.612194971264436e-08	1
chr20	51446902	51447942	51447447.0	39	21	6	1.1102230246251565e-16	0.0005786213083281977	3.822169169207429e-05	3822.169169207429	1.5631990197997764e-05	1563.1990197997766	2258.9701494076526	2.483616707355591e-12	1
chr20	51910293	51911615	51910902.0	50	33	13	0.0	0.0016059682801936592	4.900216883599268e-05	4900.216883599268	2.456455602542506e-05	2456.455602542506	2443.761281056762	0.0	0
chr20	51984622	51985760	51985314.0	66	46	14	0.0	0.00042915054218239934	6.468286286351034e-05	6468.286286351034	3.4241502338471296e-05	3424.1502338471296	3044.136052503904	0.0	0
chr20	53642363	53643443	53642828.0	72	69	8	0.0	0.0041474628793954915	7.056312312382946e-05	7056.312312382946	5.136225350770694e-05	5136.225350770695	1920.0869616122518	0.0	0
chr20	53661303	53662617	53662400.0	30	19	5	9.108626042308998e-08	0.0011024124046774553	2.940130130159561e-05	2940.130130159561	1.4143229226759883e-05	1414.3229226759884	1525.8072074835725	0.0003293153718561589	2
chr20	53680048	53680868	53680368.0	44	31	4	6.661338147750939e-16	0.00029422007392598815	4.312190857567356e-05	4312.190857567356	2.3075795054187178e-05	2307.579505418718	2004.6113521486382	1.384416022680794e-11	1
chr20	53786107	53787582	53786561.0	129	132	10	0.0	0.003219043378739128	0.0001264255955968611	12642.559559686111	9.825822410170024e-05	9825.822410170023	2816.737149516088	0.0	1
chr20	53800662	53802064	53801190.0	69	52	9	0.0	3.6672730616582605e-05	6.76229929936699e-05	6762.2992993669895	3.8707785252184945e-05	3870.7785252184945	2891.520774148495	0.0	0
chr20	53905426	53906854	53906651.0	35	14	5	8.667018214225664e-10	1.0557188778737014e-06	3.4301518185194876e-05	3430.1518185194877	1.0421326798665176e-05	1042.1326798665177	2388.01913865297	5.26781694117927e-06	1
chr20	54067444	54071336	54069392.0	110	63	14	0.0	1.8707257964933888e-13	0.0001078047714391839	10780.47714391839	4.68959705939933e-05	4689.59705939933	6090.88008451906	0.0	2
chr20	54132506	54133263	54132894.0	34	18	6	2.0793784472061816e-09	7.045908177472082e-05	3.332147480847502e-05	3332.1474808475023	1.3398848741140941e-05	1339.8848741140941	1992.2626067334081	1.1353201908271279e-05	1
chr20	54148485	54149901	54149116.0	31	16	6	3.580331831010142e-08	0.00012148866406724856	3.0381344678315463e-05	3038.1344678315463	1.191008776990306e-05	1191.008776990306	1847.1256908412404	0.00014309520224776515	1
chr20	54194696	54197066	54195413.0	83	28	17	0.0	0.0	8.134360026774784e-05	8134.360026774785	2.0842653597330353e-05	2084.2653597330354	6050.09466704175	0.0	3
chr20	54268646	54269932	54269166.0	37	26	11	1.1483366479936308e-09	0.0015601685295941747	3.626160493863458e-05	3626.160493863458	1.9353892626092473e-05	1935.3892626092472	1690.771231254211	6.7380420297287766e-06	1
chr20	56758122	56759615	56758797.0	27	10	10	6.721124645725496e-08	0.00011151074288029417	2.6461171171436047e-05	2646.117117143605	7.443804856189412e-06	744.3804856189412	1901.7366315246636	0.000248862541477134	1
chr20	56813466	56814800	56814521.0	33	12	15	2.1944404293705588e-08	9.826687491720776e-06	3.234143143175517e-05	3234.143143175517	8.932565827427295e-06	893.2565827427295	2340.8865604327875	9.133130648100019e-05	0
chr20	56935796	56936989	56936706.0	35	18	8	5.9259264162392356e-12	0.0005260348542471815	3.4301518185194876e-05	3430.1518185194877	1.3398848741140941e-05	1339.8848741140941	2090.2669444053936	5.7105444149840344e-08	2
chr20	57108477	57109353	57108913.5	36	20	2	5.551115123125783e-16	0.0016411518132453118	3.528156156191473e-05	3528.156156191473	1.4887609712378825e-05	1488.7609712378824	2039.3951849535908	1.1611714475948217e-11	1
chr20	57275104	57275817	57275417.0	25	10	4	1.3070970528161752e-08	0.0007638263884938157	2.450108441799634e-05	2450.108441799634	7.443804856189412e-06	744.3804856189412	1705.7279561806927	5.7679542935794015e-05	0
chr20	57710573	57711352	57710879.0	30	10	10	5.755057541634301e-10	2.292426092476152e-05	2.940130130159561e-05	2940.130130159561	7.443804856189412e-06	744.3804856189412	2195.7496445406196	3.620900111578774e-06	0
chr20	58111855	58112575	58112102.0	25	9	6	2.350248440308178e-09	0.0002638092038400597	2.450108441799634e-05	2450.108441799634	6.699424370570471e-06	669.9424370570471	1780.166004742587	1.2597261249915518e-05	0
chr20	59986980	59988337	59988035.0	53	36	12	0.0	1.9192143663193661e-07	5.194229896615224e-05	5194.229896615224	2.6797697482281882e-05	2679.7697482281883	2514.4601483870356	0.0	2
chr21	15164556	15165523	15164756.0	24	14	8	6.816885722571442e-09	0.0009168749766553796	2.3521041041276488e-05	2352.1041041276485	1.0421326798665176e-05	1042.1326798665177	1309.9714242611308	3.302183501852592e-05	0
chr21	37268160	37268817	37268462.0	35	15	10	1.4432899320127035e-15	4.777613836315364e-05	3.4301518185194876e-05	3430.1518185194877	1.1165707284284118e-05	1116.5707284284117	2313.581090091076	2.7349002800998036e-11	2
chr21	39851937	39852972	39852176.0	32	34	8	1.2879697308676441e-12	0.0015535176674977835	3.136138805503532e-05	3136.138805503532	2.5308936511044003e-05	2530.8936511044003	605.2451543991315	1.4456414595026615e-08	0
chr21	40324038	40325328	40324769.0	70	114	11	0.0	0.0019991886687451554	6.860303637038975e-05	6860.3036370389755	8.48593753605593e-05	8485.93753605593	-1625.6338990169543	0.0	4
chr21	40367285	40368481	40367961.0	43	47	11	0.0	3.272784642305293e-05	4.214186519895371e-05	4214.186519895371	3.498588282409024e-05	3498.5882824090236	715.5982374863474	0.0	1
chr3	8456643	8457638	8457104.0	23	3	7	7.499459275805975e-09	5.298927822083854e-07	2.2540997664556634e-05	2254.0997664556635	2.2331414568568237e-06	223.31414568568238	2030.785620769981	3.600346220930458e-05	1
chr3	9955710	9956987	9956434.0	22	12	6	3.291307626440698e-08	0.008847988929056472	2.156095428783678e-05	2156.095428783678	8.932565827427295e-06	893.2565827427295	1262.8388460409485	0.00013219984403957272	0
chr3	61707307	61709987	61708216.0	33	10	14	6.332934177066818e-12	1.1054917595787472e-06	3.234143143175517e-05	3234.143143175517	7.443804856189412e-06	744.3804856189412	2489.7626575565755	6.03566474787597e-08	3
chr3	107986221	107989182	107987035.0	83	35	20	0.0	3.2307490016592055e-14	8.134360026774784e-05	8134.360026774785	2.605331699666294e-05	2605.3316996662943	5529.028327108491	0.0	1
chr3	150253288	150254315	150253990.0	26	4	13	3.6386462731741176e-09	5.352583187789861e-08	2.5481127794716194e-05	2548.1127794716194	2.977521942475765e-06	297.7521942475765	2250.360585224043	1.8754118500670814e-05	0
chr3	150316665	150318022	150317390.0	30	20	14	6.364186955210016e-11	0.004943217161578417	2.940130130159561e-05	2940.130130159561	1.4887609712378825e-05	1488.7609712378824	1451.3691589216785	4.988132052231178e-07	1
chr3	150497308	150498695	150498143.0	24	7	10	2.284679923025834e-08	2.045420786123131e-05	2.3521041041276488e-05	2352.1041041276485	5.210663399332588e-06	521.0663399332589	1831.0377641943896	9.459814129305766e-05	1
chr3	150755950	150757009	150756694.0	36	29	8	1.1102230246251565e-15	0.009610913352821049	3.528156156191473e-05	3528.156156191473	2.1587034082949294e-05	2158.7034082949294	1369.4527478965438	2.141561711731767e-11	2
chr3	150819378	150819872	150819634.0	22	12	6	3.8369288191120177e-08	0.002445103318553965	2.156095428783678e-05	2156.095428783678	8.932565827427295e-06	893.2565827427295	1262.8388460409485	0.00015221748714305353	0
chr3	161290591	161291457	161291221.0	52	50	6	0.0	4.5909464648774545e-06	5.096225558943239e-05	5096.225558943239	3.721902428094706e-05	3721.902428094706	1374.3231308485329	0.0	1
chr3	161338999	161340395	161340002.0	27	19	8	8.838733078775363e-10	8.283197392977559e-05	2.6461171171436047e-05	2646.117117143605	1.4143229226759883e-05	1414.3229226759884	1231.7941944676165	5.362068190856569e-06	1
chr3	168870137	168871522	168870949.0	38	26	14	0.0	0.009035730374925666	3.7241648315354436e-05	3724.1648315354437	1.9353892626092473e-05	1935.3892626092472	1788.7755689261965	0.0	1
chr3	168877667	168878580	168878044.0	29	14	11	6.2303495695914535e-12	0.0007173239692532807	2.8421257924875754e-05	2842.1257924875754	1.0421326798665176e-05	1042.1326798665177	1799.9931126210577	5.955515354067321e-08	1
chr3	189641509	189642604	189642097.0	29	6	18	2.3224300260693553e-10	4.9460365025844055e-08	2.8421257924875754e-05	2842.1257924875754	4.466282913713647e-06	446.62829137136475	2395.4975011162105	1.5850299544572687e-06	1
chr3	189755990	189757143	189756827.0	31	20	14	5.3299586966204515e-12	0.0026383384508138485	3.0381344678315463e-05	3038.1344678315463	1.4887609712378825e-05	1488.7609712378824	1549.373496593664	5.234640185270951e-08	1
chr4	25568102	25568832	25568418.0	23	7	8	7.941709623260351e-09	4.075179286200381e-05	2.2540997664556634e-05	2254.0997664556635	5.210663399332588e-06	521.0663399332589	1733.0334265224046	3.7663923770592574e-05	1
chr4	28092342	28093627	28093130.0	29	11	12	1.3706813462022183e-11	1.2887912403947155e-08	2.8421257924875754e-05	2842.1257924875754	8.188185341808353e-06	818.8185341808353	2023.30725830674	1.2197329804247918e-07	0
chr4	37480288	37481373	37480882.0	26	20	4	1.0657263960212049e-10	0.0020944796142224886	2.5481127794716194e-05	2548.1127794716194	1.4887609712378825e-05	1488.7609712378824	1059.351808233737	7.855993592704211e-07	1
chr4	39539503	39540798	39540296.0	51	42	14	0.0	0.00015040655159415106	4.9982212212712535e-05	4998.221221271254	3.126398039599553e-05	3126.398039599553	1871.8231816717007	0.0	2
chr4	48292893	48293361	48293128.0	22	9	4	1.183294595641371e-08	0.0002470625361222778	2.156095428783678e-05	2156.095428783678	6.699424370570471e-06	669.9424370570471	1486.152991726631	5.3163132207985566e-05	0
chr4	48800941	48802340	48801951.0	28	8	20	6.348499503872063e-11	6.019612561747323e-07	2.74412145481559e-05	2744.12145481559	5.95504388495153e-06	595.504388495153	2148.617066320437	4.987972704585912e-07	0
chr4	48954346	48955218	48954822.0	23	8	8	6.008812780677886e-09	6.4795533408879e-05	2.2540997664556634e-05	2254.0997664556635	5.95504388495153e-06	595.504388495153	1658.5953779605106	2.9417083557043256e-05	1
chr4	54593497	54594140	54593937.0	22	4	7	1.646203706684446e-08	4.741383095696605e-06	2.156095428783678e-05	2156.095428783678	2.977521942475765e-06	297.7521942475765	1858.3432345361016	7.089552327404126e-05	1
chr4	64954253	64955263	64954833.0	23	13	15	5.173317108031483e-09	0.0010003266143822076	2.2540997664556634e-05	2254.0997664556635	9.676946313046236e-06	967.6946313046236	1286.4051351510398	2.5638497968339006e-05	2
chr4	67928326	67929589	67928987.0	29	19	14	5.71032110485703e-12	0.00037879492672387993	2.8421257924875754e-05	2842.1257924875754	1.4143229226759883e-05	1414.3229226759884	1427.802869811587	5.54063168932601e-08	2
chr4	72129746	72130205	72129976.0	26	8	4	5.733613583913666e-11	3.5861572216244753e-06	2.5481127794716194e-05	2548.1127794716194	5.95504388495153e-06	595.504388495153	1952.6083909764666	4.5380664004008885e-07	0
chr4	73729823	73731023	73730559.0	34	11	22	4.6629367034256575e-15	1.4803559655884868e-07	3.332147480847502e-05	3332.1474808475023	8.188185341808353e-06	818.8185341808353	2513.328946666667	8.119412889776548e-11	0
chr4	74545753	74546648	74546249.0	27	16	14	1.4497311129346713e-09	0.00013682052148078494	2.6461171171436047e-05	2646.117117143605	1.191008776990306e-05	1191.008776990306	1455.108340153299	8.26638868504751e-06	1
chr4	74624210	74625284	74624927.0	34	27	7	1.2545520178264269e-14	0.0005267217881484987	3.332147480847502e-05	3332.1474808475023	2.009827311171141e-05	2009.8273111711412	1322.320169676361	2.0106174657756308e-10	0
chr4	76702458	76703954	76703213.0	24	7	13	1.6531169988454053e-08	1.686862483529783e-05	2.3521041041276488e-05	2352.1041041276485	5.210663399332588e-06	521.0663399332589	1831.0377641943896	7.109820052462824e-05	1
chr4	83092906	83094427	83093394.0	23	5	13	1.8981592297961924e-08	5.855418670486223e-06	2.2540997664556634e-05	2254.0997664556635	3.721902428094706e-06	372.1902428094706	1881.9095236461928	8.034980354310284e-05	1
chr4	87520907	87522314	87522103.0	28	10	12	6.478373393292713e-11	8.532730741972472e-07	2.74412145481559e-05	2744.12145481559	7.443804856189412e-06	744.3804856189412	1999.7409691966486	5.065304928033091e-07	2
chr4	88241889	88243007	88242653.0	24	6	9	3.612803389785313e-09	5.509450968332885e-06	2.3521041041276488e-05	2352.1041041276485	4.466282913713647e-06	446.62829137136475	1905.4758127562836	1.8650761694323398e-05	1
chr4	90950464	90951987	90951301.0	21	5	13	7.144413316506615e-08	2.1959632433676823e-05	2.0580910911116924e-05	2058.0910911116925	3.721902428094706e-06	372.1902428094706	1685.900848302222	0.00026272372924454395	1
chr4	95746938	95747890	95747595.0	25	4	10	3.387072844418526e-10	6.680310249418397e-08	2.450108441799634e-05	2450.108441799634	2.977521942475765e-06	297.7521942475765	2152.3562475520575	2.248019722666192e-06	1
chr4	99561078	99561663	99561350.0	25	2	7	4.4214354399940703e-10	1.0279275541869026e-08	2.450108441799634e-05	2450.108441799634	1.4887609712378825e-06	148.87609712378824	2301.2323446758455	2.8316015274634946e-06	0
chr4	100779350	100780747	100780425.0	24	14	13	1.3845045554461421e-08	0.0008745440300446106	2.3521041041276488e-05	2352.1041041276485	1.0421326798665176e-05	1042.1326798665177	1309.9714242611308	6.051509733582071e-05	3
chr4	101264144	101265416	101264866.0	32	20	14	7.434053372890048e-13	8.662055821151426e-05	3.136138805503532e-05	3136.138805503532	1.4887609712378825e-05	1488.7609712378824	1647.3778342656494	8.869491985308286e-09	0
chr4	102255573	102256819	102256283.0	26	8	12	7.088108988639874e-10	1.360714726450496e-07	2.5481127794716194e-05	2548.1127794716194	5.95504388495153e-06	595.504388495153	1952.6083909764666	4.382576427194462e-06	0
chr4	113141733	113143167	113142176.0	28	16	17	1.3947842880668304e-11	0.0003920628935644155	2.74412145481559e-05	2744.12145481559	1.191008776990306e-05	1191.008776990306	1553.112677825284	1.2377623162781762e-07	0
chr4	114326003	114327060	114326389.5	32	26	9	3.26405569239796e-14	0.0025593589408208217	3.136138805503532e-05	3136.138805503532	1.9353892626092473e-05	1935.3892626092472	1200.7495428942846	4.801205338931794e-10	1
chr4	119343054	119343864	119343284.0	23	11	9	6.778339223245666e-09	0.0007325199128818127	2.2540997664556634e-05	2254.0997664556635	8.188185341808353e-06	818.8185341808353	1435.2812322748282	3.293416113135542e-05	0
chr4	142614511	142616024	142615483.0	72	95	20	0.0	0.0019277752226644074	7.056312312382946e-05	7056.312312382946	7.071614613379942e-05	7071.614613379941	-15.302300996994745	0.0	1
chr4	156305284	156306115	156305514.0	38	17	6	0.0	2.9896953245289737e-06	3.7241648315354436e-05	3724.1648315354437	1.2654468255522001e-05	1265.4468255522002	2458.7180059832435	0.0	0
chr4	158804956	158806112	158805709.0	35	8	12	1.6653345369377348e-15	1.2559804307699096e-08	3.4301518185194876e-05	3430.1518185194877	5.95504388495153e-06	595.504388495153	2834.647430024335	3.137200051396536e-11	1
chr4	160658699	160659229	160658996.0	40	17	4	0.0	1.1181644499203003e-10	3.920173506879414e-05	3920.1735068794146	1.2654468255522001e-05	1265.4468255522002	2654.7266813272145	0.0	0
chr4	163447699	163448844	163448578.0	27	13	8	3.024935857354194e-11	0.00010367836457636503	2.6461171171436047e-05	2646.117117143605	9.676946313046236e-06	967.6946313046236	1678.4224858389812	2.524443762850019e-07	2
chr5	19734400	19735453	19734934.0	53	38	10	0.0	1.4673544275201067e-06	5.194229896615224e-05	5194.229896615224	2.8286458453519766e-05	2828.6458453519767	2365.584051263247	0.0	1
chr5	19884932	19885744	19885258.0	29	6	11	2.5691893057455673e-11	4.573925904693965e-09	2.8421257924875754e-05	2842.1257924875754	4.466282913713647e-06	446.62829137136475	2395.4975011162105	2.166554297525926e-07	1
chr5	61304473	61305207	61304836.0	35	4	8	5.551115123125783e-16	2.879030347457956e-12	3.4301518185194876e-05	3430.1518185194877	2.977521942475765e-06	297.7521942475765	3132.3996242719113	1.1611714475948217e-11	1
chr5	86284327	86285207	86284527.0	33	12	8	5.10702591327572e-15	3.9838289767057944e-07	3.234143143175517e-05	3234.143143175517	8.932565827427295e-06	893.2565827427295	2340.8865604327875	8.704485221970071e-11	0
chr5	86302406	86303465	86302949.0	26	15	13	1.326835308290697e-10	0.0009220346683856961	2.5481127794716194e-05	2548.1127794716194	1.1165707284284118e-05	1116.5707284284117	1431.5420510432077	9.540603360892345e-07	0
chr5	90221440	90222430	90222173.0	29	15	11	4.897748873133878e-12	0.0005964913800738936	2.8421257924875754e-05	2842.1257924875754	1.1165707284284118e-05	1116.5707284284117	1725.5550640591637	4.85456127707041e-08	0
chr5	103014060	103015543	103015163.0	53	22	19	0.0	2.089064188304235e-08	5.194229896615224e-05	5194.229896615224	1.6376370683616706e-05	1637.6370683616706	3556.5928282535533	0.0	2
chr5	103408931	103409758	103409269.0	39	15	8	0.0	1.392906801012117e-07	3.822169169207429e-05	3822.169169207429	1.1165707284284118e-05	1116.5707284284117	2705.5984407790174	0.0	1
chr5	104645316	104646410	104645904.0	26	7	12	2.298014001311799e-10	1.933671043841123e-06	2.5481127794716194e-05	2548.1127794716194	5.210663399332588e-06	521.0663399332589	2027.0464395383606	1.5716961823808392e-06	2
chr5	116821106	116821574	116821341.0	25	15	4	2.2758728235316994e-10	0.0004656625056148611	2.450108441799634e-05	2450.108441799634	1.1165707284284118e-05	1116.5707284284117	1333.5377133712223	1.5598648325747343e-06	0
chr5	120195206	120195639	120195436.0	26	18	5	6.670108909645478e-11	0.0028167308091766596	2.5481127794716194e-05	2548.1127794716194	1.3398848741140941e-05	1339.8848741140941	1208.2279053575253	5.202591277291812e-07	0
chr5	128036734	128037620	128037244.0	26	7	8	2.0080748175388408e-10	4.1451431957995055e-06	2.5481127794716194e-05	2548.1127794716194	5.210663399332588e-06	521.0663399332589	2027.0464395383606	1.3881321349528335e-06	1
chr5	129126250	129127020	129126709.0	23	20	7	7.55862261669904e-09	0.0002452939490991124	2.2540997664556634e-05	2254.0997664556635	1.4887609712378825e-05	1488.7609712378824	765.3387952177811	3.622833714505923e-05	1
chr5	129133313	129134295	129134009.0	21	20	9	1.0760427360256841e-07	0.0009557985735034746	2.0580910911116924e-05	2058.0910911116925	1.4887609712378825e-05	1488.7609712378824	569.3301198738102	0.0003834404490436338	0
chr5	132371076	132371574	132371276.0	26	8	3	7.727984918659558e-11	5.121816628261833e-06	2.5481127794716194e-05	2548.1127794716194	5.95504388495153e-06	595.504388495153	1952.6083909764666	5.927257712820147e-07	2
chr5	133434214	133434704	133434501.0	21	6	6	7.256987721859787e-08	9.80948908559931e-05	2.0580910911116924e-05	2058.0910911116925	4.466282913713647e-06	446.62829137136475	1611.4627997403277	0.0002662555733702876	0
chr5	137890098	137891347	137891124.0	36	9	12	3.3306690738754696e-16	2.9383194655174805e-08	3.528156156191473e-05	3528.156156191473	6.699424370570471e-06	669.9424370570471	2858.2137191344264	7.20082159448064e-12	0
chr5	140010945	140011515	140011256.0	21	4	3	3.529375847133309e-08	1.490662825021083e-05	2.0580910911116924e-05	2058.0910911116925	2.977521942475765e-06	297.7521942475765	1760.3388968641161	0.00014123387143051065	1
chr5	173472480	173473033	173472830.0	25	18	2	4.6044734691719214e-10	0.0004977466631879146	2.450108441799634e-05	2450.108441799634	1.3398848741140941e-05	1339.8848741140941	1110.2235676855398	2.9325097140431082e-06	2
chr6	7973508	7974468	7973903.0	27	7	7	9.947209722582784e-11	3.903551920259041e-06	2.6461171171436047e-05	2646.117117143605	5.210663399332588e-06	521.0663399332589	2125.050777210346	7.434655327648322e-07	1
chr6	8082901	8084449	8083444.0	46	29	17	0.0	0.00227906182272819	4.508199532911327e-05	4508.199532911327	2.1587034082949294e-05	2158.7034082949294	2349.4961246163975	0.0	1
chr6	10000041	10001084	10000811.0	23	2	13	1.8818828495525963e-08	6.692509668670965e-08	2.2540997664556634e-05	2254.0997664556635	1.4887609712378825e-06	148.87609712378824	2105.223669331875	7.9765635030835e-05	1
chr6	15221670	15222687	15221962.0	22	7	5	2.9126331568818387e-08	0.00019554904397334205	2.156095428783678e-05	2156.095428783678	5.210663399332588e-06	521.0663399332589	1635.0290888504192	0.0001175762846974443	1
chr6	125154654	125155132	125154854.0	25	18	2	2.8066537982596174e-10	0.005185551674374067	2.450108441799634e-05	2450.108441799634	1.3398848741140941e-05	1339.8848741140941	1110.2235676855398	1.8862072962066064e-06	2
chr6	125197419	125198189	125197860.0	23	16	3	4.4382920671992565e-09	0.0051066411663189815	2.2540997664556634e-05	2254.0997664556635	1.191008776990306e-05	1191.008776990306	1063.0909894653576	2.2339463506774666e-05	1
chr7	80883317	80884658	80883799.0	47	43	15	0.0	8.400002724096023e-05	4.606203870583312e-05	4606.203870583312	3.200836088161447e-05	3200.836088161447	1405.3677824218648	0.0	1
chr7	80941893	80943085	80942180.0	37	34	8	3.3306690738754696e-16	0.0005951284321837891	3.626160493863458e-05	3626.160493863458	2.5308936511044003e-05	2530.8936511044003	1095.266842759058	7.20082159448064e-12	2
chr7	117124325	117125524	117124729.0	28	8	15	1.0042855436154241e-10	5.129583488416856e-06	2.74412145481559e-05	2744.12145481559	5.95504388495153e-06	595.504388495153	2148.617066320437	7.488766670465735e-07	1
chr7	151736088	151736965	151736406.0	24	9	6	2.2479151873255887e-09	0.0005526748937002557	2.3521041041276488e-05	2352.1041041276485	6.699424370570471e-06	669.9424370570471	1682.1616670706014	1.2149838264043267e-05	0
chr8	8289353	8290798	8290235.0	28	11	14	3.322475627953736e-11	0.0005356161519428637	2.74412145481559e-05	2744.12145481559	8.188185341808353e-06	818.8185341808353	1925.3029206347546	2.758461413480346e-07	2
chr8	9099844	9101171	9100346.0	37	12	15	1.1102230246251565e-16	9.024778502286779e-08	3.626160493863458e-05	3626.160493863458	8.932565827427295e-06	893.2565827427295	2732.9039111207285	2.483616707355591e-12	1
chr8	66713241	66714777	66714071.0	66	46	12	0.0	2.3374116531194034e-08	6.468286286351034e-05	6468.286286351034	3.4241502338471296e-05	3424.1502338471296	3044.136052503904	0.0	3
chr8	68934954	68936002	68935249.0	32	33	16	1.2668754933997661e-12	0.0010813473693780384	3.136138805503532e-05	3136.138805503532	2.456455602542506e-05	2456.455602542506	679.6832029610259	1.431943591459435e-08	1
chr8	99904498	99905850	99905300.0	55	25	11	0.0	1.952095152191191e-10	5.390238571959195e-05	5390.238571959195	1.860951214047353e-05	1860.951214047353	3529.287357911842	0.0	1
chr8	101009705	101010624	101009905.0	23	4	4	4.367923289727571e-08	7.443584758570765e-07	2.2540997664556634e-05	2254.0997664556635	2.977521942475765e-06	297.7521942475765	1956.347572208087	0.00017096688634237657	0
chr8	101466044	101467520	101467148.0	54	44	15	0.0	0.00016367399993499898	5.2922342342872094e-05	5292.23423428721	3.275274136723341e-05	3275.274136723341	2016.9600975638687	0.0	1
chr8	121426278	121427524	121427098.0	25	12	7	1.3490232264601332e-09	0.00017359585480614115	2.450108441799634e-05	2450.108441799634	8.932565827427295e-06	893.2565827427295	1556.8518590569045	7.760116389949175e-06	1
chr8	121432088	121432974	121432630.0	25	7	10	3.0405206130623696e-09	2.4049959070904237e-06	2.450108441799634e-05	2450.108441799634	5.210663399332588e-06	521.0663399332589	1929.042101866375	1.5978069743431582e-05	1
chr8	123563440	123564365	123563806.0	46	6	9	0.0	7.216449660063518e-14	4.508199532911327e-05	4508.199532911327	4.466282913713647e-06	446.62829137136475	4061.571241539962	0.0	2
chr8	125069666	125070253	125069971.0	23	11	6	2.846349744789478e-08	0.002144971364688164	2.2540997664556634e-05	2254.0997664556635	8.188185341808353e-06	818.8185341808353	1435.2812322748282	0.00011518927110024657	1
chr8	127870549	127871231	127870807.0	27	7	4	7.829159542893649e-11	3.1269595560656782e-06	2.6461171171436047e-05	2646.117117143605	5.210663399332588e-06	521.0663399332589	2125.050777210346	5.99059393354492e-07	3
chr8	138944830	138945650	138945159.0	22	8	7	1.0560601726439245e-08	0.0059442778497930115	2.156095428783678e-05	2156.095428783678	5.95504388495153e-06	595.504388495153	1560.5910402885252	4.825434026475355e-05	1
chr9	4865408	4866706	4866399.0	51	35	14	0.0	8.3890934130193e-05	4.9982212212712535e-05	4998.221221271254	2.605331699666294e-05	2605.3316996662943	2392.8895216049596	0.0	2
chr9	94866911	94868061	94867545.0	30	11	7	3.702593787124897e-12	3.4424883793571226e-06	2.940130130159561e-05	2940.130130159561	8.188185341808353e-06	818.8185341808353	2121.3115959787256	3.835151406882473e-08	1
chr9	94991085	94993630	94992221.0	46	36	13	0.0	0.001444083295401799	4.508199532911327e-05	4508.199532911327	2.6797697482281882e-05	2679.7697482281883	1828.4297846831387	0.0	2
chr9	107245419	107246742	107245956.0	25	9	10	4.325198643684303e-09	0.0012067220124049038	2.450108441799634e-05	2450.108441799634	6.699424370570471e-06	669.9424370570471	1780.166004742587	2.1872753609487094e-05	1
chr9	108478587	108479603	108479166.0	41	17	10	0.0	4.864207590049574e-07	4.0181778445513996e-05	4018.1778445513996	1.2654468255522001e-05	1265.4468255522002	2752.7310189991995	0.0	2
chr9	125460528	125461309	125461106.0	23	0	3	5.983251782915033e-09	2.1437994712769637e-09	2.2540997664556634e-05	2254.0997664556635	0.0	0.0	2254.0997664556635	2.9336530083529803e-05	1
