chr1	183461004	183462399	183461698	27	11	11	2.70821143288913e-10	0.000296960845262095	2.6461171171436e-05	2646.1171171436	8.18818534180835e-06	818.818534180835	1827.29858296277	2.22301559206307e-06	0
chr1	226114301	226114769	226114531	23	10	4	4.95594776328545e-09	0.000814415191309203	2.25409976645566e-05	2254.09976645566	7.44380485618941e-06	744.380485618941	1509.71928083672	3.06553933990509e-05	0
chr10	84401185	84402183	84401761	28	5	13	2.10859107951933e-11	2.98713150703733e-06	2.74412145481559e-05	2744.12145481559	3.72190242809471e-06	372.190242809471	2371.93121200612	2.2159307689438e-07	0
chr11	24446070	24446529	24446296	30	14	3	2.68229882749438e-13	3.3339958772638e-05	2.94013013015956e-05	2940.13013015956	1.04213267986652e-05	1042.13267986652	1897.99745029304	4.01303352234585e-09	0
chr11	47945982	47947262	47946961.5	28	11	10	2.70008460034887e-11	0.000109947093598572	2.74412145481559e-05	2744.12145481559	8.18818534180835e-06	818.818534180835	1925.30292063475	2.759237458233e-07	0
chr11	63528493	63528926	63528723	34	6	4	1.88737914186277e-15	1.31349586762752e-09	3.3321474808475e-05	3332.1474808475	4.46628291371365e-06	446.628291371365	2885.51918947614	3.84710950642682e-11	0
chr11	63530836	63531295	63531066	23	3	4	5.41263567299666e-09	7.17453648713118e-07	2.25409976645566e-05	2254.09976645566	2.23314145685682e-06	223.314145685682	2030.78562076998	3.32769498580977e-05	0
chr11	85029267	85030398	85030134	32	19	12	1.66200386786386e-13	3.18070680207505e-05	3.13613880550353e-05	3136.13880550353	1.41432292267599e-05	1414.32292267599	1721.81588282754	2.56228520972535e-09	0
chr12	118059088	118060284	118059764	39	18	9	0	1.6137521681614e-05	3.82216916920743e-05	3822.16916920743	1.33988487411409e-05	1339.88487411409	2482.28429509334	0	0
chr12	118105961	118106846	118106217	27	12	6	5.36406474793694e-11	0.0004010901239071	2.6461171171436e-05	2646.1171171436	8.93256582742729e-06	893.25658274273	1752.86053440088	5.18831133730087e-07	0
chr12	122110940	122112310	122111140	27	10	11	6.06223182764154e-10	0.000141109819683405	2.6461171171436e-05	2646.1171171436	7.44380485618941e-06	744.380485618941	1901.73663152466	4.59144972665911e-06	0
chr14	73696048	73697136	73696743	25	4	10	4.20323187366733e-09	2.82377365046216e-07	2.45010844179963e-05	2450.10844179963	2.97752194247576e-06	297.752194247576	2152.35624755206	2.65399400866711e-05	0
chr15	96230123	96231322	96230823	30	27	11	2.82786016825298e-11	0.000833945490530397	2.94013013015956e-05	2940.13013015956	2.00982731117114e-05	2009.82731117114	930.30281898842	2.87242308310507e-07	0
chr16	46693861	46694329	46694091	25	14	5	2.66957789207822e-10	0.000391338277452857	2.45010844179963e-05	2450.10844179963	1.04213267986652e-05	1042.13267986652	1407.97576193312	2.19724202396554e-06	0
chr16	68635836	68636740	68636315	29	12	6	5.08504349738814e-12	0.000289505479787788	2.84212579248758e-05	2842.12579248758	8.93256582742729e-06	893.25658274273	1948.86920974485	5.96288692536698e-08	0
chr16	70205507	70205966	70205733	25	12	5	6.72387590050505e-10	0.000475427999934053	2.45010844179963e-05	2450.10844179963	8.93256582742729e-06	893.25658274273	1556.8518590569	5.04227272276299e-06	0
chr17	30700563	30701022	30700793	29	13	5	1.51922918689706e-12	1.13638915882897e-05	2.84212579248758e-05	2842.12579248758	9.67694631304624e-06	967.694631304624	1874.43116118295	2.0690934123993e-08	0
chr17	58740898	58741634	58741118	49	23	5	0	6.43923536713942e-09	4.80221254592728e-05	4802.21254592728	1.71207511692356e-05	1712.07511692356	3090.13742900372	0	0
chr17	59093106	59095705	59094612	75	37	21	0	4.78428408001719e-12	7.3503253253989e-05	7350.3253253989	2.75420779679008e-05	2754.20779679008	4596.11752860882	0	0
chr17	59832730	59833500	59833124	51	34	9	0	2.73996867997672e-05	4.99822122127125e-05	4998.22122127125	2.5308936511044e-05	2530.8936511044	2467.32757016685	0	0
chr17	60030854	60031476	60031092	64	48	4	0	2.53266406429198e-05	6.27227761100706e-05	6272.27761100706	3.57302633097092e-05	3573.02633097092	2699.25128003615	0	0
chr17	61360113	61361506	61360713	74	47	13	0	7.03736589002801e-08	7.25232098772692e-05	7252.32098772692	3.49858828240902e-05	3498.58828240902	3753.73270531789	0	0
chr17	62887764	62888999	62888544	52	29	11	0	1.67502484299531e-05	5.09622555894324e-05	5096.22555894324	2.15870340829493e-05	2158.70340829493	2937.52215064831	0	0
chr17	62950153	62950877	62950461	35	13	6	7.99360577730113e-15	2.79602042618787e-06	3.43015181851949e-05	3430.15181851949	9.67694631304624e-06	967.694631304624	2462.45718721486	1.48033682872837e-10	0
chr18	62485349	62486193	62485910	29	9	5	1.63813407283442e-12	9.15480387053691e-07	2.84212579248758e-05	2842.12579248758	6.69942437057047e-06	669.942437057047	2172.18335543053	2.21120287956388e-08	0
chr19	37331375	37332275	37331601	23	15	6	3.23012927516686e-09	0.000919768813022137	2.25409976645566e-05	2254.09976645566	1.11657072842841e-05	1116.57072842841	1137.52903802725	2.08729441785877e-05	0
chr20	35154592	35155060	35154827	23	8	5	4.75750783213158e-09	0.000160284301768066	2.25409976645566e-05	2254.09976645566	5.95504388495153e-06	595.504388495153	1658.59537796051	2.97306845105099e-05	0
chr20	36000069	36001217	36000979	24	8	8	2.8300880527965e-09	4.29770704177823e-05	2.35210410412765e-05	2352.10410412765	5.95504388495153e-06	595.504388495153	1756.5997156325	1.84357678857238e-05	0
chr20	42190407	42191190	42190898	29	10	9	3.92408328053762e-12	1.62095936779849e-05	2.84212579248758e-05	2842.12579248758	7.44380485618941e-06	744.380485618941	2097.74530686863	4.82506233393516e-08	0
chr20	47173853	47174980	47174645	35	20	5	3.38995498339045e-12	0.00064127152232718	3.43015181851949e-05	3430.15181851949	1.48876097123788e-05	1488.76097123788	1941.39084728161	4.2369108227345e-08	0
chr20	47598805	47600173	47599702	48	26	12	9.55414636294449e-11	3.34038593208241e-05	4.7042082082553e-05	4704.2082082553	1.93538926260925e-05	1935.38926260925	2768.81894564605	8.68774547710576e-07	0
chr20	48051537	48052758	48051934	29	9	4	7.53443862855363e-10	1.66483435540821e-05	2.84212579248758e-05	2842.12579248758	6.69942437057047e-06	669.942437057047	2172.18335543053	5.594860434884e-06	0
chr20	48064666	48065627	48065258	60	29	9	0	4.97350728712043e-06	5.88026026031912e-05	5880.26026031912	2.15870340829493e-05	2158.70340829493	3721.55685202419	0	0
chr20	53800320	53801731	53801003	66	47	12	0	1.33446625316669e-05	6.46828628635103e-05	6468.28628635103	3.49858828240902e-05	3498.58828240902	2969.69800394201	0	0
chr20	54132506	54133263	54132894	34	18	6	2.07937844720618e-09	7.04590817747208e-05	3.3321474808475e-05	3332.1474808475	1.33988487411409e-05	1339.88487411409	1992.26260673341	1.40652955697593e-05	0
chr20	56814321	56814910	56814597	29	12	5	2.76119349607029e-10	0.000172465711892555	2.84212579248758e-05	2842.12579248758	8.93256582742729e-06	893.25658274273	1948.86920974485	2.25007158680042e-06	0
chr20	57710573	57711143	57710829	27	7	8	4.87521167880089e-09	7.26935535200202e-06	2.6461171171436e-05	2646.1171171436	5.21066339933259e-06	521.066339933259	2125.05077721035	3.02793315817923e-05	0
chr20	58111855	58112575	58112102	25	9	6	2.35024844030818e-09	0.00026380920384006	2.45010844179963e-05	2450.10844179963	6.69942437057047e-06	669.942437057047	1780.16600474259	1.55511586983266e-05	0
chr21	15164451	15165523	15164756	24	14	8	6.81495992971293e-09	0.00091687497665538	2.35210410412765e-05	2352.10410412765	1.04213267986652e-05	1042.13267986652	1309.97142426113	4.13956749436197e-05	0
chr22	24210983	24211879	24211641	27	5	7	6.21455109595104e-11	9.03116084111089e-05	2.6461171171436e-05	2646.1171171436	3.72190242809471e-06	372.190242809471	2273.92687433413	5.89822656107269e-07	0
chr3	150253104	150254315	150253828.5	26	4	14	4.9069157626036e-09	5.35258318778986e-08	2.54811277947162e-05	2548.11277947162	2.97752194247576e-06	297.752194247576	2250.36058522404	3.04140452797697e-05	0
chr3	153138268	153139413	153139128	39	18	6	0	1.05429356852538e-05	3.82216916920743e-05	3822.16916920743	1.33988487411409e-05	1339.88487411409	2482.28429509334	0	0
chr3	185562643	185563529	185563300	27	9	6	4.29765112386349e-11	9.0979152048698e-06	2.6461171171436e-05	2646.1171171436	6.69942437057047e-06	669.942437057047	1976.17468008656	4.21047535032453e-07	0
chr5	137890098	137891347	137891124	36	9	12	3.33066907387547e-16	2.93831946551748e-08	3.52815615619147e-05	3528.15615619147	6.69942437057047e-06	669.942437057047	2858.21371913443	7.66335984568979e-12	0
chr7	151736088	151736965	151736406	24	9	6	2.24791518732559e-09	0.000552674893700256	2.35210410412765e-05	2352.10410412765	6.69942437057047e-06	669.942437057047	1682.1616670706	1.50047992920877e-05	0
chr8	90586884	90588108	90587682	40	29	18	1.98729921407903e-14	3.54165854199451e-07	3.92017350687941e-05	3920.17350687941	2.15870340829493e-05	2158.70340829493	1761.47009858449	3.46877138762372e-10	0
chr8	92053502	92054129	92053706	23	10	10	7.2548973495401e-09	0.000522802993828675	2.25409976645566e-05	2254.09976645566	7.44380485618941e-06	744.380485618941	1509.71928083672	4.38923891004792e-05	0
chr8	124137718	124138965	124138451	29	13	7	2.01986205539129e-11	0.000808536392383208	2.84212579248758e-05	2842.12579248758	9.67694631304624e-06	967.694631304624	1874.43116118295	2.13005534928676e-07	0
chr8	125606490	125606980	125606761	31	10	3	1.45994327738208e-13	1.00481163860522e-05	3.03813446783155e-05	3038.13446783155	7.44380485618941e-06	744.380485618941	2293.75398221261	2.2622551054674e-09	0
chr8	126496738	126498170	126497495	42	16	14	0	3.28521080894539e-07	4.11618218222338e-05	4116.18218222339	1.19100877699031e-05	1191.00877699031	2925.17340523308	0	0
chr8	127317425	127317893	127317660	25	11	5	6.37087049781826e-10	0.000604478114564433	2.45010844179963e-05	2450.10844179963	8.18818534180835e-06	818.818534180835	1631.2899076188	4.80126190188407e-06	0
chr9	14330858	14331744	14331204	28	4	11	2.98201463522219e-11	1.32263657803833e-08	2.74412145481559e-05	2744.12145481559	2.97752194247576e-06	297.752194247576	2446.36926056801	3.01891010829891e-07	0
chr9	94138702	94140173	94139834	38	22	13	1.11022302462516e-16	0.000178717353737312	3.72416483153544e-05	3724.16483153544	1.63763706836167e-05	1637.63706836167	2086.52776317377	2.67609391436786e-12	0
chr9	105054528	105055173	105054833	34	8	9	6.21724893790088e-15	1.06772929386878e-08	3.3321474808475e-05	3332.1474808475	5.95504388495153e-06	595.504388495153	2736.64309235235	1.15843672759384e-10	0
chr9	108594589	108595048	108594815	30	15	4	5.61217738948017e-13	0.00047227908774139	2.94013013015956e-05	2940.13013015956	1.11657072842841e-05	1116.57072842841	1823.55940173115	8.11659284227773e-09	0
chr9	111600692	111602243	111601867	42	22	16	0	2.86733247434334e-06	4.11618218222338e-05	4116.18218222339	1.63763706836167e-05	1637.63706836167	2478.54511386171	0	0
