chr3	64491460	64492035	chr17:59800193..59801026-chr3:64477136..64477711,2	200	.	64491460	64492035	16711680	1	575,	0,	chr3	64490992	64491931	64491527	55	15	9	0	2.25375273998907e-14	5.39023857195919e-05	5390.23857195919	1.11657072842841e-05	1116.57072842841	4273.66784353078	0	0
chr3	64491534	64492044	chr20:52739899..52740763-chr3:64477210..64477720,2	200	.	64491534	64492044	16711680	1	510,	0,	chr3	64490992	64491931	64491527	55	15	9	0	2.25375273998907e-14	5.39023857195919e-05	5390.23857195919	1.11657072842841e-05	1116.57072842841	4273.66784353078	0	0
chr3	64491200	64491709	chr20:52765302..52765883-chr3:64476876..64477385,2	200	.	64491200	64491709	16711680	1	509,	0,	chr3	64490992	64491931	64491527	55	15	9	0	2.25375273998907e-14	5.39023857195919e-05	5390.23857195919	1.11657072842841e-05	1116.57072842841	4273.66784353078	0	0
chr3	64491346	64491970	chr20:52811589..52812569-chr3:64477022..64477646,2	200	.	64491346	64491970	16711680	1	624,	0,	chr3	64490992	64491931	64491527	55	15	9	0	2.25375273998907e-14	5.39023857195919e-05	5390.23857195919	1.11657072842841e-05	1116.57072842841	4273.66784353078	0	0
chr1	147669335	147717737	chr1:147141457..147142147-chr1:147188392..147189871,6	600	.	147669335	147717737	16711680	2	690,1479,	0,46923,	chr1	147675987	147677336	147676833	64	28	12	0	7.83945686144705e-10	6.27227761100706e-05	6272.27761100706	2.08426535973304e-05	2084.26535973304	4188.01225127403	0	0
chr1	183023828	183606172	chr1:182992963..182993599-chr1:183574680..183575307,3	300	.	183023828	183606172	16711680	2	636,627,	0,581717,	chr1	183461004	183462399	183461698	27	11	11	2.70821143288913e-10	0.000296960845262095	2.6461171171436e-05	2646.1171171436	8.18818534180835e-06	818.818534180835	1827.29858296277	2.22301559206307e-06	0
chr1	183023915	184373413	chr1:182993050..182993636-chr1:184341998..184342547,2	200	.	183023915	184373413	16711680	2	586,549,	0,1348949,	chr1	183461004	183462399	183461698	27	11	11	2.70821143288913e-10	0.000296960845262095	2.6461171171436e-05	2646.1171171436	8.18818534180835e-06	818.818534180835	1827.29858296277	2.22301559206307e-06	0
chr1	200016526	200487311	chr1:199985654..199986227-chr1:200455916..200456439,2	200	.	200016526	200487311	16711680	2	573,523,	0,470262,	chr1	200433031	200433617	200433368	26	15	7	6.03245120522899e-10	0.000389644161705394	2.54811277947162e-05	2548.11277947162	1.11657072842841e-05	1116.57072842841	1431.54205104321	4.58031653488067e-06	0
chr1	200016549	202335645	chr1:199985677..199986337-chr1:202304191..202304773,3	300	.	200016549	202335645	16711680	2	660,582,	0,2318514,	chr1	200433031	200433617	200433368	26	15	7	6.03245120522899e-10	0.000389644161705394	2.54811277947162e-05	2548.11277947162	1.11657072842841e-05	1116.57072842841	1431.54205104321	4.58031653488067e-06	0
chr1	200016876	206904172	chr1:199986004..199986539-chr1:207076797..207077517,2	200	.	200016876	206904172	16711680	2	535,720,	0,6886576,	chr1	200433031	200433617	200433368	26	15	7	6.03245120522899e-10	0.000389644161705394	2.54811277947162e-05	2548.11277947162	1.11657072842841e-05	1116.57072842841	1431.54205104321	4.58031653488067e-06	0
chr1	206903703	227329107	chr1:207077048..207077588-chr1:227515958..227516808,2	200	.	206903703	227329107	16711680	2	540,850,	0,20424554,	chr1	226114301	226114769	226114531	23	10	4	4.95594776328545e-09	0.000814415191309203	2.25409976645566e-05	2254.09976645566	7.44380485618941e-06	744.380485618941	1509.71928083672	3.06553933990509e-05	0
chr10	48814678	63631518	chr10:50022723..50023301-chr10:65390468..65391278,2	200	.	48814678	63631518	16711680	2	578,810,	0,14816030,	chr10	50172822	50173767	50173372	26	3	9	3.64442809264176e-10	3.30405887760676e-07	2.54811277947162e-05	2548.11277947162	2.23314145685682e-06	223.314145685682	2324.79863378594	2.88996296602297e-06	0
chr10	48814678	63631518	chr10:50022723..50023301-chr10:65390468..65391278,2	200	.	48814678	63631518	16711680	2	578,810,	0,14816030,	chr10	62381412	62382241	62381687	27	4	6	7.26259052896694e-11	5.8604749941793e-09	2.6461171171436e-05	2646.1171171436	2.97752194247576e-06	297.752194247576	2348.36492289603	6.74536526671407e-07	0
chr10	79128273	88108663	chr10:80888030..80888626-chr10:89867901..89868420,2	200	.	79128273	88108663	16711680	2	596,519,	0,8979871,	chr10	84401185	84402183	84401761	28	5	13	2.10859107951933e-11	2.98713150703733e-06	2.74412145481559e-05	2744.12145481559	3.72190242809471e-06	372.190242809471	2371.93121200612	2.2159307689438e-07	0
chr10	80436224	93435663	chr10:82195980..82196606-chr10:95194683..95195420,2	200	.	80436224	93435663	16711680	2	626,737,	0,12998702,	chr10	84401185	84402183	84401761	28	5	13	2.10859107951933e-11	2.98713150703733e-06	2.74412145481559e-05	2744.12145481559	3.72190242809471e-06	372.190242809471	2371.93121200612	2.2159307689438e-07	0
chr11	1796549	76773186	chr11:1817779..1818422-chr11:76483693..76484230,2	200	.	1796549	76773186	16711680	2	643,537,	0,74976100,	chr11	24446070	24446529	24446296	30	14	3	2.68229882749438e-13	3.3339958772638e-05	2.94013013015956e-05	2940.13013015956	1.04213267986652e-05	1042.13267986652	1897.99745029304	4.01303352234585e-09	0
chr11	1796549	76773186	chr11:1817779..1818422-chr11:76483693..76484230,2	200	.	1796549	76773186	16711680	2	643,537,	0,74976100,	chr11	63528493	63528926	63528723	34	6	4	1.88737914186277e-15	1.31349586762752e-09	3.3321474808475e-05	3332.1474808475	4.46628291371365e-06	446.628291371365	2885.51918947614	3.84710950642682e-11	0
chr11	1796549	76773186	chr11:1817779..1818422-chr11:76483693..76484230,2	200	.	1796549	76773186	16711680	2	643,537,	0,74976100,	chr11	63530836	63531295	63531066	23	3	4	5.41263567299666e-09	7.17453648713118e-07	2.25409976645566e-05	2254.09976645566	2.23314145685682e-06	223.314145685682	2030.78562076998	3.32769498580977e-05	0
chr11	1796549	76773186	chr11:1817779..1818422-chr11:76483693..76484230,2	200	.	1796549	76773186	16711680	2	643,537,	0,74976100,	chr11	72164287	72164817	72164584	29	10	4	2.27462493285202e-12	0.000108753438869069	2.84212579248758e-05	2842.12579248758	7.44380485618941e-06	744.380485618941	2097.74530686863	3.01167376419141e-08	0
chr11	2483365	118058362	chr11:2504595..2505283-chr11:117928318..117929077,2	200	.	2483365	118058362	16711680	2	688,759,	0,115574238,	chr11	24446070	24446529	24446296	30	14	3	2.68229882749438e-13	3.3339958772638e-05	2.94013013015956e-05	2940.13013015956	1.04213267986652e-05	1042.13267986652	1897.99745029304	4.01303352234585e-09	0
chr11	2483365	118058362	chr11:2504595..2505283-chr11:117928318..117929077,2	200	.	2483365	118058362	16711680	2	688,759,	0,115574238,	chr11	63528493	63528926	63528723	34	6	4	1.88737914186277e-15	1.31349586762752e-09	3.3321474808475e-05	3332.1474808475	4.46628291371365e-06	446.628291371365	2885.51918947614	3.84710950642682e-11	0
chr11	2483365	118058362	chr11:2504595..2505283-chr11:117928318..117929077,2	200	.	2483365	118058362	16711680	2	688,759,	0,115574238,	chr11	63530836	63531295	63531066	23	3	4	5.41263567299666e-09	7.17453648713118e-07	2.25409976645566e-05	2254.09976645566	2.23314145685682e-06	223.314145685682	2030.78562076998	3.32769498580977e-05	0
chr11	2483365	118058362	chr11:2504595..2505283-chr11:117928318..117929077,2	200	.	2483365	118058362	16711680	2	688,759,	0,115574238,	chr11	72164287	72164817	72164584	29	10	4	2.27462493285202e-12	0.000108753438869069	2.84212579248758e-05	2842.12579248758	7.44380485618941e-06	744.380485618941	2097.74530686863	3.01167376419141e-08	0
chr11	7592311	71481690	chr11:7613542..7614042-chr11:71192235..71192736,2	200	.	7592311	71481690	16711680	2	500,501,	0,63888878,	chr11	24446070	24446529	24446296	30	14	3	2.68229882749438e-13	3.3339958772638e-05	2.94013013015956e-05	2940.13013015956	1.04213267986652e-05	1042.13267986652	1897.99745029304	4.01303352234585e-09	0
chr11	7592311	71481690	chr11:7613542..7614042-chr11:71192235..71192736,2	200	.	7592311	71481690	16711680	2	500,501,	0,63888878,	chr11	63528493	63528926	63528723	34	6	4	1.88737914186277e-15	1.31349586762752e-09	3.3321474808475e-05	3332.1474808475	4.46628291371365e-06	446.628291371365	2885.51918947614	3.84710950642682e-11	0
chr11	7592311	71481690	chr11:7613542..7614042-chr11:71192235..71192736,2	200	.	7592311	71481690	16711680	2	500,501,	0,63888878,	chr11	63530836	63531295	63531066	23	3	4	5.41263567299666e-09	7.17453648713118e-07	2.25409976645566e-05	2254.09976645566	2.23314145685682e-06	223.314145685682	2030.78562076998	3.32769498580977e-05	0
chr11	16988979	69892051	chr11:17010526..17011427-chr11:69706034..69706819,2	200	.	16988979	69892051	16711680	2	901,785,	0,52902287,	chr11	24446070	24446529	24446296	30	14	3	2.68229882749438e-13	3.3339958772638e-05	2.94013013015956e-05	2940.13013015956	1.04213267986652e-05	1042.13267986652	1897.99745029304	4.01303352234585e-09	0
chr11	16988979	69892051	chr11:17010526..17011427-chr11:69706034..69706819,2	200	.	16988979	69892051	16711680	2	901,785,	0,52902287,	chr11	63528493	63528926	63528723	34	6	4	1.88737914186277e-15	1.31349586762752e-09	3.3321474808475e-05	3332.1474808475	4.46628291371365e-06	446.628291371365	2885.51918947614	3.84710950642682e-11	0
chr11	16988979	69892051	chr11:17010526..17011427-chr11:69706034..69706819,2	200	.	16988979	69892051	16711680	2	901,785,	0,52902287,	chr11	63530836	63531295	63531066	23	3	4	5.41263567299666e-09	7.17453648713118e-07	2.25409976645566e-05	2254.09976645566	2.23314145685682e-06	223.314145685682	2030.78562076998	3.32769498580977e-05	0
chr11	67027884	73195270	chr11:66795355..66795926-chr11:72905348..72906315,2	200	.	67027884	73195270	16711680	2	571,967,	0,6166419,	chr11	72164287	72164817	72164584	29	10	4	2.27462493285202e-12	0.000108753438869069	2.84212579248758e-05	2842.12579248758	7.44380485618941e-06	744.380485618941	2097.74530686863	3.01167376419141e-08	0
chr11	69301754	76772814	chr11:69069221..69069828-chr11:76483332..76483858,2	200	.	69301754	76772814	16711680	2	607,526,	0,7470534,	chr11	72164287	72164817	72164584	29	10	4	2.27462493285202e-12	0.000108753438869069	2.84212579248758e-05	2842.12579248758	7.44380485618941e-06	744.380485618941	2097.74530686863	3.01167376419141e-08	0
chr11	69891271	72786683	chr11:69706039..69706935-chr11:72497194..72497728,3	300	.	69891271	72786683	16711680	2	896,534,	0,2894878,	chr11	72164287	72164817	72164584	29	10	4	2.27462493285202e-12	0.000108753438869069	2.84212579248758e-05	2842.12579248758	7.44380485618941e-06	744.380485618941	2097.74530686863	3.01167376419141e-08	0
chr11	69891281	76773128	chr11:69706049..69706986-chr11:76483445..76484172,3	300	.	69891281	76773128	16711680	2	937,727,	0,6881120,	chr11	72164287	72164817	72164584	29	10	4	2.27462493285202e-12	0.000108753438869069	2.84212579248758e-05	2842.12579248758	7.44380485618941e-06	744.380485618941	2097.74530686863	3.01167376419141e-08	0
chr11	70805661	72787033	chr11:70651766..70652641-chr11:72497493..72498078,2	200	.	70805661	72787033	16711680	2	875,585,	0,1980787,	chr11	72164287	72164817	72164584	29	10	4	2.27462493285202e-12	0.000108753438869069	2.84212579248758e-05	2842.12579248758	7.44380485618941e-06	744.380485618941	2097.74530686863	3.01167376419141e-08	0
chr12	53824937	53983961	chr12:54218721..54219658-chr12:54376779..54377745,8	800	.	53824937	53983961	16711680	2	937,966,	0,158058,	chr12	53870930	53872238	53871952	42	19	6	0	2.72126362999003e-07	4.11618218222338e-05	4116.18218222339	1.41432292267599e-05	1414.32292267599	2701.8592595474	0	0
chr12	53825323	53950198	chr12:54219107..54219740-chr12:54342955..54343982,3	300	.	53825323	53950198	16711680	2	633,1027,	0,123848,	chr12	53870930	53872238	53871952	42	19	6	0	2.72126362999003e-07	4.11618218222338e-05	4116.18218222339	1.41432292267599e-05	1414.32292267599	2701.8592595474	0	0
chr12	53827043	53983934	chr12:54220827..54221527-chr12:54376901..54377718,3	300	.	53827043	53983934	16711680	2	700,817,	0,156074,	chr12	53870930	53872238	53871952	42	19	6	0	2.72126362999003e-07	4.11618218222338e-05	4116.18218222339	1.41432292267599e-05	1414.32292267599	2701.8592595474	0	0
chr12	101697620	123070411	chr12:102091398..102092156-chr12:123554111..123554958,2	200	.	101697620	123070411	16711680	2	758,847,	0,21371944,	chr12	118059088	118060284	118059764	39	18	9	0	1.6137521681614e-05	3.82216916920743e-05	3822.16916920743	1.33988487411409e-05	1339.88487411409	2482.28429509334	0	0
chr12	110247213	119171688	chr12:110685018..110685819-chr12:119608744..119609493,3	300	.	110247213	119171688	16711680	2	801,749,	0,8923726,	chr12	118059088	118060284	118059764	39	18	9	0	1.6137521681614e-05	3.82216916920743e-05	3822.16916920743	1.33988487411409e-05	1339.88487411409	2482.28429509334	0	0
chr14	34320475	93017787	chr14:34789681..34790201-chr14:93483516..93484132,2	200	.	34320475	93017787	16711680	2	520,616,	0,58696696,	chr14	63671789	63673265	63672742	34	19	18	9.88098491916389e-14	0.000130527163670568	3.3321474808475e-05	3332.1474808475	1.41432292267599e-05	1414.32292267599	1917.82455817151	1.57118937988069e-09	0
chr14	34320475	93017787	chr14:34789681..34790201-chr14:93483516..93484132,2	200	.	34320475	93017787	16711680	2	520,616,	0,58696696,	chr14	68190864	68192280	68191735	36	13	19	2.32115437981406e-11	5.06169462899386e-07	3.52815615619147e-05	3528.15615619147	9.67694631304624e-06	967.694631304624	2560.46152488685	2.41425333825758e-07	0
chr14	34320475	93017787	chr14:34789681..34790201-chr14:93483516..93484132,2	200	.	34320475	93017787	16711680	2	520,616,	0,58696696,	chr14	73696048	73697136	73696743	25	4	10	4.20323187366733e-09	2.82377365046216e-07	2.45010844179963e-05	2450.10844179963	2.97752194247576e-06	297.752194247576	2152.35624755206	2.65399400866711e-05	0
chr14	68177413	68570734	chr14:68644130..68645077-chr14:69036391..69037451,11	1000	.	68177413	68570734	16711680	2	947,1060,	0,392261,	chr14	68190864	68192280	68191735	36	13	19	2.32115437981406e-11	5.06169462899386e-07	3.52815615619147e-05	3528.15615619147	9.67694631304624e-06	967.694631304624	2560.46152488685	2.41425333825758e-07	0
chr14	68177534	68459411	chr14:68644251..68644931-chr14:68925498..68926128,4	400	.	68177534	68459411	16711680	2	680,630,	0,281247,	chr14	68190864	68192280	68191735	36	13	19	2.32115437981406e-11	5.06169462899386e-07	3.52815615619147e-05	3528.15615619147	9.67694631304624e-06	967.694631304624	2560.46152488685	2.41425333825758e-07	0
chr14	73601834	73787733	chr14:74068538..74069454-chr14:74253476..74254436,2	200	.	73601834	73787733	16711680	2	916,960,	0,184939,	chr14	73696048	73697136	73696743	25	4	10	4.20323187366733e-09	2.82377365046216e-07	2.45010844179963e-05	2450.10844179963	2.97752194247576e-06	297.752194247576	2152.35624755206	2.65399400866711e-05	0
chr14	73601883	73785352	chr14:74068587..74069172-chr14:74251195..74252055,3	300	.	73601883	73785352	16711680	2	585,860,	0,182609,	chr14	73696048	73697136	73696743	25	4	10	4.20323187366733e-09	2.82377365046216e-07	2.45010844179963e-05	2450.10844179963	2.97752194247576e-06	297.752194247576	2152.35624755206	2.65399400866711e-05	0
chr14	73601927	73783189	chr14:74068631..74069516-chr14:74248972..74249892,3	300	.	73601927	73783189	16711680	2	885,920,	0,180342,	chr14	73696048	73697136	73696743	25	4	10	4.20323187366733e-09	2.82377365046216e-07	2.45010844179963e-05	2450.10844179963	2.97752194247576e-06	297.752194247576	2152.35624755206	2.65399400866711e-05	0
chr14	73633518	73756793	chr14:74100222..74101041-chr14:74222987..74223496,2	200	.	73633518	73756793	16711680	2	820,509,	0,122766,	chr14	73696048	73697136	73696743	25	4	10	4.20323187366733e-09	2.82377365046216e-07	2.45010844179963e-05	2450.10844179963	2.97752194247576e-06	297.752194247576	2152.35624755206	2.65399400866711e-05	0
chr14	73633545	73785325	chr14:74100249..74101150-chr14:74251194..74252028,7	700	.	73633545	73785325	16711680	2	902,834,	0,150946,	chr14	73696048	73697136	73696743	25	4	10	4.20323187366733e-09	2.82377365046216e-07	2.45010844179963e-05	2450.10844179963	2.97752194247576e-06	297.752194247576	2152.35624755206	2.65399400866711e-05	0
chr14	73633585	73783215	chr14:74100289..74101054-chr14:74249179..74249918,4	400	.	73633585	73783215	16711680	2	766,739,	0,148891,	chr14	73696048	73697136	73696743	25	4	10	4.20323187366733e-09	2.82377365046216e-07	2.45010844179963e-05	2450.10844179963	2.97752194247576e-06	297.752194247576	2152.35624755206	2.65399400866711e-05	0
chr14	73633619	73776093	chr14:74100323..74100826-chr14:74242128..74242796,2	200	.	73633619	73776093	16711680	2	504,668,	0,141806,	chr14	73696048	73697136	73696743	25	4	10	4.20323187366733e-09	2.82377365046216e-07	2.45010844179963e-05	2450.10844179963	2.97752194247576e-06	297.752194247576	2152.35624755206	2.65399400866711e-05	0
chr15	50181151	50227741	chr15:50473348..50474244-chr15:50519432..50519938,2	200	.	50181151	50227741	16711680	2	896,506,	0,46084,	chr15	50205688	50206333	50205888	37	16	3	0	1.78170024955904e-06	3.62616049386346e-05	3626.16049386346	1.19100877699031e-05	1191.00877699031	2435.15171687315	0	0
chr15	57591269	73710734	chr15:57883467..57884028-chr15:74002521..74003075,2	200	.	57591269	73710734	16711680	2	561,554,	0,16118911,	chr15	64072612	64073121	64072847	29	4	7	2.73625566649116e-12	4.32738811451117e-09	2.84212579248758e-05	2842.12579248758	2.97752194247576e-06	297.752194247576	2544.37359824	3.50646891869295e-08	0
chr15	92645269	98749439	chr15:93188499..93189069-chr15:99292139..99292668,2	200	.	92645269	98749439	16711680	2	570,529,	0,6103641,	chr15	96230123	96231322	96230823	30	27	11	2.82786016825298e-11	0.000833945490530397	2.94013013015956e-05	2940.13013015956	2.00982731117114e-05	2009.82731117114	930.30281898842	2.87242308310507e-07	0
chr15	96001273	96339919	chr15:96544502..96545045-chr15:96882251..96883148,2	200	.	96001273	96339919	16711680	2	543,897,	0,337749,	chr15	96230123	96231322	96230823	30	27	11	2.82786016825298e-11	0.000833945490530397	2.94013013015956e-05	2940.13013015956	2.00982731117114e-05	2009.82731117114	930.30281898842	2.87242308310507e-07	0
chr16	11457008	85306741	chr16:11550864..11551384-chr16:85339762..85340347,3	300	.	11457008	85306741	16711680	2	520,585,	0,73849148,	chr16	46693861	46694329	46694091	25	14	5	2.66957789207822e-10	0.000391338277452857	2.45010844179963e-05	2450.10844179963	1.04213267986652e-05	1042.13267986652	1407.97576193312	2.19724202396554e-06	0
chr16	11457008	85306741	chr16:11550864..11551384-chr16:85339762..85340347,3	300	.	11457008	85306741	16711680	2	520,585,	0,73849148,	chr16	68635836	68636740	68636315	29	12	6	5.08504349738814e-12	0.000289505479787788	2.84212579248758e-05	2842.12579248758	8.93256582742729e-06	893.25658274273	1948.86920974485	5.96288692536698e-08	0
chr16	11457008	85306741	chr16:11550864..11551384-chr16:85339762..85340347,3	300	.	11457008	85306741	16711680	2	520,585,	0,73849148,	chr16	70205507	70205966	70205733	25	12	5	6.72387590050505e-10	0.000475427999934053	2.45010844179963e-05	2450.10844179963	8.93256582742729e-06	893.25658274273	1556.8518590569	5.04227272276299e-06	0
chr16	11457008	85306741	chr16:11550864..11551384-chr16:85339762..85340347,3	300	.	11457008	85306741	16711680	2	520,585,	0,73849148,	chr16	71707682	71708714	71708187	44	19	6	0	2.13022999253631e-05	4.31219085756736e-05	4312.19085756736	1.41432292267599e-05	1414.32292267599	2897.86793489137	0	0
chr16	11457008	85306741	chr16:11550864..11551384-chr16:85339762..85340347,3	300	.	11457008	85306741	16711680	2	520,585,	0,73849148,	chr16	74850948	74852261	74851893	28	6	11	3.43077788400592e-10	3.65641110278148e-07	2.74412145481559e-05	2744.12145481559	4.46628291371365e-06	446.628291371365	2297.49316344423	2.72766420563254e-06	0
chr16	29310776	88017294	chr16:29322097..29322894-chr16:88050372..88050900,4	400	.	29310776	88017294	16711680	2	797,528,	0,58705990,	chr16	46693861	46694329	46694091	25	14	5	2.66957789207822e-10	0.000391338277452857	2.45010844179963e-05	2450.10844179963	1.04213267986652e-05	1042.13267986652	1407.97576193312	2.19724202396554e-06	0
chr16	29310776	88017294	chr16:29322097..29322894-chr16:88050372..88050900,4	400	.	29310776	88017294	16711680	2	797,528,	0,58705990,	chr16	68635836	68636740	68636315	29	12	6	5.08504349738814e-12	0.000289505479787788	2.84212579248758e-05	2842.12579248758	8.93256582742729e-06	893.25658274273	1948.86920974485	5.96288692536698e-08	0
chr16	29310776	88017294	chr16:29322097..29322894-chr16:88050372..88050900,4	400	.	29310776	88017294	16711680	2	797,528,	0,58705990,	chr16	70205507	70205966	70205733	25	12	5	6.72387590050505e-10	0.000475427999934053	2.45010844179963e-05	2450.10844179963	8.93256582742729e-06	893.25658274273	1556.8518590569	5.04227272276299e-06	0
chr16	29310776	88017294	chr16:29322097..29322894-chr16:88050372..88050900,4	400	.	29310776	88017294	16711680	2	797,528,	0,58705990,	chr16	71707682	71708714	71708187	44	19	6	0	2.13022999253631e-05	4.31219085756736e-05	4312.19085756736	1.41432292267599e-05	1414.32292267599	2897.86793489137	0	0
chr16	29310776	88017294	chr16:29322097..29322894-chr16:88050372..88050900,4	400	.	29310776	88017294	16711680	2	797,528,	0,58705990,	chr16	74850948	74852261	74851893	28	6	11	3.43077788400592e-10	3.65641110278148e-07	2.74412145481559e-05	2744.12145481559	4.46628291371365e-06	446.628291371365	2297.49316344423	2.72766420563254e-06	0
chr16	70136382	72930069	chr16:70170285..70171145-chr16:72963448..72963968,2	200	.	70136382	72930069	16711680	2	860,520,	0,2793167,	chr16	70205507	70205966	70205733	25	12	5	6.72387590050505e-10	0.000475427999934053	2.45010844179963e-05	2450.10844179963	8.93256582742729e-06	893.25658274273	1556.8518590569	5.04227272276299e-06	0
chr16	70136382	72930069	chr16:70170285..70171145-chr16:72963448..72963968,2	200	.	70136382	72930069	16711680	2	860,520,	0,2793167,	chr16	71707682	71708714	71708187	44	19	6	0	2.13022999253631e-05	4.31219085756736e-05	4312.19085756736	1.41432292267599e-05	1414.32292267599	2897.86793489137	0	0
chr16	70136406	72913979	chr16:70170309..70171136-chr16:72947288..72947878,2	200	.	70136406	72913979	16711680	2	827,590,	0,2776983,	chr16	70205507	70205966	70205733	25	12	5	6.72387590050505e-10	0.000475427999934053	2.45010844179963e-05	2450.10844179963	8.93256582742729e-06	893.25658274273	1556.8518590569	5.04227272276299e-06	0
chr16	70136406	72913979	chr16:70170309..70171136-chr16:72947288..72947878,2	200	.	70136406	72913979	16711680	2	827,590,	0,2776983,	chr16	71707682	71708714	71708187	44	19	6	0	2.13022999253631e-05	4.31219085756736e-05	4312.19085756736	1.41432292267599e-05	1414.32292267599	2897.86793489137	0	0
chr17	7951524	47693782	chr17:7854842..7855345-chr17:45770546..45771148,2	200	.	7951524	47693782	16711680	2	503,602,	0,39741656,	chr17	30700563	30701022	30700793	29	13	5	1.51922918689706e-12	1.13638915882897e-05	2.84212579248758e-05	2842.12579248758	9.67694631304624e-06	967.694631304624	1874.43116118295	2.0690934123993e-08	0
chr17	7957595	40449254	chr17:7860913..7861620-chr17:38604584..38605506,2	200	.	7957595	40449254	16711680	2	707,922,	0,32490737,	chr17	30700563	30701022	30700793	29	13	5	1.51922918689706e-12	1.13638915882897e-05	2.84212579248758e-05	2842.12579248758	9.67694631304624e-06	967.694631304624	1874.43116118295	2.0690934123993e-08	0
chr17	50944302	66952576	chr17:49021663..49022369-chr17:64948068..64948692,2	200	.	50944302	66952576	16711680	2	706,624,	0,16007650,	chr17	61360113	61361506	61360713	74	47	13	0	7.03736589002801e-08	7.25232098772692e-05	7252.32098772692	3.49858828240902e-05	3498.58828240902	3753.73270531789	0	0
chr17	50944302	66952576	chr17:49021663..49022369-chr17:64948068..64948692,2	200	.	50944302	66952576	16711680	2	706,624,	0,16007650,	chr17	60030854	60031476	60031092	64	48	4	0	2.53266406429198e-05	6.27227761100706e-05	6272.27761100706	3.57302633097092e-05	3573.02633097092	2699.25128003615	0	0
chr17	58639337	61399697	chr17:56716698..56717561-chr17:59476173..59477058,3	300	.	58639337	61399697	16711680	2	863,885,	0,2759475,	chr17	61360113	61361506	61360713	74	47	13	0	7.03736589002801e-08	7.25232098772692e-05	7252.32098772692	3.49858828240902e-05	3498.58828240902	3753.73270531789	0	0
chr17	58639337	61399697	chr17:56716698..56717561-chr17:59476173..59477058,3	300	.	58639337	61399697	16711680	2	863,885,	0,2759475,	chr17	60030854	60031476	60031092	64	48	4	0	2.53266406429198e-05	6.27227761100706e-05	6272.27761100706	3.57302633097092e-05	3573.02633097092	2699.25128003615	0	0
chr17	58639367	74770381	chr17:56716728..56717836-chr17:72765636..72766520,4	400	.	58639367	74770381	16711680	2	1108,884,	0,16130130,	chr17	61360113	61361506	61360713	74	47	13	0	7.03736589002801e-08	7.25232098772692e-05	7252.32098772692	3.49858828240902e-05	3498.58828240902	3753.73270531789	0	0
chr17	58639367	74770381	chr17:56716728..56717836-chr17:72765636..72766520,4	400	.	58639367	74770381	16711680	2	1108,884,	0,16130130,	chr17	60030854	60031476	60031092	64	48	4	0	2.53266406429198e-05	6.27227761100706e-05	6272.27761100706	3.57302633097092e-05	3573.02633097092	2699.25128003615	0	0
chr17	58639388	60295342	chr17:56716749..56717302-chr17:58371716..58372703,2	200	.	58639388	60295342	16711680	2	553,987,	0,1654967,	chr17	60030854	60031476	60031092	64	48	4	0	2.53266406429198e-05	6.27227761100706e-05	6272.27761100706	3.57302633097092e-05	3573.02633097092	2699.25128003615	0	0
chr17	58639404	74761324	chr17:56716765..56717651-chr17:72756497..72757463,3	300	.	58639404	74761324	16711680	2	886,966,	0,16120954,	chr17	61360113	61361506	61360713	74	47	13	0	7.03736589002801e-08	7.25232098772692e-05	7252.32098772692	3.49858828240902e-05	3498.58828240902	3753.73270531789	0	0
chr17	58639404	74761324	chr17:56716765..56717651-chr17:72756497..72757463,3	300	.	58639404	74761324	16711680	2	886,966,	0,16120954,	chr17	60030854	60031476	60031092	64	48	4	0	2.53266406429198e-05	6.27227761100706e-05	6272.27761100706	3.57302633097092e-05	3573.02633097092	2699.25128003615	0	0
chr17	58639416	61723887	chr17:56716777..56717664-chr17:59800437..59801248,5	500	.	58639416	61723887	16711680	2	887,811,	0,3083660,	chr17	61360113	61361506	61360713	74	47	13	0	7.03736589002801e-08	7.25232098772692e-05	7252.32098772692	3.49858828240902e-05	3498.58828240902	3753.73270531789	0	0
chr17	58639416	61723887	chr17:56716777..56717664-chr17:59800437..59801248,5	500	.	58639416	61723887	16711680	2	887,811,	0,3083660,	chr17	60030854	60031476	60031092	64	48	4	0	2.53266406429198e-05	6.27227761100706e-05	6272.27761100706	3.57302633097092e-05	3573.02633097092	2699.25128003615	0	0
chr17	58639425	67555840	chr17:56716786..56717582-chr17:65551383..65551956,2	200	.	58639425	67555840	16711680	2	796,573,	0,8915842,	chr17	61360113	61361506	61360713	74	47	13	0	7.03736589002801e-08	7.25232098772692e-05	7252.32098772692	3.49858828240902e-05	3498.58828240902	3753.73270531789	0	0
chr17	58639425	67555840	chr17:56716786..56717582-chr17:65551383..65551956,2	200	.	58639425	67555840	16711680	2	796,573,	0,8915842,	chr17	60030854	60031476	60031092	64	48	4	0	2.53266406429198e-05	6.27227761100706e-05	6272.27761100706	3.57302633097092e-05	3573.02633097092	2699.25128003615	0	0
chr17	58639496	60345826	chr17:56716857..56717548-chr17:58422241..58423187,2	200	.	58639496	60345826	16711680	2	691,946,	0,1705384,	chr17	60030854	60031476	60031092	64	48	4	0	2.53266406429198e-05	6.27227761100706e-05	6272.27761100706	3.57302633097092e-05	3573.02633097092	2699.25128003615	0	0
chr17	58639707	83068190	chr17:56717068..56717611-chr17:81025144..81026066,2	200	.	58639707	83068190	16711680	2	543,922,	0,24427561,	chr17	61360113	61361506	61360713	74	47	13	0	7.03736589002801e-08	7.25232098772692e-05	7252.32098772692	3.49858828240902e-05	3498.58828240902	3753.73270531789	0	0
chr17	58639707	83068190	chr17:56717068..56717611-chr17:81025144..81026066,2	200	.	58639707	83068190	16711680	2	543,922,	0,24427561,	chr17	60030854	60031476	60031092	64	48	4	0	2.53266406429198e-05	6.27227761100706e-05	6272.27761100706	3.57302633097092e-05	3573.02633097092	2699.25128003615	0	0
chr19	35317095	40466727	chr19:35807998..35809046-chr19:40971871..40972634,3	300	.	35317095	40466727	16711680	2	1048,763,	0,5148869,	chr19	37331375	37332275	37331601	23	15	6	3.23012927516686e-09	0.000919768813022137	2.25409976645566e-05	2254.09976645566	1.11657072842841e-05	1116.57072842841	1137.52903802725	2.08729441785877e-05	0
chr2	113176458	120404852	chr2:113934035..113934641-chr2:121161484..121162428,2	200	.	113176458	120404852	16711680	2	606,944,	0,7227450,	chr2	113307870	113308474	113308090	23	3	5	4.36051195151776e-09	6.20520428606941e-06	2.25409976645566e-05	2254.09976645566	2.23314145685682e-06	223.314145685682	2030.78562076998	2.74190255427945e-05	0
chr2	162489066	162564434	chr2:163345576..163346473-chr2:163420361..163420944,2	200	.	162489066	162564434	16711680	2	897,583,	0,74785,	chr2	162555187	162555860	162555560	26	13	6	1.76778480742712e-10	9.98640238052406e-05	2.54811277947162e-05	2548.11277947162	9.67694631304624e-06	967.694631304624	1580.418148167	1.49971258624677e-06	0
chr2	163840132	163857127	chr2:164696642..164697325-chr2:164713055..164713637,2	200	.	163840132	163857127	16711680	2	683,582,	0,16413,	chr2	163856143	163857397	163857125	37	13	13	5.55111512312578e-16	1.9576862353432e-10	3.62616049386346e-05	3626.16049386346	9.67694631304624e-06	967.694631304624	2658.46586255883	1.248843826705e-11	0
chr2	231519166	231708397	chr2:232383877..232384820-chr2:232572359..232573107,2	200	.	231519166	231708397	16711680	2	943,748,	0,188483,	chr2	231576760	231577219	231576986	34	15	3	9.99200722162641e-16	7.91749602624403e-06	3.3321474808475e-05	3332.1474808475	1.11657072842841e-05	1116.57072842841	2215.57675241909	2.12216118803717e-11	0
chr20	32040436	36587874	chr20:30628239..30629118-chr20:35215360..35216277,3	300	.	32040436	36587874	16711680	2	879,917,	0,4546521,	chr20	35154592	35155060	35154827	23	8	5	4.75750783213158e-09	0.000160284301768066	2.25409976645566e-05	2254.09976645566	5.95504388495153e-06	595.504388495153	1658.59537796051	2.97306845105099e-05	0
chr20	32040436	36587874	chr20:30628239..30629118-chr20:35215360..35216277,3	300	.	32040436	36587874	16711680	2	879,917,	0,4546521,	chr20	36000069	36001217	36000979	24	8	8	2.8300880527965e-09	4.29770704177823e-05	2.35210410412765e-05	2352.10410412765	5.95504388495153e-06	595.504388495153	1756.5997156325	1.84357678857238e-05	0
chr20	32040656	50764407	chr20:30628459..30629130-chr20:49380377..49380944,2	200	.	32040656	50764407	16711680	2	671,567,	0,18723184,	chr20	35154592	35155060	35154827	23	8	5	4.75750783213158e-09	0.000160284301768066	2.25409976645566e-05	2254.09976645566	5.95504388495153e-06	595.504388495153	1658.59537796051	2.97306845105099e-05	0
chr20	32040656	50764407	chr20:30628459..30629130-chr20:49380377..49380944,2	200	.	32040656	50764407	16711680	2	671,567,	0,18723184,	chr20	36000069	36001217	36000979	24	8	8	2.8300880527965e-09	4.29770704177823e-05	2.35210410412765e-05	2352.10410412765	5.95504388495153e-06	595.504388495153	1756.5997156325	1.84357678857238e-05	0
chr20	32040656	50764407	chr20:30628459..30629130-chr20:49380377..49380944,2	200	.	32040656	50764407	16711680	2	671,567,	0,18723184,	chr20	47173853	47174980	47174645	35	20	5	3.38995498339045e-12	0.00064127152232718	3.43015181851949e-05	3430.15181851949	1.48876097123788e-05	1488.76097123788	1941.39084728161	4.2369108227345e-08	0
chr20	32040656	50764407	chr20:30628459..30629130-chr20:49380377..49380944,2	200	.	32040656	50764407	16711680	2	671,567,	0,18723184,	chr20	47598805	47600173	47599702	48	26	12	9.55414636294449e-11	3.34038593208241e-05	4.7042082082553e-05	4704.2082082553	1.93538926260925e-05	1935.38926260925	2768.81894564605	8.68774547710576e-07	0
chr20	44765394	50727608	chr20:43394035..43394712-chr20:49343636..49344145,2	200	.	44765394	50727608	16711680	2	677,509,	0,5961705,	chr20	47173853	47174980	47174645	35	20	5	3.38995498339045e-12	0.00064127152232718	3.43015181851949e-05	3430.15181851949	1.48876097123788e-05	1488.76097123788	1941.39084728161	4.2369108227345e-08	0
chr20	44765394	50727608	chr20:43394035..43394712-chr20:49343636..49344145,2	200	.	44765394	50727608	16711680	2	677,509,	0,5961705,	chr20	47598805	47600173	47599702	48	26	12	9.55414636294449e-11	3.34038593208241e-05	4.7042082082553e-05	4704.2082082553	1.93538926260925e-05	1935.38926260925	2768.81894564605	8.68774547710576e-07	0
chr20	47231548	50728068	chr20:45860293..45861141-chr20:49344055..49344605,3	300	.	47231548	50728068	16711680	2	848,550,	0,3495970,	chr20	47598805	47600173	47599702	48	26	12	9.55414636294449e-11	3.34038593208241e-05	4.7042082082553e-05	4704.2082082553	1.93538926260925e-05	1935.38926260925	2768.81894564605	8.68774547710576e-07	0
chr20	47344960	50764745	chr20:45973704..45974631-chr20:49380515..49381282,2	200	.	47344960	50764745	16711680	2	927,767,	0,3419018,	chr20	47598805	47600173	47599702	48	26	12	9.55414636294449e-11	3.34038593208241e-05	4.7042082082553e-05	4704.2082082553	1.93538926260925e-05	1935.38926260925	2768.81894564605	8.68774547710576e-07	0
chr20	47344966	50727991	chr20:45973710..45974638-chr20:49343585..49344528,5	500	.	47344966	50727991	16711680	2	928,943,	0,3382082,	chr20	47598805	47600173	47599702	48	26	12	9.55414636294449e-11	3.34038593208241e-05	4.7042082082553e-05	4704.2082082553	1.93538926260925e-05	1935.38926260925	2768.81894564605	8.68774547710576e-07	0
chr20	47344997	54149590	chr20:45973741..45974624-chr20:52765376..52766129,2	200	.	47344997	54149590	16711680	2	883,753,	0,6803840,	chr20	47598805	47600173	47599702	48	26	12	9.55414636294449e-11	3.34038593208241e-05	4.7042082082553e-05	4704.2082082553	1.93538926260925e-05	1935.38926260925	2768.81894564605	8.68774547710576e-07	0
chr20	47344997	54149590	chr20:45973741..45974624-chr20:52765376..52766129,2	200	.	47344997	54149590	16711680	2	883,753,	0,6803840,	chr20	51984622	51985760	51985314	66	46	14	0	0.000429150542182399	6.46828628635103e-05	6468.28628635103	3.42415023384713e-05	3424.15023384713	3044.1360525039	0	0
chr20	47344997	54149590	chr20:45973741..45974624-chr20:52765376..52766129,2	200	.	47344997	54149590	16711680	2	883,753,	0,6803840,	chr20	53800320	53801731	53801003	66	47	12	0	1.33446625316669e-05	6.46828628635103e-05	6468.28628635103	3.49858828240902e-05	3498.58828240902	2969.69800394201	0	0
chr20	47382321	50728017	chr20:46011065..46012101-chr20:49343601..49344554,10	1000	.	47382321	50728017	16711680	2	1036,953,	0,3344743,	chr20	47598805	47600173	47599702	48	26	12	9.55414636294449e-11	3.34038593208241e-05	4.7042082082553e-05	4704.2082082553	1.93538926260925e-05	1935.38926260925	2768.81894564605	8.68774547710576e-07	0
chr20	48075662	54195929	chr20:46704405..46705661-chr20:52811576..52812468,11	1000	.	48075662	54195929	16711680	2	1256,892,	0,6119375,	chr20	51984622	51985760	51985314	66	46	14	0	0.000429150542182399	6.46828628635103e-05	6468.28628635103	3.42415023384713e-05	3424.15023384713	3044.1360525039	0	0
chr20	48075662	54195929	chr20:46704405..46705661-chr20:52811576..52812468,11	1000	.	48075662	54195929	16711680	2	1256,892,	0,6119375,	chr20	53800320	53801731	53801003	66	47	12	0	1.33446625316669e-05	6.46828628635103e-05	6468.28628635103	3.49858828240902e-05	3498.58828240902	2969.69800394201	0	0
chr20	48075953	54149660	chr20:46704696..46705362-chr20:52765431..52766199,3	300	.	48075953	54149660	16711680	2	666,768,	0,6072939,	chr20	51984622	51985760	51985314	66	46	14	0	0.000429150542182399	6.46828628635103e-05	6468.28628635103	3.42415023384713e-05	3424.15023384713	3044.1360525039	0	0
chr20	48075953	54149660	chr20:46704696..46705362-chr20:52765431..52766199,3	300	.	48075953	54149660	16711680	2	666,768,	0,6072939,	chr20	53800320	53801731	53801003	66	47	12	0	1.33446625316669e-05	6.46828628635103e-05	6468.28628635103	3.49858828240902e-05	3498.58828240902	2969.69800394201	0	0
chr20	48075983	54124240	chr20:46704726..46705304-chr20:52739986..52740779,2	200	.	48075983	54124240	16711680	2	578,793,	0,6047464,	chr20	51984622	51985760	51985314	66	46	14	0	0.000429150542182399	6.46828628635103e-05	6468.28628635103	3.42415023384713e-05	3424.15023384713	3044.1360525039	0	0
chr20	48075983	54124240	chr20:46704726..46705304-chr20:52739986..52740779,2	200	.	48075983	54124240	16711680	2	578,793,	0,6047464,	chr20	53800320	53801731	53801003	66	47	12	0	1.33446625316669e-05	6.46828628635103e-05	6468.28628635103	3.49858828240902e-05	3498.58828240902	2969.69800394201	0	0
chr20	48571904	54124017	chr20:47188442..47188973-chr20:52739962..52740556,2	200	.	48571904	54124017	16711680	2	531,594,	0,5551519,	chr20	51984622	51985760	51985314	66	46	14	0	0.000429150542182399	6.46828628635103e-05	6468.28628635103	3.42415023384713e-05	3424.15023384713	3044.1360525039	0	0
chr20	48571904	54124017	chr20:47188442..47188973-chr20:52739962..52740556,2	200	.	48571904	54124017	16711680	2	531,594,	0,5551519,	chr20	53800320	53801731	53801003	66	47	12	0	1.33446625316669e-05	6.46828628635103e-05	6468.28628635103	3.49858828240902e-05	3498.58828240902	2969.69800394201	0	0
chr20	48571915	54149631	chr20:47188453..47188965-chr20:52765584..52766170,2	200	.	48571915	54149631	16711680	2	512,586,	0,5577130,	chr20	51984622	51985760	51985314	66	46	14	0	0.000429150542182399	6.46828628635103e-05	6468.28628635103	3.42415023384713e-05	3424.15023384713	3044.1360525039	0	0
chr20	48571915	54149631	chr20:47188453..47188965-chr20:52765584..52766170,2	200	.	48571915	54149631	16711680	2	512,586,	0,5577130,	chr20	53800320	53801731	53801003	66	47	12	0	1.33446625316669e-05	6.46828628635103e-05	6468.28628635103	3.49858828240902e-05	3498.58828240902	2969.69800394201	0	0
chr20	48572031	54195941	chr20:47188569..47189430-chr20:52811887..52812480,3	300	.	48572031	54195941	16711680	2	861,593,	0,5623317,	chr20	51984622	51985760	51985314	66	46	14	0	0.000429150542182399	6.46828628635103e-05	6468.28628635103	3.42415023384713e-05	3424.15023384713	3044.1360525039	0	0
chr20	48572031	54195941	chr20:47188569..47189430-chr20:52811887..52812480,3	300	.	48572031	54195941	16711680	2	861,593,	0,5623317,	chr20	53800320	53801731	53801003	66	47	12	0	1.33446625316669e-05	6.46828628635103e-05	6468.28628635103	3.49858828240902e-05	3498.58828240902	2969.69800394201	0	0
chr20	48864158	54124360	chr20:47480695..47481839-chr20:52739928..52740899,4	400	.	48864158	54124360	16711680	2	1144,971,	0,5259231,	chr20	51984622	51985760	51985314	66	46	14	0	0.000429150542182399	6.46828628635103e-05	6468.28628635103	3.42415023384713e-05	3424.15023384713	3044.1360525039	0	0
chr20	48864158	54124360	chr20:47480695..47481839-chr20:52739928..52740899,4	400	.	48864158	54124360	16711680	2	1144,971,	0,5259231,	chr20	53800320	53801731	53801003	66	47	12	0	1.33446625316669e-05	6.46828628635103e-05	6468.28628635103	3.49858828240902e-05	3498.58828240902	2969.69800394201	0	0
chr20	48864488	54149669	chr20:47481025..47481946-chr20:52765386..52766208,6	600	.	48864488	54149669	16711680	2	921,822,	0,5284359,	chr20	51984622	51985760	51985314	66	46	14	0	0.000429150542182399	6.46828628635103e-05	6468.28628635103	3.42415023384713e-05	3424.15023384713	3044.1360525039	0	0
chr20	48864488	54149669	chr20:47481025..47481946-chr20:52765386..52766208,6	600	.	48864488	54149669	16711680	2	921,822,	0,5284359,	chr20	53800320	53801731	53801003	66	47	12	0	1.33446625316669e-05	6.46828628635103e-05	6468.28628635103	3.49858828240902e-05	3498.58828240902	2969.69800394201	0	0
chr20	50656835	63666015	chr20:49273372..49273971-chr20:62296826..62297368,2	200	.	50656835	63666015	16711680	2	599,542,	0,13008638,	chr20	51984622	51985760	51985314	66	46	14	0	0.000429150542182399	6.46828628635103e-05	6468.28628635103	3.42415023384713e-05	3424.15023384713	3044.1360525039	0	0
chr20	50656835	63666015	chr20:49273372..49273971-chr20:62296826..62297368,2	200	.	50656835	63666015	16711680	2	599,542,	0,13008638,	chr20	53800320	53801731	53801003	66	47	12	0	1.33446625316669e-05	6.46828628635103e-05	6468.28628635103	3.49858828240902e-05	3498.58828240902	2969.69800394201	0	0
chr20	50656835	63666015	chr20:49273372..49273971-chr20:62296826..62297368,2	200	.	50656835	63666015	16711680	2	599,542,	0,13008638,	chr20	57710573	57711143	57710829	27	7	8	4.87521167880089e-09	7.26935535200202e-06	2.6461171171436e-05	2646.1171171436	5.21066339933259e-06	521.066339933259	2125.05077721035	3.02793315817923e-05	0
chr20	50656835	63666015	chr20:49273372..49273971-chr20:62296826..62297368,2	200	.	50656835	63666015	16711680	2	599,542,	0,13008638,	chr20	58111855	58112575	58112102	25	9	6	2.35024844030818e-09	0.00026380920384006	2.45010844179963e-05	2450.10844179963	6.69942437057047e-06	669.942437057047	1780.16600474259	1.55511586983266e-05	0
chr20	50678080	63864442	chr20:49294617..49295196-chr20:62495119..62495795,2	200	.	50678080	63864442	16711680	2	579,676,	0,13185686,	chr20	51984622	51985760	51985314	66	46	14	0	0.000429150542182399	6.46828628635103e-05	6468.28628635103	3.42415023384713e-05	3424.15023384713	3044.1360525039	0	0
chr20	50678080	63864442	chr20:49294617..49295196-chr20:62495119..62495795,2	200	.	50678080	63864442	16711680	2	579,676,	0,13185686,	chr20	53800320	53801731	53801003	66	47	12	0	1.33446625316669e-05	6.46828628635103e-05	6468.28628635103	3.49858828240902e-05	3498.58828240902	2969.69800394201	0	0
chr20	50678080	63864442	chr20:49294617..49295196-chr20:62495119..62495795,2	200	.	50678080	63864442	16711680	2	579,676,	0,13185686,	chr20	57710573	57711143	57710829	27	7	8	4.87521167880089e-09	7.26935535200202e-06	2.6461171171436e-05	2646.1171171436	5.21066339933259e-06	521.066339933259	2125.05077721035	3.02793315817923e-05	0
chr20	50678080	63864442	chr20:49294617..49295196-chr20:62495119..62495795,2	200	.	50678080	63864442	16711680	2	579,676,	0,13185686,	chr20	58111855	58112575	58112102	25	9	6	2.35024844030818e-09	0.00026380920384006	2.45010844179963e-05	2450.10844179963	6.69942437057047e-06	669.942437057047	1780.16600474259	1.55511586983266e-05	0
chr20	50727011	53608940	chr20:49343548..49344653-chr20:52224557..52225479,4	400	.	50727011	53608940	16711680	2	1105,922,	0,2881007,	chr20	51984622	51985760	51985314	66	46	14	0	0.000429150542182399	6.46828628635103e-05	6468.28628635103	3.42415023384713e-05	3424.15023384713	3044.1360525039	0	0
chr20	50727036	54127706	chr20:49343573..49344377-chr20:52743412..52744245,3	300	.	50727036	54127706	16711680	2	804,833,	0,3399837,	chr20	51984622	51985760	51985314	66	46	14	0	0.000429150542182399	6.46828628635103e-05	6468.28628635103	3.42415023384713e-05	3424.15023384713	3044.1360525039	0	0
chr20	50727036	54127706	chr20:49343573..49344377-chr20:52743412..52744245,3	300	.	50727036	54127706	16711680	2	804,833,	0,3399837,	chr20	53800320	53801731	53801003	66	47	12	0	1.33446625316669e-05	6.46828628635103e-05	6468.28628635103	3.49858828240902e-05	3498.58828240902	2969.69800394201	0	0
chr20	50727073	54124300	chr20:49343610..49344768-chr20:52739740..52740839,12	1000	.	50727073	54124300	16711680	2	1158,1099,	0,3396128,	chr20	51984622	51985760	51985314	66	46	14	0	0.000429150542182399	6.46828628635103e-05	6468.28628635103	3.42415023384713e-05	3424.15023384713	3044.1360525039	0	0
chr20	50727073	54124300	chr20:49343610..49344768-chr20:52739740..52740839,12	1000	.	50727073	54124300	16711680	2	1158,1099,	0,3396128,	chr20	53800320	53801731	53801003	66	47	12	0	1.33446625316669e-05	6.46828628635103e-05	6468.28628635103	3.49858828240902e-05	3498.58828240902	2969.69800394201	0	0
chr20	50727090	54195928	chr20:49343627..49344448-chr20:52811576..52812467,8	800	.	50727090	54195928	16711680	2	821,891,	0,3467947,	chr20	51984622	51985760	51985314	66	46	14	0	0.000429150542182399	6.46828628635103e-05	6468.28628635103	3.42415023384713e-05	3424.15023384713	3044.1360525039	0	0
chr20	50727090	54195928	chr20:49343627..49344448-chr20:52811576..52812467,8	800	.	50727090	54195928	16711680	2	821,891,	0,3467947,	chr20	53800320	53801731	53801003	66	47	12	0	1.33446625316669e-05	6.46828628635103e-05	6468.28628635103	3.49858828240902e-05	3498.58828240902	2969.69800394201	0	0
chr20	50727091	63864384	chr20:49343628..49344471-chr20:62495132..62495737,3	300	.	50727091	63864384	16711680	2	843,605,	0,13136688,	chr20	51984622	51985760	51985314	66	46	14	0	0.000429150542182399	6.46828628635103e-05	6468.28628635103	3.42415023384713e-05	3424.15023384713	3044.1360525039	0	0
chr20	50727091	63864384	chr20:49343628..49344471-chr20:62495132..62495737,3	300	.	50727091	63864384	16711680	2	843,605,	0,13136688,	chr20	53800320	53801731	53801003	66	47	12	0	1.33446625316669e-05	6.46828628635103e-05	6468.28628635103	3.49858828240902e-05	3498.58828240902	2969.69800394201	0	0
chr20	50727091	63864384	chr20:49343628..49344471-chr20:62495132..62495737,3	300	.	50727091	63864384	16711680	2	843,605,	0,13136688,	chr20	57710573	57711143	57710829	27	7	8	4.87521167880089e-09	7.26935535200202e-06	2.6461171171436e-05	2646.1171171436	5.21066339933259e-06	521.066339933259	2125.05077721035	3.02793315817923e-05	0
chr20	50727091	63864384	chr20:49343628..49344471-chr20:62495132..62495737,3	300	.	50727091	63864384	16711680	2	843,605,	0,13136688,	chr20	58111855	58112575	58112102	25	9	6	2.35024844030818e-09	0.00026380920384006	2.45010844179963e-05	2450.10844179963	6.69942437057047e-06	669.942437057047	1780.16600474259	1.55511586983266e-05	0
chr20	50727102	57263124	chr20:49343639..49344493-chr20:55837411..55838180,2	200	.	50727102	57263124	16711680	2	854,769,	0,6535253,	chr20	51984622	51985760	51985314	66	46	14	0	0.000429150542182399	6.46828628635103e-05	6468.28628635103	3.42415023384713e-05	3424.15023384713	3044.1360525039	0	0
chr20	50727102	57263124	chr20:49343639..49344493-chr20:55837411..55838180,2	200	.	50727102	57263124	16711680	2	854,769,	0,6535253,	chr20	53800320	53801731	53801003	66	47	12	0	1.33446625316669e-05	6.46828628635103e-05	6468.28628635103	3.49858828240902e-05	3498.58828240902	2969.69800394201	0	0
chr20	50727106	54149736	chr20:49343643..49344527-chr20:52765356..52766275,9	900	.	50727106	54149736	16711680	2	884,919,	0,3421711,	chr20	51984622	51985760	51985314	66	46	14	0	0.000429150542182399	6.46828628635103e-05	6468.28628635103	3.42415023384713e-05	3424.15023384713	3044.1360525039	0	0
chr20	50727106	54149736	chr20:49343643..49344527-chr20:52765356..52766275,9	900	.	50727106	54149736	16711680	2	884,919,	0,3421711,	chr20	53800320	53801731	53801003	66	47	12	0	1.33446625316669e-05	6.46828628635103e-05	6468.28628635103	3.49858828240902e-05	3498.58828240902	2969.69800394201	0	0
chr20	50727458	53662319	chr20:49343995..49344510-chr20:52278099..52278858,2	200	.	50727458	53662319	16711680	2	515,759,	0,2934102,	chr20	51984622	51985760	51985314	66	46	14	0	0.000429150542182399	6.46828628635103e-05	6468.28628635103	3.42415023384713e-05	3424.15023384713	3044.1360525039	0	0
chr20	50763776	54149750	chr20:49380313..49381331-chr20:52765364..52766289,7	700	.	50763776	54149750	16711680	2	1018,925,	0,3385049,	chr20	51984622	51985760	51985314	66	46	14	0	0.000429150542182399	6.46828628635103e-05	6468.28628635103	3.42415023384713e-05	3424.15023384713	3044.1360525039	0	0
chr20	50763776	54149750	chr20:49380313..49381331-chr20:52765364..52766289,7	700	.	50763776	54149750	16711680	2	1018,925,	0,3385049,	chr20	53800320	53801731	53801003	66	47	12	0	1.33446625316669e-05	6.46828628635103e-05	6468.28628635103	3.49858828240902e-05	3498.58828240902	2969.69800394201	0	0
chr20	50763971	54124518	chr20:49380508..49381298-chr20:52739964..52741057,3	300	.	50763971	54124518	16711680	2	790,1093,	0,3359454,	chr20	51984622	51985760	51985314	66	46	14	0	0.000429150542182399	6.46828628635103e-05	6468.28628635103	3.42415023384713e-05	3424.15023384713	3044.1360525039	0	0
chr20	50763971	54124518	chr20:49380508..49381298-chr20:52739964..52741057,3	300	.	50763971	54124518	16711680	2	790,1093,	0,3359454,	chr20	53800320	53801731	53801003	66	47	12	0	1.33446625316669e-05	6.46828628635103e-05	6468.28628635103	3.49858828240902e-05	3498.58828240902	2969.69800394201	0	0
chr20	50764210	54195906	chr20:49380747..49381254-chr20:52811935..52812445,2	200	.	50764210	54195906	16711680	2	507,510,	0,3431186,	chr20	51984622	51985760	51985314	66	46	14	0	0.000429150542182399	6.46828628635103e-05	6468.28628635103	3.42415023384713e-05	3424.15023384713	3044.1360525039	0	0
chr20	50764210	54195906	chr20:49380747..49381254-chr20:52811935..52812445,2	200	.	50764210	54195906	16711680	2	507,510,	0,3431186,	chr20	53800320	53801731	53801003	66	47	12	0	1.33446625316669e-05	6.46828628635103e-05	6468.28628635103	3.49858828240902e-05	3498.58828240902	2969.69800394201	0	0
chr20	51387432	53429318	chr20:50003969..50004658-chr20:52045062..52045857,2	200	.	51387432	53429318	16711680	2	689,795,	0,2041091,	chr20	51984622	51985760	51985314	66	46	14	0	0.000429150542182399	6.46828628635103e-05	6468.28628635103	3.42415023384713e-05	3424.15023384713	3044.1360525039	0	0
chr20	53607971	54124322	chr20:52224510..52225382-chr20:52740058..52740861,3	300	.	53607971	54124322	16711680	2	872,803,	0,515548,	chr20	53800320	53801731	53801003	66	47	12	0	1.33446625316669e-05	6.46828628635103e-05	6468.28628635103	3.49858828240902e-05	3498.58828240902	2969.69800394201	0	0
chr20	53607993	54149627	chr20:52224532..52225329-chr20:52765348..52766166,4	400	.	53607993	54149627	16711680	2	797,818,	0,540816,	chr20	53800320	53801731	53801003	66	47	12	0	1.33446625316669e-05	6.46828628635103e-05	6468.28628635103	3.49858828240902e-05	3498.58828240902	2969.69800394201	0	0
chr20	53608039	54195876	chr20:52224578..52225376-chr20:52811636..52812415,3	300	.	53608039	54195876	16711680	2	798,779,	0,587058,	chr20	53800320	53801731	53801003	66	47	12	0	1.33446625316669e-05	6.46828628635103e-05	6468.28628635103	3.49858828240902e-05	3498.58828240902	2969.69800394201	0	0
chr20	53660808	54149739	chr20:52277347..52278945-chr20:52765329..52766278,10	1000	.	53660808	54149739	16711680	2	1598,949,	0,487982,	chr20	53800320	53801731	53801003	66	47	12	0	1.33446625316669e-05	6.46828628635103e-05	6468.28628635103	3.49858828240902e-05	3498.58828240902	2969.69800394201	0	0
chr20	53661489	54195963	chr20:52278028..52278954-chr20:52811294..52812502,10	1000	.	53661489	54195963	16711680	2	926,1208,	0,533266,	chr20	53800320	53801731	53801003	66	47	12	0	1.33446625316669e-05	6.46828628635103e-05	6468.28628635103	3.49858828240902e-05	3498.58828240902	2969.69800394201	0	0
chr20	53661511	54124310	chr20:52278050..52278914-chr20:52739934..52740849,4	400	.	53661511	54124310	16711680	2	864,915,	0,461884,	chr20	53800320	53801731	53801003	66	47	12	0	1.33446625316669e-05	6.46828628635103e-05	6468.28628635103	3.49858828240902e-05	3498.58828240902	2969.69800394201	0	0
chr20	53661522	53983567	chr20:52278061..52278601-chr20:52599248..52600106,2	200	.	53661522	53983567	16711680	2	540,858,	0,321187,	chr20	53800320	53801731	53801003	66	47	12	0	1.33446625316669e-05	6.46828628635103e-05	6468.28628635103	3.49858828240902e-05	3498.58828240902	2969.69800394201	0	0
chr20	53661529	57264083	chr20:52278068..52279052-chr20:55837939..55839139,4	400	.	53661529	57264083	16711680	2	984,1200,	0,3601354,	chr20	53800320	53801731	53801003	66	47	12	0	1.33446625316669e-05	6.46828628635103e-05	6468.28628635103	3.49858828240902e-05	3498.58828240902	2969.69800394201	0	0
chr20	53661844	53866878	chr20:52278383..52278965-chr20:52482508..52483417,2	200	.	53661844	53866878	16711680	2	582,909,	0,204125,	chr20	53800320	53801731	53801003	66	47	12	0	1.33446625316669e-05	6.46828628635103e-05	6468.28628635103	3.49858828240902e-05	3498.58828240902	2969.69800394201	0	0
chr20	53724848	57263619	chr20:52341387..52341931-chr20:55838149..55838675,2	200	.	53724848	57263619	16711680	2	544,526,	0,3538245,	chr20	53800320	53801731	53801003	66	47	12	0	1.33446625316669e-05	6.46828628635103e-05	6468.28628635103	3.49858828240902e-05	3498.58828240902	2969.69800394201	0	0
chr20	53724928	54195800	chr20:52341467..52342256-chr20:52811552..52812339,2	200	.	53724928	54195800	16711680	2	789,787,	0,470085,	chr20	53800320	53801731	53801003	66	47	12	0	1.33446625316669e-05	6.46828628635103e-05	6468.28628635103	3.49858828240902e-05	3498.58828240902	2969.69800394201	0	0
chr20	57693409	58055539	chr20:56268465..56269557-chr20:56629680..56630595,5	500	.	57693409	58055539	16711680	2	1092,915,	0,361215,	chr20	57710573	57711143	57710829	27	7	8	4.87521167880089e-09	7.26935535200202e-06	2.6461171171436e-05	2646.1171171436	5.21066339933259e-06	521.066339933259	2125.05077721035	3.02793315817923e-05	0
chr20	57693653	58009482	chr20:56268709..56269582-chr20:56583656..56584538,3	300	.	57693653	58009482	16711680	2	873,882,	0,314947,	chr20	57710573	57711143	57710829	27	7	8	4.87521167880089e-09	7.26935535200202e-06	2.6461171171436e-05	2646.1171171436	5.21066339933259e-06	521.066339933259	2125.05077721035	3.02793315817923e-05	0
chr21	14863062	15587436	chr21:16235383..16236247-chr21:16959008..16959755,5	500	.	14863062	15587436	16711680	2	864,747,	0,723627,	chr21	15164451	15165523	15164756	24	14	8	6.81495992971293e-09	0.00091687497665538	2.35210410412765e-05	2352.10410412765	1.04213267986652e-05	1042.13267986652	1309.97142426113	4.13956749436197e-05	0
chr21	14863185	15210643	chr21:16235506..16236268-chr21:16582287..16582963,3	300	.	14863185	15210643	16711680	2	762,676,	0,346782,	chr21	15164451	15165523	15164756	24	14	8	6.81495992971293e-09	0.00091687497665538	2.35210410412765e-05	2352.10410412765	1.04213267986652e-05	1042.13267986652	1309.97142426113	4.13956749436197e-05	0
chr21	14863242	15173629	chr21:16235563..16236288-chr21:16545399..16545949,2	200	.	14863242	15173629	16711680	2	725,550,	0,309837,	chr21	15164451	15165523	15164756	24	14	8	6.81495992971293e-09	0.00091687497665538	2.35210410412765e-05	2352.10410412765	1.04213267986652e-05	1042.13267986652	1309.97142426113	4.13956749436197e-05	0
chr21	15003030	15200314	chr21:16375351..16376357-chr21:16571993..16572634,4	400	.	15003030	15200314	16711680	2	1006,641,	0,196643,	chr21	15164451	15165523	15164756	24	14	8	6.81495992971293e-09	0.00091687497665538	2.35210410412765e-05	2352.10410412765	1.04213267986652e-05	1042.13267986652	1309.97142426113	4.13956749436197e-05	0
chr21	15003092	15342988	chr21:16375413..16376190-chr21:16714500..16715307,2	200	.	15003092	15342988	16711680	2	777,807,	0,339089,	chr21	15164451	15165523	15164756	24	14	8	6.81495992971293e-09	0.00091687497665538	2.35210410412765e-05	2352.10410412765	1.04213267986652e-05	1042.13267986652	1309.97142426113	4.13956749436197e-05	0
chr21	15003112	15210922	chr21:16375433..16376422-chr21:16582096..16583242,10	1000	.	15003112	15210922	16711680	2	989,1146,	0,206664,	chr21	15164451	15165523	15164756	24	14	8	6.81495992971293e-09	0.00091687497665538	2.35210410412765e-05	2352.10410412765	1.04213267986652e-05	1042.13267986652	1309.97142426113	4.13956749436197e-05	0
chr21	15003119	15173648	chr21:16375440..16376325-chr21:16545085..16545968,7	700	.	15003119	15173648	16711680	2	885,883,	0,169646,	chr21	15164451	15165523	15164756	24	14	8	6.81495992971293e-09	0.00091687497665538	2.35210410412765e-05	2352.10410412765	1.04213267986652e-05	1042.13267986652	1309.97142426113	4.13956749436197e-05	0
chr21	15003480	15444731	chr21:16375801..16376301-chr21:16816249..16817050,2	200	.	15003480	15444731	16711680	2	500,801,	0,440450,	chr21	15164451	15165523	15164756	24	14	8	6.81495992971293e-09	0.00091687497665538	2.35210410412765e-05	2352.10410412765	1.04213267986652e-05	1042.13267986652	1309.97142426113	4.13956749436197e-05	0
chr21	15004988	15210962	chr21:16377309..16378284-chr21:16582106..16583282,23	1000	.	15004988	15210962	16711680	2	975,1176,	0,204798,	chr21	15164451	15165523	15164756	24	14	8	6.81495992971293e-09	0.00091687497665538	2.35210410412765e-05	2352.10410412765	1.04213267986652e-05	1042.13267986652	1309.97142426113	4.13956749436197e-05	0
chr21	15005031	15204375	chr21:16377352..16378335-chr21:16575784..16576695,5	500	.	15005031	15204375	16711680	2	983,911,	0,198433,	chr21	15164451	15165523	15164756	24	14	8	6.81495992971293e-09	0.00091687497665538	2.35210410412765e-05	2352.10410412765	1.04213267986652e-05	1042.13267986652	1309.97142426113	4.13956749436197e-05	0
chr21	15005039	15208301	chr21:16377360..16378259-chr21:16579926..16580621,2	200	.	15005039	15208301	16711680	2	899,695,	0,202567,	chr21	15164451	15165523	15164756	24	14	8	6.81495992971293e-09	0.00091687497665538	2.35210410412765e-05	2352.10410412765	1.04213267986652e-05	1042.13267986652	1309.97142426113	4.13956749436197e-05	0
chr21	15005080	15343123	chr21:16377401..16378315-chr21:16714678..16715442,3	300	.	15005080	15343123	16711680	2	914,764,	0,337279,	chr21	15164451	15165523	15164756	24	14	8	6.81495992971293e-09	0.00091687497665538	2.35210410412765e-05	2352.10410412765	1.04213267986652e-05	1042.13267986652	1309.97142426113	4.13956749436197e-05	0
chr21	15005093	15587534	chr21:16377414..16378299-chr21:16958983..16959853,8	800	.	15005093	15587534	16711680	2	885,870,	0,581571,	chr21	15164451	15165523	15164756	24	14	8	6.81495992971293e-09	0.00091687497665538	2.35210410412765e-05	2352.10410412765	1.04213267986652e-05	1042.13267986652	1309.97142426113	4.13956749436197e-05	0
chr21	15005100	15173833	chr21:16377421..16378235-chr21:16545003..16546153,5	500	.	15005100	15173833	16711680	2	814,1150,	0,167583,	chr21	15164451	15165523	15164756	24	14	8	6.81495992971293e-09	0.00091687497665538	2.35210410412765e-05	2352.10410412765	1.04213267986652e-05	1042.13267986652	1309.97142426113	4.13956749436197e-05	0
chr21	15005159	15200448	chr21:16377480..16378305-chr21:16571594..16572768,5	500	.	15005159	15200448	16711680	2	825,1174,	0,194115,	chr21	15164451	15165523	15164756	24	14	8	6.81495992971293e-09	0.00091687497665538	2.35210410412765e-05	2352.10410412765	1.04213267986652e-05	1042.13267986652	1309.97142426113	4.13956749436197e-05	0
chr21	15065104	15173348	chr21:16437425..16437973-chr21:16545153..16545668,2	200	.	15065104	15173348	16711680	2	548,515,	0,107729,	chr21	15164451	15165523	15164756	24	14	8	6.81495992971293e-09	0.00091687497665538	2.35210410412765e-05	2352.10410412765	1.04213267986652e-05	1042.13267986652	1309.97142426113	4.13956749436197e-05	0
chr21	15132428	15211036	chr21:16504749..16505697-chr21:16582211..16583356,7	700	.	15132428	15211036	16711680	2	948,1145,	0,77463,	chr21	15164451	15165523	15164756	24	14	8	6.81495992971293e-09	0.00091687497665538	2.35210410412765e-05	2352.10410412765	1.04213267986652e-05	1042.13267986652	1309.97142426113	4.13956749436197e-05	0
chr21	15132483	15173966	chr21:16504804..16505761-chr21:16545069..16546286,8	800	.	15132483	15173966	16711680	2	957,1217,	0,40266,	chr21	15164451	15165523	15164756	24	14	8	6.81495992971293e-09	0.00091687497665538	2.35210410412765e-05	2352.10410412765	1.04213267986652e-05	1042.13267986652	1309.97142426113	4.13956749436197e-05	0
chr21	15132490	15343099	chr21:16504811..16505431-chr21:16714538..16715418,2	200	.	15132490	15343099	16711680	2	620,880,	0,209729,	chr21	15164451	15165523	15164756	24	14	8	6.81495992971293e-09	0.00091687497665538	2.35210410412765e-05	2352.10410412765	1.04213267986652e-05	1042.13267986652	1309.97142426113	4.13956749436197e-05	0
chr21	15132548	15587426	chr21:16504869..16505637-chr21:16958997..16959745,3	300	.	15132548	15587426	16711680	2	768,748,	0,454130,	chr21	15164451	15165523	15164756	24	14	8	6.81495992971293e-09	0.00091687497665538	2.35210410412765e-05	2352.10410412765	1.04213267986652e-05	1042.13267986652	1309.97142426113	4.13956749436197e-05	0
chr22	20916831	28814068	chr22:21271119..21271671-chr22:29209503..29210056,2	200	.	20916831	28814068	16711680	2	552,553,	0,7896684,	chr22	24210983	24211879	24211641	27	5	7	6.21455109595104e-11	9.03116084111089e-05	2.6461171171436e-05	2646.1171171436	3.72190242809471e-06	372.190242809471	2273.92687433413	5.89822656107269e-07	0
chr22	24206830	24352663	chr22:24602798..24603440-chr22:24748086..24748631,2	200	.	24206830	24352663	16711680	2	642,545,	0,145288,	chr22	24210983	24211879	24211641	27	5	7	6.21455109595104e-11	9.03116084111089e-05	2.6461171171436e-05	2646.1171171436	3.72190242809471e-06	372.190242809471	2273.92687433413	5.89822656107269e-07	0
chr3	150237678	150737801	chr3:149955465..149956733-chr3:150454752..150455588,5	500	.	150237678	150737801	16711680	2	1268,836,	0,499287,	chr3	150253104	150254315	150253828.5	26	4	14	4.9069157626036e-09	5.35258318778986e-08	2.54811277947162e-05	2548.11277947162	2.97752194247576e-06	297.752194247576	2250.36058522404	3.04140452797697e-05	0
chr3	150238230	150317975	chr3:149956017..149956661-chr3:150035058..150035762,2	200	.	150238230	150317975	16711680	2	644,704,	0,79041,	chr3	150253104	150254315	150253828.5	26	4	14	4.9069157626036e-09	5.35258318778986e-08	2.54811277947162e-05	2548.11277947162	2.97752194247576e-06	297.752194247576	2250.36058522404	3.04140452797697e-05	0
chr3	150737007	161340155	chr3:150454794..150455301-chr3:161057325..161057943,2	200	.	150737007	161340155	16711680	2	507,618,	0,10602530,	chr3	153138268	153139413	153139128	39	18	6	0	1.05429356852538e-05	3.82216916920743e-05	3822.16916920743	1.33988487411409e-05	1339.88487411409	2482.28429509334	0	0
chr3	150737026	156813086	chr3:150454813..150455567-chr3:156530003..156530875,3	300	.	150737026	156813086	16711680	2	754,872,	0,6075188,	chr3	153138268	153139413	153139128	39	18	6	0	1.05429356852538e-05	3.82216916920743e-05	3822.16916920743	1.33988487411409e-05	1339.88487411409	2482.28429509334	0	0
chr3	150737090	154219393	chr3:150454877..150455683-chr3:153936263..153937182,5	500	.	150737090	154219393	16711680	2	806,919,	0,3481384,	chr3	153138268	153139413	153139128	39	18	6	0	1.05429356852538e-05	3.82216916920743e-05	3822.16916920743	1.33988487411409e-05	1339.88487411409	2482.28429509334	0	0
chr3	184597566	193880604	chr3:184315354..184315903-chr3:193597521..193598393,2	200	.	184597566	193880604	16711680	2	549,872,	0,9282166,	chr3	185562643	185563529	185563300	27	9	6	4.29765112386349e-11	9.0979152048698e-06	2.6461171171436e-05	2646.1171171436	6.69942437057047e-06	669.942437057047	1976.17468008656	4.21047535032453e-07	0
chr5	67235783	68240113	chr5:66531611..66532134-chr5:67535183..67535941,2	200	.	67235783	68240113	16711680	2	523,758,	0,1003572,	chr5	67248830	67249620	67249170	29	10	6	4.39814851205256e-12	1.35248546806466e-07	2.84212579248758e-05	2842.12579248758	7.44380485618941e-06	744.380485618941	2097.74530686863	5.25431205507706e-08	0
chr5	133249216	139709828	chr5:132584908..132585796-chr5:139088618..139089413,2	200	.	133249216	139709828	16711680	2	888,795,	0,6459817,	chr5	137890098	137891347	137891124	36	9	12	3.33066907387547e-16	2.93831946551748e-08	3.52815615619147e-05	3528.15615619147	6.69942437057047e-06	669.942437057047	2858.21371913443	7.66335984568979e-12	0
chr5	137808588	137889406	chr5:137144277..137144863-chr5:137224146..137225095,3	300	.	137808588	137889406	16711680	2	586,949,	0,79869,	chr5	137890098	137891347	137891124	36	9	12	3.33066907387547e-16	2.93831946551748e-08	3.52815615619147e-05	3528.15615619147	6.69942437057047e-06	669.942437057047	2858.21371913443	7.66335984568979e-12	0
chr5	137850039	137889348	chr5:137185728..137186695-chr5:137224122..137225037,5	500	.	137850039	137889348	16711680	2	967,915,	0,38394,	chr5	137890098	137891347	137891124	36	9	12	3.33066907387547e-16	2.93831946551748e-08	3.52815615619147e-05	3528.15615619147	6.69942437057047e-06	669.942437057047	2858.21371913443	7.66335984568979e-12	0
chr6	6703509	17473843	chr6:6703742..6704568-chr6:17473445..17474074,2	200	.	6703509	17473843	16711680	2	826,629,	0,10769705,	chr6	16768951	16770117	16769322	33	11	11	8.93729534823251e-14	2.35953915417308e-06	3.23414314317552e-05	3234.14314317552	8.18818534180835e-06	818.818534180835	2415.32460899468	1.44380960496985e-09	0
chr6	43804642	44238521	chr6:43772379..43773030-chr6:44205542..44206258,2	200	.	43804642	44238521	16711680	2	651,716,	0,433163,	chr6	44203826	44205041	44204296	27	8	7	7.33155758325665e-11	0.00024766868077486	2.6461171171436e-05	2646.1171171436	5.95504388495153e-06	595.504388495153	2050.61272864845	6.78866021467844e-07	0
chr6	44110069	44238675	chr6:44077806..44078726-chr6:44204971..44206412,5	500	.	44110069	44238675	16711680	2	920,1441,	0,127165,	chr6	44203826	44205041	44204296	27	8	7	7.33155758325665e-11	0.00024766868077486	2.6461171171436e-05	2646.1171171436	5.95504388495153e-06	595.504388495153	2050.61272864845	6.78866021467844e-07	0
chr6	111592369	112019642	chr6:111913572..111914485-chr6:112340044..112340845,2	200	.	111592369	112019642	16711680	2	913,801,	0,426472,	chr6	111600103	111601219	111600805	38	17	15	1.11022302462516e-16	2.09626499458881e-06	3.72416483153544e-05	3724.16483153544	1.2654468255522e-05	1265.4468255522	2458.71800598324	2.67609391436786e-12	0
chr6	122609566	122697457	chr6:122930711..122931521-chr6:123017914..123018602,3	300	.	122609566	122697457	16711680	2	810,688,	0,87203,	chr6	122651839	122653385	122652793	53	28	13	0	6.83580303473263e-09	5.19422989661522e-05	5194.22989661522	2.08426535973304e-05	2084.26535973304	3109.96453688219	0	0
chr6	122620598	122697603	chr6:122941743..122942301-chr6:123018040..123018748,2	200	.	122620598	122697603	16711680	2	558,708,	0,76297,	chr6	122651839	122653385	122652793	53	28	13	0	6.83580303473263e-09	5.19422989661522e-05	5194.22989661522	2.08426535973304e-05	2084.26535973304	3109.96453688219	0	0
chr6	122622833	122697525	chr6:122943978..122944513-chr6:123017874..123018670,2	200	.	122622833	122697525	16711680	2	535,796,	0,73896,	chr6	122651839	122653385	122652793	53	28	13	0	6.83580303473263e-09	5.19422989661522e-05	5194.22989661522	2.08426535973304e-05	2084.26535973304	3109.96453688219	0	0
chr7	151694484	151857243	chr7:151391570..151392561-chr7:151553318..151554328,19	1000	.	151694484	151857243	16711680	2	991,1010,	0,161749,	chr7	151736088	151736965	151736406	24	9	6	2.24791518732559e-09	0.000552674893700256	2.35210410412765e-05	2352.10410412765	6.69942437057047e-06	669.942437057047	1682.1616670706	1.50047992920877e-05	0
chr7	151694493	151736681	chr7:151391579..151392465-chr7:151433160..151433767,2	200	.	151694493	151736681	16711680	2	886,607,	0,41581,	chr7	151736088	151736965	151736406	24	9	6	2.24791518732559e-09	0.000552674893700256	2.35210410412765e-05	2352.10410412765	6.69942437057047e-06	669.942437057047	1682.1616670706	1.50047992920877e-05	0
chr7	151708873	151857172	chr7:151405959..151407061-chr7:151553440..151554257,3	300	.	151708873	151857172	16711680	2	1102,817,	0,147482,	chr7	151736088	151736965	151736406	24	9	6	2.24791518732559e-09	0.000552674893700256	2.35210410412765e-05	2352.10410412765	6.69942437057047e-06	669.942437057047	1682.1616670706	1.50047992920877e-05	0
chr7	151721270	151857216	chr7:151418356..151419311-chr7:151553722..151554301,2	200	.	151721270	151857216	16711680	2	955,579,	0,135367,	chr7	151736088	151736965	151736406	24	9	6	2.24791518732559e-09	0.000552674893700256	2.35210410412765e-05	2352.10410412765	6.69942437057047e-06	669.942437057047	1682.1616670706	1.50047992920877e-05	0
chr8	67380800	101504329	chr8:68293035..68293850-chr8:102516047..102516557,2	200	.	67380800	101504329	16711680	2	815,510,	0,34123019,	chr8	78643344	78644718	78644510	31	12	9	1.81632486828676e-13	9.48152261037727e-07	3.03813446783155e-05	3038.13446783155	8.93256582742729e-06	893.25658274273	2144.87788508882	2.78605704612189e-09	0
chr8	67380800	101504329	chr8:68293035..68293850-chr8:102516047..102516557,2	200	.	67380800	101504329	16711680	2	815,510,	0,34123019,	chr8	88424766	88426214	88425556	44	16	12	0	1.852315545392e-08	4.31219085756736e-05	4312.19085756736	1.19100877699031e-05	1191.00877699031	3121.18208057705	0	0
chr8	67380800	101504329	chr8:68293035..68293850-chr8:102516047..102516557,2	200	.	67380800	101504329	16711680	2	815,510,	0,34123019,	chr8	92053502	92054129	92053706	23	10	10	7.2548973495401e-09	0.000522802993828675	2.25409976645566e-05	2254.09976645566	7.44380485618941e-06	744.380485618941	1509.71928083672	4.38923891004792e-05	0
chr8	67380800	101504329	chr8:68293035..68293850-chr8:102516047..102516557,2	200	.	67380800	101504329	16711680	2	815,510,	0,34123019,	chr8	101408817	101410175	101409715.5	38	26	10	8.44879721739744e-14	0.000183307995460846	3.72416483153544e-05	3724.16483153544	1.93538926260925e-05	1935.38926260925	1788.7755689262	1.3795695756617e-09	0
chr8	67380800	101504329	chr8:68293035..68293850-chr8:102516047..102516557,2	200	.	67380800	101504329	16711680	2	815,510,	0,34123019,	chr8	90586884	90588108	90587682	40	29	18	1.98729921407903e-14	3.54165854199451e-07	3.92017350687941e-05	3920.17350687941	2.15870340829493e-05	2158.70340829493	1761.47009858449	3.46877138762372e-10	0
chr8	90001393	90888014	chr8:91013621..91014389-chr8:91899653..91900242,2	200	.	90001393	90888014	16711680	2	768,589,	0,886032,	chr8	90586884	90588108	90587682	40	29	18	1.98729921407903e-14	3.54165854199451e-07	3.92017350687941e-05	3920.17350687941	2.15870340829493e-05	2158.70340829493	1761.47009858449	3.46877138762372e-10	0
chr8	96359797	106624328	chr8:97372025..97372580-chr8:107636021..107636556,2	200	.	96359797	106624328	16711680	2	555,535,	0,10263996,	chr8	101408817	101410175	101409715.5	38	26	10	8.44879721739744e-14	0.000183307995460846	3.72416483153544e-05	3724.16483153544	1.93538926260925e-05	1935.38926260925	1788.7755689262	1.3795695756617e-09	0
chr8	97764126	106624723	chr8:98776354..98777057-chr8:107636084..107636951,4	400	.	97764126	106624723	16711680	2	703,867,	0,8859730,	chr8	101408817	101410175	101409715.5	38	26	10	8.44879721739744e-14	0.000183307995460846	3.72416483153544e-05	3724.16483153544	1.93538926260925e-05	1935.38926260925	1788.7755689262	1.3795695756617e-09	0
chr8	101120381	101504704	chr8:102132609..102133605-chr8:102516006..102516932,8	800	.	101120381	101504704	16711680	2	996,926,	0,383397,	chr8	101408817	101410175	101409715.5	38	26	10	8.44879721739744e-14	0.000183307995460846	3.72416483153544e-05	3724.16483153544	1.93538926260925e-05	1935.38926260925	1788.7755689262	1.3795695756617e-09	0
chr8	101120416	101467401	chr8:102132644..102133486-chr8:102479056..102479629,2	200	.	101120416	101467401	16711680	2	842,573,	0,346412,	chr8	101408817	101410175	101409715.5	38	26	10	8.44879721739744e-14	0.000183307995460846	3.72416483153544e-05	3724.16483153544	1.93538926260925e-05	1935.38926260925	1788.7755689262	1.3795695756617e-09	0
chr8	109575006	109607230	chr8:110587235..110588190-chr8:110618947..110619459,2	200	.	109575006	109607230	16711680	2	955,512,	0,31712,	chr8	109606484	109607445	109607136.5	24	9	13	6.08011452296608e-09	7.87481757391628e-05	2.35210410412765e-05	2352.10410412765	6.69942437057047e-06	669.942437057047	1682.1616670706	3.7154980401935e-05	0
chr8	109575214	109639231	chr8:110587443..110588480-chr8:110650468..110651460,3	300	.	109575214	109639231	16711680	2	1037,992,	0,63025,	chr8	109606484	109607445	109607136.5	24	9	13	6.08011452296608e-09	7.87481757391628e-05	2.35210410412765e-05	2352.10410412765	6.69942437057047e-06	669.942437057047	1682.1616670706	3.7154980401935e-05	0
chr8	118112273	144372949	chr8:119124512..119125012-chr8:145596006..145596638,2	200	.	118112273	144372949	16711680	2	500,610,	0,26260066,	chr8	123527768	123529253	123528459	33	9	12	7.28306304154103e-13	3.59752311784867e-06	3.23414314317552e-05	3234.14314317552	6.69942437057047e-06	669.942437057047	2564.20070611847	1.03362251675696e-08	0
chr8	118112273	144372949	chr8:119124512..119125012-chr8:145596006..145596638,2	200	.	118112273	144372949	16711680	2	500,610,	0,26260066,	chr8	125606490	125606980	125606761	31	10	3	1.45994327738208e-13	1.00481163860522e-05	3.03813446783155e-05	3038.13446783155	7.44380485618941e-06	744.380485618941	2293.75398221261	2.2622551054674e-09	0
chr8	118112273	144372949	chr8:119124512..119125012-chr8:145596006..145596638,2	200	.	118112273	144372949	16711680	2	500,610,	0,26260066,	chr8	126496738	126498170	126497495	42	16	14	0	3.28521080894539e-07	4.11618218222338e-05	4116.18218222339	1.19100877699031e-05	1191.00877699031	2925.17340523308	0	0
chr8	118112273	144372949	chr8:119124512..119125012-chr8:145596006..145596638,2	200	.	118112273	144372949	16711680	2	500,610,	0,26260066,	chr8	127317425	127317893	127317660	25	11	5	6.37087049781826e-10	0.000604478114564433	2.45010844179963e-05	2450.10844179963	8.18818534180835e-06	818.818534180835	1631.2899076188	4.80126190188407e-06	0
chr8	123453964	123564223	chr8:124466204..124466710-chr8:124575524..124576463,2	200	.	123453964	123564223	16711680	2	506,939,	0,109320,	chr8	123527768	123529253	123528459	33	9	12	7.28306304154103e-13	3.59752311784867e-06	3.23414314317552e-05	3234.14314317552	6.69942437057047e-06	669.942437057047	2564.20070611847	1.03362251675696e-08	0
chr9	92665922	121717964	chr9:95428204..95428780-chr9:124479526..124480243,2	200	.	92665922	121717964	16711680	2	576,717,	0,29051325,	chr9	94138702	94140173	94139834	38	22	13	1.11022302462516e-16	0.000178717353737312	3.72416483153544e-05	3724.16483153544	1.63763706836167e-05	1637.63706836167	2086.52776317377	2.67609391436786e-12	0
chr9	92665922	121717964	chr9:95428204..95428780-chr9:124479526..124480243,2	200	.	92665922	121717964	16711680	2	576,717,	0,29051325,	chr9	105054528	105055173	105054833	34	8	9	6.21724893790088e-15	1.06772929386878e-08	3.3321474808475e-05	3332.1474808475	5.95504388495153e-06	595.504388495153	2736.64309235235	1.15843672759384e-10	0
chr9	92665922	121717964	chr9:95428204..95428780-chr9:124479526..124480243,2	200	.	92665922	121717964	16711680	2	576,717,	0,29051325,	chr9	108594589	108595048	108594815	30	15	4	5.61217738948017e-13	0.00047227908774139	2.94013013015956e-05	2940.13013015956	1.11657072842841e-05	1116.57072842841	1823.55940173115	8.11659284227773e-09	0
chr9	92665922	121717964	chr9:95428204..95428780-chr9:124479526..124480243,2	200	.	92665922	121717964	16711680	2	576,717,	0,29051325,	chr9	111600692	111602243	111601867	42	22	16	0	2.86733247434334e-06	4.11618218222338e-05	4116.18218222339	1.63763706836167e-05	1637.63706836167	2478.54511386171	0	0
