chr1	16607981	152023210	chr1:16934476..16935083-chr1:151995159..151995686,2	200	.	16607981	152023210	16711680	2	607,527,	0,135414702,	chr1	46134772	46135932	46135347	36	15	9	2.22044604925031e-16	1.31911427988518e-05	3.52815615619147e-05	3528.15615619147	1.11657072842841e-05	1116.57072842841	2411.58542776306	5.18750512631309e-12	0
chr1	16607981	152023210	chr1:16934476..16935083-chr1:151995159..151995686,2	200	.	16607981	152023210	16711680	2	607,527,	0,135414702,	chr1	75376224	75377529	75377296	33	17	7	3.77475828372553e-15	0.000163857053323446	3.23414314317552e-05	3234.14314317552	1.2654468255522e-05	1265.4468255522	1968.69631762332	7.302156897549e-11	0
chr1	16607981	152023210	chr1:16934476..16935083-chr1:151995159..151995686,2	200	.	16607981	152023210	16711680	2	607,527,	0,135414702,	chr1	108533169	108534271	108533744	27	14	8	9.43089606408876e-10	1.39047139405823e-05	2.6461171171436e-05	2646.1171171436	1.04213267986652e-05	1042.13267986652	1603.98443727709	6.85233114650075e-06	0
chr1	16607981	152023210	chr1:16934476..16935083-chr1:151995159..151995686,2	200	.	16607981	152023210	16711680	2	607,527,	0,135414702,	chr1	108815817	108816578	108816295	27	18	9	1.18108367530567e-09	0.000746722068093897	2.6461171171436e-05	2646.1171171436	1.33988487411409e-05	1339.88487411409	1306.23224302951	8.36151629318651e-06	0
chr1	16607981	152023210	chr1:16934476..16935083-chr1:151995159..151995686,2	200	.	16607981	152023210	16711680	2	607,527,	0,135414702,	chr1	109214503	109215019	109214789	25	7	4	7.58830664970844e-10	7.23807673352894e-06	2.45010844179963e-05	2450.10844179963	5.21066339933259e-06	521.066339933259	1929.04210186638	5.62111773545103e-06	0
chr1	16607981	152023210	chr1:16934476..16935083-chr1:151995159..151995686,2	200	.	16607981	152023210	16711680	2	607,527,	0,135414702,	chr1	120750569	120751603	120751157	32	22	10	1.06244013586831e-10	0.000609644774999696	3.13613880550353e-05	3136.13880550353	1.63763706836167e-05	1637.63706836167	1498.50173714186	9.51845445595311e-07	0
chr1	16607981	152023210	chr1:16934476..16935083-chr1:151995159..151995686,2	200	.	16607981	152023210	16711680	2	607,527,	0,135414702,	chr1	146201369	146202399	146201887	40	27	11	2.66453525910038e-15	0.000515578715841958	3.92017350687941e-05	3920.17350687941	2.00982731117114e-05	2009.82731117114	1910.34619570827	5.28922091310354e-11	0
chr1	16607981	152023210	chr1:16934476..16935083-chr1:151995159..151995686,2	200	.	16607981	152023210	16711680	2	607,527,	0,135414702,	chr1	147675987	147677336	147676833	64	28	12	0	7.83945686144705e-10	6.27227761100706e-05	6272.27761100706	2.08426535973304e-05	2084.26535973304	4188.01225127403	0	0
chr1	16607981	152023210	chr1:16934476..16935083-chr1:151995159..151995686,2	200	.	16607981	152023210	16711680	2	607,527,	0,135414702,	chr1	149417595	149418924	149418403	45	27	12	1.22124532708767e-15	1.0774646035383e-06	4.41019519523934e-05	4410.19519523934	2.00982731117114e-05	2009.82731117114	2400.3678840682	2.55797666573369e-11	0
chr1	16607981	152023210	chr1:16934476..16935083-chr1:151995159..151995686,2	200	.	16607981	152023210	16711680	2	607,527,	0,135414702,	chr1	75382466	75382934	75382701	30	17	5	2.52242671194836e-13	0.00095185696011868	2.94013013015956e-05	2940.13013015956	1.2654468255522e-05	1265.4468255522	1674.68330460736	3.81139680126327e-09	0
chr1	16607981	152023210	chr1:16934476..16935083-chr1:151995159..151995686,2	200	.	16607981	152023210	16711680	2	607,527,	0,135414702,	chr1	108216309	108217487	108217058	68	53	12	0	1.03237840498593e-08	6.664294961695e-05	6664.294961695	3.94521657378039e-05	3945.21657378039	2719.07838791462	0	0
chr1	16607981	152023210	chr1:16934476..16935083-chr1:151995159..151995686,2	200	.	16607981	152023210	16711680	2	607,527,	0,135414702,	chr1	148651464	148652989	148652623	55	30	17	0	9.89272718188161e-08	5.39023857195919e-05	5390.23857195919	2.23314145685682e-05	2233.14145685682	3157.09711510237	0	0
chr1	109150934	109246864	chr1:109693556..109694364-chr1:109788586..109789486,3	300	.	109150934	109246864	16711680	2	808,900,	0,95030,	chr1	109214503	109215019	109214789	25	7	4	7.58830664970844e-10	7.23807673352894e-06	2.45010844179963e-05	2450.10844179963	5.21066339933259e-06	521.066339933259	1929.04210186638	5.62111773545103e-06	0
chr1	109198911	109240715	chr1:109741533..109742402-chr1:109782529..109783337,4	400	.	109198911	109240715	16711680	2	869,808,	0,40996,	chr1	109214503	109215019	109214789	25	7	4	7.58830664970844e-10	7.23807673352894e-06	2.45010844179963e-05	2450.10844179963	5.21066339933259e-06	521.066339933259	1929.04210186638	5.62111773545103e-06	0
chr1	109199201	109246776	chr1:109741823..109742750-chr1:109788615..109789398,3	300	.	109199201	109246776	16711680	2	927,783,	0,46792,	chr1	109214503	109215019	109214789	25	7	4	7.58830664970844e-10	7.23807673352894e-06	2.45010844179963e-05	2450.10844179963	5.21066339933259e-06	521.066339933259	1929.04210186638	5.62111773545103e-06	0
chr1	145707959	148891507	chr1:144992979..144993481-chr1:145726417..145727106,2	200	.	145707959	148891507	16711680	2	689,502,	0,3183046,	chr1	146201369	146202399	146201887	40	27	11	2.66453525910038e-15	0.000515578715841958	3.92017350687941e-05	3920.17350687941	2.00982731117114e-05	2009.82731117114	1910.34619570827	5.28922091310354e-11	0
chr1	145707959	148891507	chr1:144992979..144993481-chr1:145726417..145727106,2	200	.	145707959	148891507	16711680	2	689,502,	0,3183046,	chr1	147675987	147677336	147676833	64	28	12	0	7.83945686144705e-10	6.27227761100706e-05	6272.27761100706	2.08426535973304e-05	2084.26535973304	4188.01225127403	0	0
chr1	145707959	148891507	chr1:144992979..144993481-chr1:145726417..145727106,2	200	.	145707959	148891507	16711680	2	689,502,	0,3183046,	chr1	148651464	148652989	148652623	55	30	17	0	9.89272718188161e-08	5.39023857195919e-05	5390.23857195919	2.23314145685682e-05	2233.14145685682	3157.09711510237	0	0
chr1	147669346	147717557	chr1:147141468..147142147-chr1:147188733..147189691,2	200	.	147669346	147717557	16711680	2	679,958,	0,47253,	chr1	147675987	147677336	147676833	64	28	12	0	7.83945686144705e-10	6.27227761100706e-05	6272.27761100706	2.08426535973304e-05	2084.26535973304	4188.01225127403	0	0
chr1	164741024	174967241	chr1:164710261..164710781-chr1:174935859..174936378,2	200	.	164741024	174967241	16711680	2	520,519,	0,10225698,	chr1	169496670	169497908	169497299	26	7	14	9.57619872288262e-10	1.39466482529382e-06	2.54811277947162e-05	2548.11277947162	5.21066339933259e-06	521.066339933259	2027.04643953836	6.94129964507013e-06	0
chr1	183023828	183606172	chr1:182992963..182993590-chr1:183574794..183575307,2	200	.	183023828	183606172	16711680	2	627,513,	0,581831,	chr1	183461004	183462399	183461698	27	11	11	2.70821143288913e-10	0.000296960845262095	2.6461171171436e-05	2646.1171171436	8.18818534180835e-06	818.818534180835	1827.29858296277	2.22301559206307e-06	0
chr1	206903703	227329107	chr1:207077048..207077588-chr1:227515958..227516808,2	200	.	206903703	227329107	16711680	2	540,850,	0,20424554,	chr1	226114301	226114769	226114531	23	10	4	4.95594776328545e-09	0.000814415191309203	2.25409976645566e-05	2254.09976645566	7.44380485618941e-06	744.380485618941	1509.71928083672	3.06553933990509e-05	0
chr10	3289779	3396264	chr10:3331971..3332527-chr10:3437941..3438456,2	200	.	3289779	3396264	16711680	2	556,515,	0,105970,	chr10	3330694	3331276	3330894	28	6	4	1.47482026591206e-11	2.93902017389769e-07	2.74412145481559e-05	2744.12145481559	4.46628291371365e-06	446.628291371365	2297.49316344423	1.62880115504229e-07	0
chr10	79128273	88108663	chr10:80888030..80888626-chr10:89867901..89868420,2	200	.	79128273	88108663	16711680	2	596,519,	0,8979871,	chr10	84401185	84402183	84401761	28	5	13	2.10859107951933e-11	2.98713150703733e-06	2.74412145481559e-05	2744.12145481559	3.72190242809471e-06	372.190242809471	2371.93121200612	2.2159307689438e-07	0
chr12	55177588	122855390	chr12:55571372..55571892-chr12:123339417..123339937,2	200	.	55177588	122855390	16711680	2	520,520,	0,67677282,	chr12	56400883	56401342	56401113	34	13	4	2.88657986402541e-15	5.57242169352268e-06	3.3321474808475e-05	3332.1474808475	9.67694631304624e-06	967.694631304624	2364.45284954288	5.69278159965527e-11	0
chr12	55177588	122855390	chr12:55571372..55571892-chr12:123339417..123339937,2	200	.	55177588	122855390	16711680	2	520,520,	0,67677282,	chr12	58912475	58913460	58912876	27	10	16	2.96702551416672e-10	0.000157118072289353	2.6461171171436e-05	2646.1171171436	7.44380485618941e-06	744.380485618941	1901.73663152466	2.39024047626923e-06	0
chr12	55177588	122855390	chr12:55571372..55571892-chr12:123339417..123339937,2	200	.	55177588	122855390	16711680	2	520,520,	0,67677282,	chr12	79082734	79083801	79083559	29	19	13	1.20121690372343e-11	0.000628528528370254	2.84212579248758e-05	2842.12579248758	1.41432292267599e-05	1414.32292267599	1427.80286981159	1.33635072534898e-07	0
chr12	55177588	122855390	chr12:55571372..55571892-chr12:123339417..123339937,2	200	.	55177588	122855390	16711680	2	520,520,	0,67677282,	chr12	99959388	99960334	99959879	27	14	15	1.1661482890446e-10	0.00061324999739587	2.6461171171436e-05	2646.1171171436	1.04213267986652e-05	1042.13267986652	1603.98443727709	1.03863048660603e-06	0
chr12	55177588	122855390	chr12:55571372..55571892-chr12:123339417..123339937,2	200	.	55177588	122855390	16711680	2	520,520,	0,67677282,	chr12	118059088	118060284	118059764	39	18	9	0	1.6137521681614e-05	3.82216916920743e-05	3822.16916920743	1.33988487411409e-05	1339.88487411409	2482.28429509334	0	0
chr12	55177588	122855390	chr12:55571372..55571892-chr12:123339417..123339937,2	200	.	55177588	122855390	16711680	2	520,520,	0,67677282,	chr12	118105961	118106846	118106217	27	12	6	5.36406474793694e-11	0.0004010901239071	2.6461171171436e-05	2646.1171171436	8.93256582742729e-06	893.25658274273	1752.86053440088	5.18831133730087e-07	0
chr12	55177588	122855390	chr12:55571372..55571892-chr12:123339417..123339937,2	200	.	55177588	122855390	16711680	2	520,520,	0,67677282,	chr12	122110940	122112310	122111140	27	10	11	6.06223182764154e-10	0.000141109819683405	2.6461171171436e-05	2646.1171171436	7.44380485618941e-06	744.380485618941	1901.73663152466	4.59144972665911e-06	0
chr12	79022587	79157562	chr12:79416367..79417223-chr12:79550524..79551342,2	200	.	79022587	79157562	16711680	2	856,818,	0,134157,	chr12	79082734	79083801	79083559	29	19	13	1.20121690372343e-11	0.000628528528370254	2.84212579248758e-05	2842.12579248758	1.41432292267599e-05	1414.32292267599	1427.80286981159	1.33635072534898e-07	0
chr12	119170941	123070297	chr12:119608746..119609266-chr12:123554233..123554844,2	200	.	119170941	123070297	16711680	2	520,611,	0,3898745,	chr12	122110940	122112310	122111140	27	10	11	6.06223182764154e-10	0.000141109819683405	2.6461171171436e-05	2646.1171171436	7.44380485618941e-06	744.380485618941	1901.73663152466	4.59144972665911e-06	0
chr14	73601883	73785352	chr14:74068587..74069172-chr14:74251195..74252055,3	300	.	73601883	73785352	16711680	2	585,860,	0,182609,	chr14	73696048	73697136	73696743	25	4	10	4.20323187366733e-09	2.82377365046216e-07	2.45010844179963e-05	2450.10844179963	2.97752194247576e-06	297.752194247576	2152.35624755206	2.65399400866711e-05	0
chr14	73601927	73783189	chr14:74068631..74069429-chr14:74249349..74249892,2	200	.	73601927	73783189	16711680	2	798,543,	0,180719,	chr14	73696048	73697136	73696743	25	4	10	4.20323187366733e-09	2.82377365046216e-07	2.45010844179963e-05	2450.10844179963	2.97752194247576e-06	297.752194247576	2152.35624755206	2.65399400866711e-05	0
chr14	73633664	73785325	chr14:74100368..74101094-chr14:74251377..74252028,3	300	.	73633664	73785325	16711680	2	727,651,	0,151010,	chr14	73696048	73697136	73696743	25	4	10	4.20323187366733e-09	2.82377365046216e-07	2.45010844179963e-05	2450.10844179963	2.97752194247576e-06	297.752194247576	2152.35624755206	2.65399400866711e-05	0
chr14	73633831	73783215	chr14:74100534..74101054-chr14:74249389..74249918,2	200	.	73633831	73783215	16711680	2	520,529,	0,148855,	chr14	73696048	73697136	73696743	25	4	10	4.20323187366733e-09	2.82377365046216e-07	2.45010844179963e-05	2450.10844179963	2.97752194247576e-06	297.752194247576	2152.35624755206	2.65399400866711e-05	0
chr15	57591269	73710734	chr15:57883467..57884028-chr15:74002521..74003075,2	200	.	57591269	73710734	16711680	2	561,554,	0,16118911,	chr15	64072612	64073121	64072847	29	4	7	2.73625566649116e-12	4.32738811451117e-09	2.84212579248758e-05	2842.12579248758	2.97752194247576e-06	297.752194247576	2544.37359824	3.50646891869295e-08	0
chr15	57591269	73710734	chr15:57883467..57884028-chr15:74002521..74003075,2	200	.	57591269	73710734	16711680	2	561,554,	0,16118911,	chr15	65226637	65227787	65227294	26	13	6	1.21134879904616e-10	0.000280204764136482	2.54811277947162e-05	2548.11277947162	9.67694631304624e-06	967.694631304624	1580.418148167	1.07573369645073e-06	0
chr15	95894265	96337530	chr15:96437494..96438084-chr15:96880092..96880759,2	200	.	95894265	96337530	16711680	2	590,667,	0,442598,	chr15	96230123	96231322	96230823	30	27	11	2.82786016825298e-11	0.000833945490530397	2.94013013015956e-05	2940.13013015956	2.00982731117114e-05	2009.82731117114	930.30281898842	2.87242308310507e-07	0
chr15	95895068	96337342	chr15:96438297..96439403-chr15:96879700..96880571,3	300	.	95895068	96337342	16711680	2	1106,871,	0,441403,	chr15	96230123	96231322	96230823	30	27	11	2.82786016825298e-11	0.000833945490530397	2.94013013015956e-05	2940.13013015956	2.00982731117114e-05	2009.82731117114	930.30281898842	2.87242308310507e-07	0
chr15	95911386	96337435	chr15:96454615..96455439-chr15:96879983..96880664,2	200	.	95911386	96337435	16711680	2	824,681,	0,425368,	chr15	96230123	96231322	96230823	30	27	11	2.82786016825298e-11	0.000833945490530397	2.94013013015956e-05	2940.13013015956	2.00982731117114e-05	2009.82731117114	930.30281898842	2.87242308310507e-07	0
chr16	11457008	85306741	chr16:11550864..11551384-chr16:85339844..85340347,2	200	.	11457008	85306741	16711680	2	520,503,	0,73849230,	chr16	46693861	46694329	46694091	25	14	5	2.66957789207822e-10	0.000391338277452857	2.45010844179963e-05	2450.10844179963	1.04213267986652e-05	1042.13267986652	1407.97576193312	2.19724202396554e-06	0
chr16	11457008	85306741	chr16:11550864..11551384-chr16:85339844..85340347,2	200	.	11457008	85306741	16711680	2	520,503,	0,73849230,	chr16	68635836	68636740	68636315	29	12	6	5.08504349738814e-12	0.000289505479787788	2.84212579248758e-05	2842.12579248758	8.93256582742729e-06	893.25658274273	1948.86920974485	5.96288692536698e-08	0
chr16	11457008	85306741	chr16:11550864..11551384-chr16:85339844..85340347,2	200	.	11457008	85306741	16711680	2	520,503,	0,73849230,	chr16	70205507	70205966	70205733	25	12	5	6.72387590050505e-10	0.000475427999934053	2.45010844179963e-05	2450.10844179963	8.93256582742729e-06	893.25658274273	1556.8518590569	5.04227272276299e-06	0
chr16	21511338	87861173	chr16:21522659..21523262-chr16:87894262..87894779,2	200	.	21511338	87861173	16711680	2	603,517,	0,66349318,	chr16	46693861	46694329	46694091	25	14	5	2.66957789207822e-10	0.000391338277452857	2.45010844179963e-05	2450.10844179963	1.04213267986652e-05	1042.13267986652	1407.97576193312	2.19724202396554e-06	0
chr16	21511338	87861173	chr16:21522659..21523262-chr16:87894262..87894779,2	200	.	21511338	87861173	16711680	2	603,517,	0,66349318,	chr16	68635836	68636740	68636315	29	12	6	5.08504349738814e-12	0.000289505479787788	2.84212579248758e-05	2842.12579248758	8.93256582742729e-06	893.25658274273	1948.86920974485	5.96288692536698e-08	0
chr16	21511338	87861173	chr16:21522659..21523262-chr16:87894262..87894779,2	200	.	21511338	87861173	16711680	2	603,517,	0,66349318,	chr16	70205507	70205966	70205733	25	12	5	6.72387590050505e-10	0.000475427999934053	2.45010844179963e-05	2450.10844179963	8.93256582742729e-06	893.25658274273	1556.8518590569	5.04227272276299e-06	0
chr16	29310649	88017636	chr16:29321970..29322894-chr16:88050387..88051242,6	600	.	29310649	88017636	16711680	2	924,855,	0,58706132,	chr16	46693861	46694329	46694091	25	14	5	2.66957789207822e-10	0.000391338277452857	2.45010844179963e-05	2450.10844179963	1.04213267986652e-05	1042.13267986652	1407.97576193312	2.19724202396554e-06	0
chr16	29310649	88017636	chr16:29321970..29322894-chr16:88050387..88051242,6	600	.	29310649	88017636	16711680	2	924,855,	0,58706132,	chr16	68635836	68636740	68636315	29	12	6	5.08504349738814e-12	0.000289505479787788	2.84212579248758e-05	2842.12579248758	8.93256582742729e-06	893.25658274273	1948.86920974485	5.96288692536698e-08	0
chr16	29310649	88017636	chr16:29321970..29322894-chr16:88050387..88051242,6	600	.	29310649	88017636	16711680	2	924,855,	0,58706132,	chr16	70205507	70205966	70205733	25	12	5	6.72387590050505e-10	0.000475427999934053	2.45010844179963e-05	2450.10844179963	8.93256582742729e-06	893.25658274273	1556.8518590569	5.04227272276299e-06	0
chr17	7951524	47693782	chr17:7854842..7855345-chr17:45770546..45771148,2	200	.	7951524	47693782	16711680	2	503,602,	0,39741656,	chr17	30700563	30701022	30700793	29	13	5	1.51922918689706e-12	1.13638915882897e-05	2.84212579248758e-05	2842.12579248758	9.67694631304624e-06	967.694631304624	1874.43116118295	2.0690934123993e-08	0
chr17	7957595	40449254	chr17:7860913..7861620-chr17:38604584..38605506,2	200	.	7957595	40449254	16711680	2	707,922,	0,32490737,	chr17	30700563	30701022	30700793	29	13	5	1.51922918689706e-12	1.13638915882897e-05	2.84212579248758e-05	2842.12579248758	9.67694631304624e-06	967.694631304624	1874.43116118295	2.0690934123993e-08	0
chr17	58639367	74770271	chr17:56716728..56717687-chr17:72765719..72766410,2	200	.	58639367	74770271	16711680	2	959,691,	0,16130213,	chr17	58740898	58741634	58741118	49	23	5	0	6.43923536713942e-09	4.80221254592728e-05	4802.21254592728	1.71207511692356e-05	1712.07511692356	3090.13742900372	0	0
chr17	58639367	74770271	chr17:56716728..56717687-chr17:72765719..72766410,2	200	.	58639367	74770271	16711680	2	959,691,	0,16130213,	chr17	59093106	59095705	59094612	75	37	21	0	4.78428408001719e-12	7.3503253253989e-05	7350.3253253989	2.75420779679008e-05	2754.20779679008	4596.11752860882	0	0
chr17	58639367	74770271	chr17:56716728..56717687-chr17:72765719..72766410,2	200	.	58639367	74770271	16711680	2	959,691,	0,16130213,	chr17	59832730	59833500	59833124	51	34	9	0	2.73996867997672e-05	4.99822122127125e-05	4998.22122127125	2.5308936511044e-05	2530.8936511044	2467.32757016685	0	0
chr17	58639367	74770271	chr17:56716728..56717687-chr17:72765719..72766410,2	200	.	58639367	74770271	16711680	2	959,691,	0,16130213,	chr17	61360113	61361506	61360713	74	47	13	0	7.03736589002801e-08	7.25232098772692e-05	7252.32098772692	3.49858828240902e-05	3498.58828240902	3753.73270531789	0	0
chr17	58639367	74770271	chr17:56716728..56717687-chr17:72765719..72766410,2	200	.	58639367	74770271	16711680	2	959,691,	0,16130213,	chr17	62887764	62888999	62888544	52	29	11	0	1.67502484299531e-05	5.09622555894324e-05	5096.22555894324	2.15870340829493e-05	2158.70340829493	2937.52215064831	0	0
chr17	58639367	74770271	chr17:56716728..56717687-chr17:72765719..72766410,2	200	.	58639367	74770271	16711680	2	959,691,	0,16130213,	chr17	62950153	62950877	62950461	35	13	6	7.99360577730113e-15	2.79602042618787e-06	3.43015181851949e-05	3430.15181851949	9.67694631304624e-06	967.694631304624	2462.45718721486	1.48033682872837e-10	0
chr17	58639367	74770271	chr17:56716728..56717687-chr17:72765719..72766410,2	200	.	58639367	74770271	16711680	2	959,691,	0,16130213,	chr17	60030854	60031476	60031092	64	48	4	0	2.53266406429198e-05	6.27227761100706e-05	6272.27761100706	3.57302633097092e-05	3573.02633097092	2699.25128003615	0	0
chr17	58639404	74761214	chr17:56716765..56717651-chr17:72756497..72757353,2	200	.	58639404	74761214	16711680	2	886,856,	0,16120954,	chr17	58740898	58741634	58741118	49	23	5	0	6.43923536713942e-09	4.80221254592728e-05	4802.21254592728	1.71207511692356e-05	1712.07511692356	3090.13742900372	0	0
chr17	58639404	74761214	chr17:56716765..56717651-chr17:72756497..72757353,2	200	.	58639404	74761214	16711680	2	886,856,	0,16120954,	chr17	59093106	59095705	59094612	75	37	21	0	4.78428408001719e-12	7.3503253253989e-05	7350.3253253989	2.75420779679008e-05	2754.20779679008	4596.11752860882	0	0
chr17	58639404	74761214	chr17:56716765..56717651-chr17:72756497..72757353,2	200	.	58639404	74761214	16711680	2	886,856,	0,16120954,	chr17	59832730	59833500	59833124	51	34	9	0	2.73996867997672e-05	4.99822122127125e-05	4998.22122127125	2.5308936511044e-05	2530.8936511044	2467.32757016685	0	0
chr17	58639404	74761214	chr17:56716765..56717651-chr17:72756497..72757353,2	200	.	58639404	74761214	16711680	2	886,856,	0,16120954,	chr17	61360113	61361506	61360713	74	47	13	0	7.03736589002801e-08	7.25232098772692e-05	7252.32098772692	3.49858828240902e-05	3498.58828240902	3753.73270531789	0	0
chr17	58639404	74761214	chr17:56716765..56717651-chr17:72756497..72757353,2	200	.	58639404	74761214	16711680	2	886,856,	0,16120954,	chr17	62887764	62888999	62888544	52	29	11	0	1.67502484299531e-05	5.09622555894324e-05	5096.22555894324	2.15870340829493e-05	2158.70340829493	2937.52215064831	0	0
chr17	58639404	74761214	chr17:56716765..56717651-chr17:72756497..72757353,2	200	.	58639404	74761214	16711680	2	886,856,	0,16120954,	chr17	62950153	62950877	62950461	35	13	6	7.99360577730113e-15	2.79602042618787e-06	3.43015181851949e-05	3430.15181851949	9.67694631304624e-06	967.694631304624	2462.45718721486	1.48033682872837e-10	0
chr17	58639404	74761214	chr17:56716765..56717651-chr17:72756497..72757353,2	200	.	58639404	74761214	16711680	2	886,856,	0,16120954,	chr17	60030854	60031476	60031092	64	48	4	0	2.53266406429198e-05	6.27227761100706e-05	6272.27761100706	3.57302633097092e-05	3573.02633097092	2699.25128003615	0	0
chr17	58639450	61723838	chr17:56716811..56717664-chr17:59800437..59801199,3	300	.	58639450	61723838	16711680	2	853,762,	0,3083626,	chr17	58740898	58741634	58741118	49	23	5	0	6.43923536713942e-09	4.80221254592728e-05	4802.21254592728	1.71207511692356e-05	1712.07511692356	3090.13742900372	0	0
chr17	58639450	61723838	chr17:56716811..56717664-chr17:59800437..59801199,3	300	.	58639450	61723838	16711680	2	853,762,	0,3083626,	chr17	59093106	59095705	59094612	75	37	21	0	4.78428408001719e-12	7.3503253253989e-05	7350.3253253989	2.75420779679008e-05	2754.20779679008	4596.11752860882	0	0
chr17	58639450	61723838	chr17:56716811..56717664-chr17:59800437..59801199,3	300	.	58639450	61723838	16711680	2	853,762,	0,3083626,	chr17	59832730	59833500	59833124	51	34	9	0	2.73996867997672e-05	4.99822122127125e-05	4998.22122127125	2.5308936511044e-05	2530.8936511044	2467.32757016685	0	0
chr17	58639450	61723838	chr17:56716811..56717664-chr17:59800437..59801199,3	300	.	58639450	61723838	16711680	2	853,762,	0,3083626,	chr17	61360113	61361506	61360713	74	47	13	0	7.03736589002801e-08	7.25232098772692e-05	7252.32098772692	3.49858828240902e-05	3498.58828240902	3753.73270531789	0	0
chr17	58639450	61723838	chr17:56716811..56717664-chr17:59800437..59801199,3	300	.	58639450	61723838	16711680	2	853,762,	0,3083626,	chr17	60030854	60031476	60031092	64	48	4	0	2.53266406429198e-05	6.27227761100706e-05	6272.27761100706	3.57302633097092e-05	3573.02633097092	2699.25128003615	0	0
chr17	58639496	60345826	chr17:56716857..56717548-chr17:58422241..58423187,2	200	.	58639496	60345826	16711680	2	691,946,	0,1705384,	chr17	58740898	58741634	58741118	49	23	5	0	6.43923536713942e-09	4.80221254592728e-05	4802.21254592728	1.71207511692356e-05	1712.07511692356	3090.13742900372	0	0
chr17	58639496	60345826	chr17:56716857..56717548-chr17:58422241..58423187,2	200	.	58639496	60345826	16711680	2	691,946,	0,1705384,	chr17	59093106	59095705	59094612	75	37	21	0	4.78428408001719e-12	7.3503253253989e-05	7350.3253253989	2.75420779679008e-05	2754.20779679008	4596.11752860882	0	0
chr17	58639496	60345826	chr17:56716857..56717548-chr17:58422241..58423187,2	200	.	58639496	60345826	16711680	2	691,946,	0,1705384,	chr17	59832730	59833500	59833124	51	34	9	0	2.73996867997672e-05	4.99822122127125e-05	4998.22122127125	2.5308936511044e-05	2530.8936511044	2467.32757016685	0	0
chr17	58639496	60345826	chr17:56716857..56717548-chr17:58422241..58423187,2	200	.	58639496	60345826	16711680	2	691,946,	0,1705384,	chr17	60030854	60031476	60031092	64	48	4	0	2.53266406429198e-05	6.27227761100706e-05	6272.27761100706	3.57302633097092e-05	3573.02633097092	2699.25128003615	0	0
chr17	59007603	61723918	chr17:57084964..57085505-chr17:59800528..59801279,2	200	.	59007603	61723918	16711680	2	541,751,	0,2715564,	chr17	59093106	59095705	59094612	75	37	21	0	4.78428408001719e-12	7.3503253253989e-05	7350.3253253989	2.75420779679008e-05	2754.20779679008	4596.11752860882	0	0
chr17	59007603	61723918	chr17:57084964..57085505-chr17:59800528..59801279,2	200	.	59007603	61723918	16711680	2	541,751,	0,2715564,	chr17	59832730	59833500	59833124	51	34	9	0	2.73996867997672e-05	4.99822122127125e-05	4998.22122127125	2.5308936511044e-05	2530.8936511044	2467.32757016685	0	0
chr17	59007603	61723918	chr17:57084964..57085505-chr17:59800528..59801279,2	200	.	59007603	61723918	16711680	2	541,751,	0,2715564,	chr17	61360113	61361506	61360713	74	47	13	0	7.03736589002801e-08	7.25232098772692e-05	7252.32098772692	3.49858828240902e-05	3498.58828240902	3753.73270531789	0	0
chr17	59007603	61723918	chr17:57084964..57085505-chr17:59800528..59801279,2	200	.	59007603	61723918	16711680	2	541,751,	0,2715564,	chr17	60030854	60031476	60031092	64	48	4	0	2.53266406429198e-05	6.27227761100706e-05	6272.27761100706	3.57302633097092e-05	3573.02633097092	2699.25128003615	0	0
chr17	61356445	61723973	chr17:59433806..59434541-chr17:59800526..59801334,3	300	.	61356445	61723973	16711680	2	735,808,	0,366720,	chr17	61360113	61361506	61360713	74	47	13	0	7.03736589002801e-08	7.25232098772692e-05	7252.32098772692	3.49858828240902e-05	3498.58828240902	3753.73270531789	0	0
chr17	62135216	62961978	chr17:60212577..60213299-chr17:61038798..61039339,2	200	.	62135216	62961978	16711680	2	722,541,	0,826221,	chr17	62887764	62888999	62888544	52	29	11	0	1.67502484299531e-05	5.09622555894324e-05	5096.22555894324	2.15870340829493e-05	2158.70340829493	2937.52215064831	0	0
chr17	62135216	62961978	chr17:60212577..60213299-chr17:61038798..61039339,2	200	.	62135216	62961978	16711680	2	722,541,	0,826221,	chr17	62950153	62950877	62950461	35	13	6	7.99360577730113e-15	2.79602042618787e-06	3.43015181851949e-05	3430.15181851949	9.67694631304624e-06	967.694631304624	2462.45718721486	1.48033682872837e-10	0
chr18	45802768	74243342	chr18:43382733..43383273-chr18:71909946..71910577,2	200	.	45802768	74243342	16711680	2	540,631,	0,28439943,	chr18	62485349	62486193	62485910	29	9	5	1.63813407283442e-12	9.15480387053691e-07	2.84212579248758e-05	2842.12579248758	6.69942437057047e-06	669.942437057047	2172.18335543053	2.21120287956388e-08	0
chr18	60053835	63241865	chr18:57721067..57721658-chr18:60908550..60909098,2	200	.	60053835	63241865	16711680	2	591,548,	0,3187482,	chr18	62485349	62486193	62485910	29	9	5	1.63813407283442e-12	9.15480387053691e-07	2.84212579248758e-05	2842.12579248758	6.69942437057047e-06	669.942437057047	2172.18335543053	2.21120287956388e-08	0
chr20	32040757	45342320	chr20:30628560..30629275-chr20:43970231..43970960,2	200	.	32040757	45342320	16711680	2	715,729,	0,13300834,	chr20	35154592	35155060	35154827	23	8	5	4.75750783213158e-09	0.000160284301768066	2.25409976645566e-05	2254.09976645566	5.95504388495153e-06	595.504388495153	1658.59537796051	2.97306845105099e-05	0
chr20	32040757	45342320	chr20:30628560..30629275-chr20:43970231..43970960,2	200	.	32040757	45342320	16711680	2	715,729,	0,13300834,	chr20	36000069	36001217	36000979	24	8	8	2.8300880527965e-09	4.29770704177823e-05	2.35210410412765e-05	2352.10410412765	5.95504388495153e-06	595.504388495153	1756.5997156325	1.84357678857238e-05	0
chr20	32040757	45342320	chr20:30628560..30629275-chr20:43970231..43970960,2	200	.	32040757	45342320	16711680	2	715,729,	0,13300834,	chr20	42190407	42191190	42190898	29	10	9	3.92408328053762e-12	1.62095936779849e-05	2.84212579248758e-05	2842.12579248758	7.44380485618941e-06	744.380485618941	2097.74530686863	4.82506233393516e-08	0
chr20	39758758	54124105	chr20:38387400..38387900-chr20:52739840..52740644,2	200	.	39758758	54124105	16711680	2	500,804,	0,14364543,	chr20	42190407	42191190	42190898	29	10	9	3.92408328053762e-12	1.62095936779849e-05	2.84212579248758e-05	2842.12579248758	7.44380485618941e-06	744.380485618941	2097.74530686863	4.82506233393516e-08	0
chr20	39758758	54124105	chr20:38387400..38387900-chr20:52739840..52740644,2	200	.	39758758	54124105	16711680	2	500,804,	0,14364543,	chr20	47173853	47174980	47174645	35	20	5	3.38995498339045e-12	0.00064127152232718	3.43015181851949e-05	3430.15181851949	1.48876097123788e-05	1488.76097123788	1941.39084728161	4.2369108227345e-08	0
chr20	39758758	54124105	chr20:38387400..38387900-chr20:52739840..52740644,2	200	.	39758758	54124105	16711680	2	500,804,	0,14364543,	chr20	47598805	47600173	47599702	48	26	12	9.55414636294449e-11	3.34038593208241e-05	4.7042082082553e-05	4704.2082082553	1.93538926260925e-05	1935.38926260925	2768.81894564605	8.68774547710576e-07	0
chr20	39758758	54124105	chr20:38387400..38387900-chr20:52739840..52740644,2	200	.	39758758	54124105	16711680	2	500,804,	0,14364543,	chr20	48051537	48052758	48051934	29	9	4	7.53443862855363e-10	1.66483435540821e-05	2.84212579248758e-05	2842.12579248758	6.69942437057047e-06	669.942437057047	2172.18335543053	5.594860434884e-06	0
chr20	39758758	54124105	chr20:38387400..38387900-chr20:52739840..52740644,2	200	.	39758758	54124105	16711680	2	500,804,	0,14364543,	chr20	48064666	48065627	48065258	60	29	9	0	4.97350728712043e-06	5.88026026031912e-05	5880.26026031912	2.15870340829493e-05	2158.70340829493	3721.55685202419	0	0
chr20	39758758	54124105	chr20:38387400..38387900-chr20:52739840..52740644,2	200	.	39758758	54124105	16711680	2	500,804,	0,14364543,	chr20	53800320	53801731	53801003	66	47	12	0	1.33446625316669e-05	6.46828628635103e-05	6468.28628635103	3.49858828240902e-05	3498.58828240902	2969.69800394201	0	0
chr20	47331389	50727792	chr20:45960133..45960635-chr20:49343638..49344329,2	200	.	47331389	50727792	16711680	2	502,691,	0,3395712,	chr20	47598805	47600173	47599702	48	26	12	9.55414636294449e-11	3.34038593208241e-05	4.7042082082553e-05	4704.2082082553	1.93538926260925e-05	1935.38926260925	2768.81894564605	8.68774547710576e-07	0
chr20	47331389	50727792	chr20:45960133..45960635-chr20:49343638..49344329,2	200	.	47331389	50727792	16711680	2	502,691,	0,3395712,	chr20	48051537	48052758	48051934	29	9	4	7.53443862855363e-10	1.66483435540821e-05	2.84212579248758e-05	2842.12579248758	6.69942437057047e-06	669.942437057047	2172.18335543053	5.594860434884e-06	0
chr20	47331389	50727792	chr20:45960133..45960635-chr20:49343638..49344329,2	200	.	47331389	50727792	16711680	2	502,691,	0,3395712,	chr20	48064666	48065627	48065258	60	29	9	0	4.97350728712043e-06	5.88026026031912e-05	5880.26026031912	2.15870340829493e-05	2158.70340829493	3721.55685202419	0	0
chr20	47344997	54149590	chr20:45973741..45974624-chr20:52765376..52766129,2	200	.	47344997	54149590	16711680	2	883,753,	0,6803840,	chr20	47598805	47600173	47599702	48	26	12	9.55414636294449e-11	3.34038593208241e-05	4.7042082082553e-05	4704.2082082553	1.93538926260925e-05	1935.38926260925	2768.81894564605	8.68774547710576e-07	0
chr20	47344997	54149590	chr20:45973741..45974624-chr20:52765376..52766129,2	200	.	47344997	54149590	16711680	2	883,753,	0,6803840,	chr20	48051537	48052758	48051934	29	9	4	7.53443862855363e-10	1.66483435540821e-05	2.84212579248758e-05	2842.12579248758	6.69942437057047e-06	669.942437057047	2172.18335543053	5.594860434884e-06	0
chr20	47344997	54149590	chr20:45973741..45974624-chr20:52765376..52766129,2	200	.	47344997	54149590	16711680	2	883,753,	0,6803840,	chr20	48064666	48065627	48065258	60	29	9	0	4.97350728712043e-06	5.88026026031912e-05	5880.26026031912	2.15870340829493e-05	2158.70340829493	3721.55685202419	0	0
chr20	47344997	54149590	chr20:45973741..45974624-chr20:52765376..52766129,2	200	.	47344997	54149590	16711680	2	883,753,	0,6803840,	chr20	53800320	53801731	53801003	66	47	12	0	1.33446625316669e-05	6.46828628635103e-05	6468.28628635103	3.49858828240902e-05	3498.58828240902	2969.69800394201	0	0
chr20	47344997	54149590	chr20:45973741..45974624-chr20:52765376..52766129,2	200	.	47344997	54149590	16711680	2	883,753,	0,6803840,	chr20	54132506	54133263	54132894	34	18	6	2.07937844720618e-09	7.04590817747208e-05	3.3321474808475e-05	3332.1474808475	1.33988487411409e-05	1339.88487411409	1992.26260673341	1.40652955697593e-05	0
chr20	47345347	50727991	chr20:45974091..45974604-chr20:49343585..49344528,2	200	.	47345347	50727991	16711680	2	513,943,	0,3381701,	chr20	47598805	47600173	47599702	48	26	12	9.55414636294449e-11	3.34038593208241e-05	4.7042082082553e-05	4704.2082082553	1.93538926260925e-05	1935.38926260925	2768.81894564605	8.68774547710576e-07	0
chr20	47345347	50727991	chr20:45974091..45974604-chr20:49343585..49344528,2	200	.	47345347	50727991	16711680	2	513,943,	0,3381701,	chr20	48051537	48052758	48051934	29	9	4	7.53443862855363e-10	1.66483435540821e-05	2.84212579248758e-05	2842.12579248758	6.69942437057047e-06	669.942437057047	2172.18335543053	5.594860434884e-06	0
chr20	47345347	50727991	chr20:45974091..45974604-chr20:49343585..49344528,2	200	.	47345347	50727991	16711680	2	513,943,	0,3381701,	chr20	48064666	48065627	48065258	60	29	9	0	4.97350728712043e-06	5.88026026031912e-05	5880.26026031912	2.15870340829493e-05	2158.70340829493	3721.55685202419	0	0
chr20	47382374	50728186	chr20:46011118..46012101-chr20:49343687..49344723,5	500	.	47382374	50728186	16711680	2	983,1036,	0,3344776,	chr20	47598805	47600173	47599702	48	26	12	9.55414636294449e-11	3.34038593208241e-05	4.7042082082553e-05	4704.2082082553	1.93538926260925e-05	1935.38926260925	2768.81894564605	8.68774547710576e-07	0
chr20	47382374	50728186	chr20:46011118..46012101-chr20:49343687..49344723,5	500	.	47382374	50728186	16711680	2	983,1036,	0,3344776,	chr20	48051537	48052758	48051934	29	9	4	7.53443862855363e-10	1.66483435540821e-05	2.84212579248758e-05	2842.12579248758	6.69942437057047e-06	669.942437057047	2172.18335543053	5.594860434884e-06	0
chr20	47382374	50728186	chr20:46011118..46012101-chr20:49343687..49344723,5	500	.	47382374	50728186	16711680	2	983,1036,	0,3344776,	chr20	48064666	48065627	48065258	60	29	9	0	4.97350728712043e-06	5.88026026031912e-05	5880.26026031912	2.15870340829493e-05	2158.70340829493	3721.55685202419	0	0
chr20	47789807	48076493	chr20:46418551..46419462-chr20:46704414..46705236,3	300	.	47789807	48076493	16711680	2	911,822,	0,285864,	chr20	48051537	48052758	48051934	29	9	4	7.53443862855363e-10	1.66483435540821e-05	2.84212579248758e-05	2842.12579248758	6.69942437057047e-06	669.942437057047	2172.18335543053	5.594860434884e-06	0
chr20	47789807	48076493	chr20:46418551..46419462-chr20:46704414..46705236,3	300	.	47789807	48076493	16711680	2	911,822,	0,285864,	chr20	48064666	48065627	48065258	60	29	9	0	4.97350728712043e-06	5.88026026031912e-05	5880.26026031912	2.15870340829493e-05	2158.70340829493	3721.55685202419	0	0
chr20	47801078	48158402	chr20:46429822..46430713-chr20:46786605..46787145,2	200	.	47801078	48158402	16711680	2	891,540,	0,356784,	chr20	48051537	48052758	48051934	29	9	4	7.53443862855363e-10	1.66483435540821e-05	2.84212579248758e-05	2842.12579248758	6.69942437057047e-06	669.942437057047	2172.18335543053	5.594860434884e-06	0
chr20	47801078	48158402	chr20:46429822..46430713-chr20:46786605..46787145,2	200	.	47801078	48158402	16711680	2	891,540,	0,356784,	chr20	48064666	48065627	48065258	60	29	9	0	4.97350728712043e-06	5.88026026031912e-05	5880.26026031912	2.15870340829493e-05	2158.70340829493	3721.55685202419	0	0
chr20	47801082	48076538	chr20:46429826..46430688-chr20:46704454..46705281,2	200	.	47801082	48076538	16711680	2	862,827,	0,274629,	chr20	48051537	48052758	48051934	29	9	4	7.53443862855363e-10	1.66483435540821e-05	2.84212579248758e-05	2842.12579248758	6.69942437057047e-06	669.942437057047	2172.18335543053	5.594860434884e-06	0
chr20	47801082	48076538	chr20:46429826..46430688-chr20:46704454..46705281,2	200	.	47801082	48076538	16711680	2	862,827,	0,274629,	chr20	48064666	48065627	48065258	60	29	9	0	4.97350728712043e-06	5.88026026031912e-05	5880.26026031912	2.15870340829493e-05	2158.70340829493	3721.55685202419	0	0
chr20	47801464	48572494	chr20:46430208..46430727-chr20:47188493..47189032,2	200	.	47801464	48572494	16711680	2	519,539,	0,770491,	chr20	48051537	48052758	48051934	29	9	4	7.53443862855363e-10	1.66483435540821e-05	2.84212579248758e-05	2842.12579248758	6.69942437057047e-06	669.942437057047	2172.18335543053	5.594860434884e-06	0
chr20	47801464	48572494	chr20:46430208..46430727-chr20:47188493..47189032,2	200	.	47801464	48572494	16711680	2	519,539,	0,770491,	chr20	48064666	48065627	48065258	60	29	9	0	4.97350728712043e-06	5.88026026031912e-05	5880.26026031912	2.15870340829493e-05	2158.70340829493	3721.55685202419	0	0
chr20	47857211	48076680	chr20:46485955..46486580-chr20:46704611..46705423,2	200	.	47857211	48076680	16711680	2	625,812,	0,218657,	chr20	48051537	48052758	48051934	29	9	4	7.53443862855363e-10	1.66483435540821e-05	2.84212579248758e-05	2842.12579248758	6.69942437057047e-06	669.942437057047	2172.18335543053	5.594860434884e-06	0
chr20	47857211	48076680	chr20:46485955..46486580-chr20:46704611..46705423,2	200	.	47857211	48076680	16711680	2	625,812,	0,218657,	chr20	48064666	48065627	48065258	60	29	9	0	4.97350728712043e-06	5.88026026031912e-05	5880.26026031912	2.15870340829493e-05	2158.70340829493	3721.55685202419	0	0
chr20	47927613	48076409	chr20:46556357..46557211-chr20:46704538..46705152,2	200	.	47927613	48076409	16711680	2	854,614,	0,148182,	chr20	48051537	48052758	48051934	29	9	4	7.53443862855363e-10	1.66483435540821e-05	2.84212579248758e-05	2842.12579248758	6.69942437057047e-06	669.942437057047	2172.18335543053	5.594860434884e-06	0
chr20	47927613	48076409	chr20:46556357..46557211-chr20:46704538..46705152,2	200	.	47927613	48076409	16711680	2	854,614,	0,148182,	chr20	48064666	48065627	48065258	60	29	9	0	4.97350728712043e-06	5.88026026031912e-05	5880.26026031912	2.15870340829493e-05	2158.70340829493	3721.55685202419	0	0
chr20	47989542	48076837	chr20:46618286..46619417-chr20:46704307..46705580,10	1000	.	47989542	48076837	16711680	2	1131,1273,	0,86022,	chr20	48051537	48052758	48051934	29	9	4	7.53443862855363e-10	1.66483435540821e-05	2.84212579248758e-05	2842.12579248758	6.69942437057047e-06	669.942437057047	2172.18335543053	5.594860434884e-06	0
chr20	47989542	48076837	chr20:46618286..46619417-chr20:46704307..46705580,10	1000	.	47989542	48076837	16711680	2	1131,1273,	0,86022,	chr20	48064666	48065627	48065258	60	29	9	0	4.97350728712043e-06	5.88026026031912e-05	5880.26026031912	2.15870340829493e-05	2158.70340829493	3721.55685202419	0	0
chr20	48012346	48076384	chr20:46641090..46641668-chr20:46704403..46705127,2	200	.	48012346	48076384	16711680	2	578,724,	0,63314,	chr20	48051537	48052758	48051934	29	9	4	7.53443862855363e-10	1.66483435540821e-05	2.84212579248758e-05	2842.12579248758	6.69942437057047e-06	669.942437057047	2172.18335543053	5.594860434884e-06	0
chr20	48012346	48076384	chr20:46641090..46641668-chr20:46704403..46705127,2	200	.	48012346	48076384	16711680	2	578,724,	0,63314,	chr20	48064666	48065627	48065258	60	29	9	0	4.97350728712043e-06	5.88026026031912e-05	5880.26026031912	2.15870340829493e-05	2158.70340829493	3721.55685202419	0	0
chr20	48075654	54195929	chr20:46704397..46705661-chr20:52811502..52812468,14	1000	.	48075654	54195929	16711680	2	1264,966,	0,6119309,	chr20	53800320	53801731	53801003	66	47	12	0	1.33446625316669e-05	6.46828628635103e-05	6468.28628635103	3.49858828240902e-05	3498.58828240902	2969.69800394201	0	0
chr20	48075654	54195929	chr20:46704397..46705661-chr20:52811502..52812468,14	1000	.	48075654	54195929	16711680	2	1264,966,	0,6119309,	chr20	54132506	54133263	54132894	34	18	6	2.07937844720618e-09	7.04590817747208e-05	3.3321474808475e-05	3332.1474808475	1.33988487411409e-05	1339.88487411409	1992.26260673341	1.40652955697593e-05	0
chr20	48075712	54123947	chr20:46704455..46705085-chr20:52739865..52740486,2	200	.	48075712	54123947	16711680	2	630,621,	0,6047614,	chr20	53800320	53801731	53801003	66	47	12	0	1.33446625316669e-05	6.46828628635103e-05	6468.28628635103	3.49858828240902e-05	3498.58828240902	2969.69800394201	0	0
chr20	48075759	54149660	chr20:46704502..46705337-chr20:52765426..52766199,4	400	.	48075759	54149660	16711680	2	835,773,	0,6073128,	chr20	53800320	53801731	53801003	66	47	12	0	1.33446625316669e-05	6.46828628635103e-05	6468.28628635103	3.49858828240902e-05	3498.58828240902	2969.69800394201	0	0
chr20	48075759	54149660	chr20:46704502..46705337-chr20:52765426..52766199,4	400	.	48075759	54149660	16711680	2	835,773,	0,6073128,	chr20	54132506	54133263	54132894	34	18	6	2.07937844720618e-09	7.04590817747208e-05	3.3321474808475e-05	3332.1474808475	1.33988487411409e-05	1339.88487411409	1992.26260673341	1.40652955697593e-05	0
chr20	48075858	54087806	chr20:46704601..46705157-chr20:52703735..52704345,2	200	.	48075858	54087806	16711680	2	556,610,	0,6011338,	chr20	53800320	53801731	53801003	66	47	12	0	1.33446625316669e-05	6.46828628635103e-05	6468.28628635103	3.49858828240902e-05	3498.58828240902	2969.69800394201	0	0
chr20	48571915	54149631	chr20:47188453..47188965-chr20:52765584..52766170,2	200	.	48571915	54149631	16711680	2	512,586,	0,5577130,	chr20	53800320	53801731	53801003	66	47	12	0	1.33446625316669e-05	6.46828628635103e-05	6468.28628635103	3.49858828240902e-05	3498.58828240902	2969.69800394201	0	0
chr20	48571915	54149631	chr20:47188453..47188965-chr20:52765584..52766170,2	200	.	48571915	54149631	16711680	2	512,586,	0,5577130,	chr20	54132506	54133263	54132894	34	18	6	2.07937844720618e-09	7.04590817747208e-05	3.3321474808475e-05	3332.1474808475	1.33988487411409e-05	1339.88487411409	1992.26260673341	1.40652955697593e-05	0
chr20	48697764	54149625	chr20:47314302..47315275-chr20:52765377..52766164,3	300	.	48697764	54149625	16711680	2	973,787,	0,5451074,	chr20	53800320	53801731	53801003	66	47	12	0	1.33446625316669e-05	6.46828628635103e-05	6468.28628635103	3.49858828240902e-05	3498.58828240902	2969.69800394201	0	0
chr20	48697764	54149625	chr20:47314302..47315275-chr20:52765377..52766164,3	300	.	48697764	54149625	16711680	2	973,787,	0,5451074,	chr20	54132506	54133263	54132894	34	18	6	2.07937844720618e-09	7.04590817747208e-05	3.3321474808475e-05	3332.1474808475	1.33988487411409e-05	1339.88487411409	1992.26260673341	1.40652955697593e-05	0
chr20	48698020	54127607	chr20:47314558..47315197-chr20:52743433..52744146,2	200	.	48698020	54127607	16711680	2	639,713,	0,5428874,	chr20	53800320	53801731	53801003	66	47	12	0	1.33446625316669e-05	6.46828628635103e-05	6468.28628635103	3.49858828240902e-05	3498.58828240902	2969.69800394201	0	0
chr20	48864158	54124231	chr20:47480695..47481839-chr20:52739928..52740770,4	400	.	48864158	54124231	16711680	2	1144,842,	0,5259231,	chr20	53800320	53801731	53801003	66	47	12	0	1.33446625316669e-05	6.46828628635103e-05	6468.28628635103	3.49858828240902e-05	3498.58828240902	2969.69800394201	0	0
chr20	48864488	54149669	chr20:47481025..47481886-chr20:52765424..52766208,3	300	.	48864488	54149669	16711680	2	861,784,	0,5284397,	chr20	53800320	53801731	53801003	66	47	12	0	1.33446625316669e-05	6.46828628635103e-05	6468.28628635103	3.49858828240902e-05	3498.58828240902	2969.69800394201	0	0
chr20	48864488	54149669	chr20:47481025..47481886-chr20:52765424..52766208,3	300	.	48864488	54149669	16711680	2	861,784,	0,5284397,	chr20	54132506	54133263	54132894	34	18	6	2.07937844720618e-09	7.04590817747208e-05	3.3321474808475e-05	3332.1474808475	1.33988487411409e-05	1339.88487411409	1992.26260673341	1.40652955697593e-05	0
chr20	50727090	54195896	chr20:49343627..49344448-chr20:52811576..52812435,6	600	.	50727090	54195896	16711680	2	821,859,	0,3467947,	chr20	53800320	53801731	53801003	66	47	12	0	1.33446625316669e-05	6.46828628635103e-05	6468.28628635103	3.49858828240902e-05	3498.58828240902	2969.69800394201	0	0
chr20	50727090	54195896	chr20:49343627..49344448-chr20:52811576..52812435,6	600	.	50727090	54195896	16711680	2	821,859,	0,3467947,	chr20	54132506	54133263	54132894	34	18	6	2.07937844720618e-09	7.04590817747208e-05	3.3321474808475e-05	3332.1474808475	1.33988487411409e-05	1339.88487411409	1992.26260673341	1.40652955697593e-05	0
chr20	50727106	54149736	chr20:49343643..49344493-chr20:52765356..52766275,6	600	.	50727106	54149736	16711680	2	850,919,	0,3421711,	chr20	53800320	53801731	53801003	66	47	12	0	1.33446625316669e-05	6.46828628635103e-05	6468.28628635103	3.49858828240902e-05	3498.58828240902	2969.69800394201	0	0
chr20	50727106	54149736	chr20:49343643..49344493-chr20:52765356..52766275,6	600	.	50727106	54149736	16711680	2	850,919,	0,3421711,	chr20	54132506	54133263	54132894	34	18	6	2.07937844720618e-09	7.04590817747208e-05	3.3321474808475e-05	3332.1474808475	1.33988487411409e-05	1339.88487411409	1992.26260673341	1.40652955697593e-05	0
chr20	50727140	54124300	chr20:49343677..49344768-chr20:52739970..52740839,4	400	.	50727140	54124300	16711680	2	1091,869,	0,3396291,	chr20	53800320	53801731	53801003	66	47	12	0	1.33446625316669e-05	6.46828628635103e-05	6468.28628635103	3.49858828240902e-05	3498.58828240902	2969.69800394201	0	0
chr20	50763971	54124518	chr20:49380508..49381298-chr20:52740109..52741057,2	200	.	50763971	54124518	16711680	2	790,948,	0,3359599,	chr20	53800320	53801731	53801003	66	47	12	0	1.33446625316669e-05	6.46828628635103e-05	6468.28628635103	3.49858828240902e-05	3498.58828240902	2969.69800394201	0	0
chr20	50763976	54195952	chr20:49380513..49381355-chr20:52811947..52812491,2	200	.	50763976	54195952	16711680	2	842,544,	0,3431432,	chr20	53800320	53801731	53801003	66	47	12	0	1.33446625316669e-05	6.46828628635103e-05	6468.28628635103	3.49858828240902e-05	3498.58828240902	2969.69800394201	0	0
chr20	50763976	54195952	chr20:49380513..49381355-chr20:52811947..52812491,2	200	.	50763976	54195952	16711680	2	842,544,	0,3431432,	chr20	54132506	54133263	54132894	34	18	6	2.07937844720618e-09	7.04590817747208e-05	3.3321474808475e-05	3332.1474808475	1.33988487411409e-05	1339.88487411409	1992.26260673341	1.40652955697593e-05	0
chr20	53607993	54149627	chr20:52224532..52225159-chr20:52765348..52766166,2	200	.	53607993	54149627	16711680	2	627,818,	0,540816,	chr20	53800320	53801731	53801003	66	47	12	0	1.33446625316669e-05	6.46828628635103e-05	6468.28628635103	3.49858828240902e-05	3498.58828240902	2969.69800394201	0	0
chr20	53607993	54149627	chr20:52224532..52225159-chr20:52765348..52766166,2	200	.	53607993	54149627	16711680	2	627,818,	0,540816,	chr20	54132506	54133263	54132894	34	18	6	2.07937844720618e-09	7.04590817747208e-05	3.3321474808475e-05	3332.1474808475	1.33988487411409e-05	1339.88487411409	1992.26260673341	1.40652955697593e-05	0
chr20	53608039	54195925	chr20:52224578..52225128-chr20:52811673..52812464,2	200	.	53608039	54195925	16711680	2	550,791,	0,587095,	chr20	53800320	53801731	53801003	66	47	12	0	1.33446625316669e-05	6.46828628635103e-05	6468.28628635103	3.49858828240902e-05	3498.58828240902	2969.69800394201	0	0
chr20	53608039	54195925	chr20:52224578..52225128-chr20:52811673..52812464,2	200	.	53608039	54195925	16711680	2	550,791,	0,587095,	chr20	54132506	54133263	54132894	34	18	6	2.07937844720618e-09	7.04590817747208e-05	3.3321474808475e-05	3332.1474808475	1.33988487411409e-05	1339.88487411409	1992.26260673341	1.40652955697593e-05	0
chr20	53661489	54195963	chr20:52278028..52278937-chr20:52811392..52812502,5	500	.	53661489	54195963	16711680	2	909,1110,	0,533364,	chr20	53800320	53801731	53801003	66	47	12	0	1.33446625316669e-05	6.46828628635103e-05	6468.28628635103	3.49858828240902e-05	3498.58828240902	2969.69800394201	0	0
chr20	53661489	54195963	chr20:52278028..52278937-chr20:52811392..52812502,5	500	.	53661489	54195963	16711680	2	909,1110,	0,533364,	chr20	54132506	54133263	54132894	34	18	6	2.07937844720618e-09	7.04590817747208e-05	3.3321474808475e-05	3332.1474808475	1.33988487411409e-05	1339.88487411409	1992.26260673341	1.40652955697593e-05	0
chr20	53661564	53828908	chr20:52278103..52278773-chr20:52444653..52445447,2	200	.	53661564	53828908	16711680	2	670,794,	0,166550,	chr20	53800320	53801731	53801003	66	47	12	0	1.33446625316669e-05	6.46828628635103e-05	6468.28628635103	3.49858828240902e-05	3498.58828240902	2969.69800394201	0	0
chr20	53661753	53865077	chr20:52278292..52278903-chr20:52480742..52481616,3	300	.	53661753	53865077	16711680	2	611,874,	0,202450,	chr20	53800320	53801731	53801003	66	47	12	0	1.33446625316669e-05	6.46828628635103e-05	6468.28628635103	3.49858828240902e-05	3498.58828240902	2969.69800394201	0	0
chr20	53661837	53806274	chr20:52278376..52279004-chr20:52422159..52422813,2	200	.	53661837	53806274	16711680	2	628,654,	0,143783,	chr20	53800320	53801731	53801003	66	47	12	0	1.33446625316669e-05	6.46828628635103e-05	6468.28628635103	3.49858828240902e-05	3498.58828240902	2969.69800394201	0	0
chr20	53661839	54149434	chr20:52278378..52278945-chr20:52765351..52765973,2	200	.	53661839	54149434	16711680	2	567,622,	0,486973,	chr20	53800320	53801731	53801003	66	47	12	0	1.33446625316669e-05	6.46828628635103e-05	6468.28628635103	3.49858828240902e-05	3498.58828240902	2969.69800394201	0	0
chr20	53661839	54149434	chr20:52278378..52278945-chr20:52765351..52765973,2	200	.	53661839	54149434	16711680	2	567,622,	0,486973,	chr20	54132506	54133263	54132894	34	18	6	2.07937844720618e-09	7.04590817747208e-05	3.3321474808475e-05	3332.1474808475	1.33988487411409e-05	1339.88487411409	1992.26260673341	1.40652955697593e-05	0
chr20	53661855	54124177	chr20:52278394..52278897-chr20:52740216..52740716,2	200	.	53661855	54124177	16711680	2	503,500,	0,461822,	chr20	53800320	53801731	53801003	66	47	12	0	1.33446625316669e-05	6.46828628635103e-05	6468.28628635103	3.49858828240902e-05	3498.58828240902	2969.69800394201	0	0
chr20	53661875	57264083	chr20:52278414..52279052-chr20:55838156..55839139,2	200	.	53661875	57264083	16711680	2	638,983,	0,3601225,	chr20	53800320	53801731	53801003	66	47	12	0	1.33446625316669e-05	6.46828628635103e-05	6468.28628635103	3.49858828240902e-05	3498.58828240902	2969.69800394201	0	0
chr20	53661875	57264083	chr20:52278414..52279052-chr20:55838156..55839139,2	200	.	53661875	57264083	16711680	2	638,983,	0,3601225,	chr20	56814321	56814910	56814597	29	12	5	2.76119349607029e-10	0.000172465711892555	2.84212579248758e-05	2842.12579248758	8.93256582742729e-06	893.25658274273	1948.86920974485	2.25007158680042e-06	0
chr20	53661875	57264083	chr20:52278414..52279052-chr20:55838156..55839139,2	200	.	53661875	57264083	16711680	2	638,983,	0,3601225,	chr20	54132506	54133263	54132894	34	18	6	2.07937844720618e-09	7.04590817747208e-05	3.3321474808475e-05	3332.1474808475	1.33988487411409e-05	1339.88487411409	1992.26260673341	1.40652955697593e-05	0
chr20	53724848	57263619	chr20:52341387..52341931-chr20:55838149..55838675,2	200	.	53724848	57263619	16711680	2	544,526,	0,3538245,	chr20	53800320	53801731	53801003	66	47	12	0	1.33446625316669e-05	6.46828628635103e-05	6468.28628635103	3.49858828240902e-05	3498.58828240902	2969.69800394201	0	0
chr20	53724848	57263619	chr20:52341387..52341931-chr20:55838149..55838675,2	200	.	53724848	57263619	16711680	2	544,526,	0,3538245,	chr20	56814321	56814910	56814597	29	12	5	2.76119349607029e-10	0.000172465711892555	2.84212579248758e-05	2842.12579248758	8.93256582742729e-06	893.25658274273	1948.86920974485	2.25007158680042e-06	0
chr20	53724848	57263619	chr20:52341387..52341931-chr20:55838149..55838675,2	200	.	53724848	57263619	16711680	2	544,526,	0,3538245,	chr20	54132506	54133263	54132894	34	18	6	2.07937844720618e-09	7.04590817747208e-05	3.3321474808475e-05	3332.1474808475	1.33988487411409e-05	1339.88487411409	1992.26260673341	1.40652955697593e-05	0
chr20	53773724	54124164	chr20:52390263..52391133-chr20:52740057..52740703,2	200	.	53773724	54124164	16711680	2	870,646,	0,349794,	chr20	53800320	53801731	53801003	66	47	12	0	1.33446625316669e-05	6.46828628635103e-05	6468.28628635103	3.49858828240902e-05	3498.58828240902	2969.69800394201	0	0
chr20	53773888	53852768	chr20:52390427..52391199-chr20:52468797..52469307,2	200	.	53773888	53852768	16711680	2	772,510,	0,78370,	chr20	53800320	53801731	53801003	66	47	12	0	1.33446625316669e-05	6.46828628635103e-05	6468.28628635103	3.49858828240902e-05	3498.58828240902	2969.69800394201	0	0
chr20	53979747	54195579	chr20:52596286..52596804-chr20:52811617..52812118,2	200	.	53979747	54195579	16711680	2	518,501,	0,215331,	chr20	54132506	54133263	54132894	34	18	6	2.07937844720618e-09	7.04590817747208e-05	3.3321474808475e-05	3332.1474808475	1.33988487411409e-05	1339.88487411409	1992.26260673341	1.40652955697593e-05	0
chr20	53982640	54195998	chr20:52599179..52599997-chr20:52811545..52812537,5	500	.	53982640	54195998	16711680	2	818,992,	0,212366,	chr20	54132506	54133263	54132894	34	18	6	2.07937844720618e-09	7.04590817747208e-05	3.3321474808475e-05	3332.1474808475	1.33988487411409e-05	1339.88487411409	1992.26260673341	1.40652955697593e-05	0
chr20	53982681	54149673	chr20:52599220..52600148-chr20:52765356..52766212,6	600	.	53982681	54149673	16711680	2	928,856,	0,166136,	chr20	54132506	54133263	54132894	34	18	6	2.07937844720618e-09	7.04590817747208e-05	3.3321474808475e-05	3332.1474808475	1.33988487411409e-05	1339.88487411409	1992.26260673341	1.40652955697593e-05	0
chr20	54070455	54195743	chr20:52686994..52687794-chr20:52811640..52812282,3	300	.	54070455	54195743	16711680	2	800,642,	0,124646,	chr20	54132506	54133263	54132894	34	18	6	2.07937844720618e-09	7.04590817747208e-05	3.3321474808475e-05	3332.1474808475	1.33988487411409e-05	1339.88487411409	1992.26260673341	1.40652955697593e-05	0
chr20	54084766	54149688	chr20:52701305..52702013-chr20:52765578..52766227,2	200	.	54084766	54149688	16711680	2	708,649,	0,64273,	chr20	54132506	54133263	54132894	34	18	6	2.07937844720618e-09	7.04590817747208e-05	3.3321474808475e-05	3332.1474808475	1.33988487411409e-05	1339.88487411409	1992.26260673341	1.40652955697593e-05	0
chr20	54086778	54149709	chr20:52703317..52704188-chr20:52765410..52766248,3	300	.	54086778	54149709	16711680	2	871,838,	0,62093,	chr20	54132506	54133263	54132894	34	18	6	2.07937844720618e-09	7.04590817747208e-05	3.3321474808475e-05	3332.1474808475	1.33988487411409e-05	1339.88487411409	1992.26260673341	1.40652955697593e-05	0
chr20	54086829	54195891	chr20:52703368..52704204-chr20:52811305..52812430,3	300	.	54086829	54195891	16711680	2	836,1125,	0,107937,	chr20	54132506	54133263	54132894	34	18	6	2.07937844720618e-09	7.04590817747208e-05	3.3321474808475e-05	3332.1474808475	1.33988487411409e-05	1339.88487411409	1992.26260673341	1.40652955697593e-05	0
chr20	54099211	54195995	chr20:52715750..52716706-chr20:52811566..52812534,9	900	.	54099211	54195995	16711680	2	956,968,	0,95816,	chr20	54132506	54133263	54132894	34	18	6	2.07937844720618e-09	7.04590817747208e-05	3.3321474808475e-05	3332.1474808475	1.33988487411409e-05	1339.88487411409	1992.26260673341	1.40652955697593e-05	0
chr20	54099239	54149773	chr20:52715778..52716806-chr20:52765023..52766312,8	800	.	54099239	54149773	16711680	2	1028,1289,	0,49245,	chr20	54132506	54133263	54132894	34	18	6	2.07937844720618e-09	7.04590817747208e-05	3.3321474808475e-05	3332.1474808475	1.33988487411409e-05	1339.88487411409	1992.26260673341	1.40652955697593e-05	0
chr20	54102002	54195896	chr20:52718541..52720185-chr20:52811223..52812435,5	500	.	54102002	54195896	16711680	2	1644,1212,	0,92682,	chr20	54132506	54133263	54132894	34	18	6	2.07937844720618e-09	7.04590817747208e-05	3.3321474808475e-05	3332.1474808475	1.33988487411409e-05	1339.88487411409	1992.26260673341	1.40652955697593e-05	0
chr20	54103812	54196017	chr20:52720351..52721444-chr20:52811556..52812556,6	600	.	54103812	54196017	16711680	2	1093,1000,	0,91205,	chr20	54132506	54133263	54132894	34	18	6	2.07937844720618e-09	7.04590817747208e-05	3.3321474808475e-05	3332.1474808475	1.33988487411409e-05	1339.88487411409	1992.26260673341	1.40652955697593e-05	0
chr20	54103814	54149763	chr20:52720353..52721343-chr20:52765343..52766302,5	500	.	54103814	54149763	16711680	2	990,959,	0,44990,	chr20	54132506	54133263	54132894	34	18	6	2.07937844720618e-09	7.04590817747208e-05	3.3321474808475e-05	3332.1474808475	1.33988487411409e-05	1339.88487411409	1992.26260673341	1.40652955697593e-05	0
chr20	54107648	54149696	chr20:52724187..52724972-chr20:52765344..52766235,2	200	.	54107648	54149696	16711680	2	785,891,	0,41157,	chr20	54132506	54133263	54132894	34	18	6	2.07937844720618e-09	7.04590817747208e-05	3.3321474808475e-05	3332.1474808475	1.33988487411409e-05	1339.88487411409	1992.26260673341	1.40652955697593e-05	0
chr20	54107869	54195981	chr20:52724408..52725083-chr20:52811564..52812520,3	300	.	54107869	54195981	16711680	2	675,956,	0,87156,	chr20	54132506	54133263	54132894	34	18	6	2.07937844720618e-09	7.04590817747208e-05	3.3321474808475e-05	3332.1474808475	1.33988487411409e-05	1339.88487411409	1992.26260673341	1.40652955697593e-05	0
chr20	54110404	54196077	chr20:52726943..52727461-chr20:52811544..52812616,3	300	.	54110404	54196077	16711680	2	518,1072,	0,84601,	chr20	54132506	54133263	54132894	34	18	6	2.07937844720618e-09	7.04590817747208e-05	3.3321474808475e-05	3332.1474808475	1.33988487411409e-05	1339.88487411409	1992.26260673341	1.40652955697593e-05	0
chr20	54122926	54150126	chr20:52739465..52740961-chr20:52765012..52766665,338	1000	.	54122926	54150126	16711680	2	1496,1653,	0,25547,	chr20	54132506	54133263	54132894	34	18	6	2.07937844720618e-09	7.04590817747208e-05	3.3321474808475e-05	3332.1474808475	1.33988487411409e-05	1339.88487411409	1992.26260673341	1.40652955697593e-05	0
chr20	54123155	54196189	chr20:52739694..52741479-chr20:52810799..52812728,283	1000	.	54123155	54196189	16711680	2	1785,1929,	0,71105,	chr20	54132506	54133263	54132894	34	18	6	2.07937844720618e-09	7.04590817747208e-05	3.3321474808475e-05	3332.1474808475	1.33988487411409e-05	1339.88487411409	1992.26260673341	1.40652955697593e-05	0
chr20	54123720	54152398	chr20:52740259..52740856-chr20:52768240..52768937,2	200	.	54123720	54152398	16711680	2	597,697,	0,27981,	chr20	54132506	54133263	54132894	34	18	6	2.07937844720618e-09	7.04590817747208e-05	3.3321474808475e-05	3332.1474808475	1.33988487411409e-05	1339.88487411409	1992.26260673341	1.40652955697593e-05	0
chr20	54123841	54269564	chr20:52740380..52740956-chr20:52885457..52886103,2	200	.	54123841	54269564	16711680	2	576,646,	0,145077,	chr20	54132506	54133263	54132894	34	18	6	2.07937844720618e-09	7.04590817747208e-05	3.3321474808475e-05	3332.1474808475	1.33988487411409e-05	1339.88487411409	1992.26260673341	1.40652955697593e-05	0
chr20	54126708	54149807	chr20:52743247..52744381-chr20:52765148..52766346,109	1000	.	54126708	54149807	16711680	2	1134,1198,	0,21901,	chr20	54132506	54133263	54132894	34	18	6	2.07937844720618e-09	7.04590817747208e-05	3.3321474808475e-05	3332.1474808475	1.33988487411409e-05	1339.88487411409	1992.26260673341	1.40652955697593e-05	0
chr20	54126731	54196022	chr20:52743270..52744356-chr20:52811257..52812561,100	1000	.	54126731	54196022	16711680	2	1086,1304,	0,67987,	chr20	54132506	54133263	54132894	34	18	6	2.07937844720618e-09	7.04590817747208e-05	3.3321474808475e-05	3332.1474808475	1.33988487411409e-05	1339.88487411409	1992.26260673341	1.40652955697593e-05	0
chr20	54195074	57263606	chr20:52811613..52812326-chr20:55838036..55838662,3	300	.	54195074	57263606	16711680	2	713,626,	0,3067906,	chr20	56814321	56814910	56814597	29	12	5	2.76119349607029e-10	0.000172465711892555	2.84212579248758e-05	2842.12579248758	8.93256582742729e-06	893.25658274273	1948.86920974485	2.25007158680042e-06	0
chr20	56734911	56955420	chr20:55309967..55310940-chr20:55529565..55530476,4	400	.	56734911	56955420	16711680	2	973,911,	0,219598,	chr20	56814321	56814910	56814597	29	12	5	2.76119349607029e-10	0.000172465711892555	2.84212579248758e-05	2842.12579248758	8.93256582742729e-06	893.25658274273	1948.86920974485	2.25007158680042e-06	0
chr20	56734926	56890833	chr20:55309982..55310990-chr20:55464855..55465889,5	500	.	56734926	56890833	16711680	2	1008,1034,	0,154873,	chr20	56814321	56814910	56814597	29	12	5	2.76119349607029e-10	0.000172465711892555	2.84212579248758e-05	2842.12579248758	8.93256582742729e-06	893.25658274273	1948.86920974485	2.25007158680042e-06	0
chr20	56734955	56919842	chr20:55310011..55310858-chr20:55493970..55494898,5	500	.	56734955	56919842	16711680	2	847,928,	0,183959,	chr20	56814321	56814910	56814597	29	12	5	2.76119349607029e-10	0.000172465711892555	2.84212579248758e-05	2842.12579248758	8.93256582742729e-06	893.25658274273	1948.86920974485	2.25007158680042e-06	0
chr20	56735039	56936873	chr20:55310095..55310948-chr20:55511359..55511929,3	300	.	56735039	56936873	16711680	2	853,570,	0,201264,	chr20	56814321	56814910	56814597	29	12	5	2.76119349607029e-10	0.000172465711892555	2.84212579248758e-05	2842.12579248758	8.93256582742729e-06	893.25658274273	1948.86920974485	2.25007158680042e-06	0
chr20	56735041	57049968	chr20:55310097..55310732-chr20:55624362..55625024,3	300	.	56735041	57049968	16711680	2	635,662,	0,314265,	chr20	56814321	56814910	56814597	29	12	5	2.76119349607029e-10	0.000172465711892555	2.84212579248758e-05	2842.12579248758	8.93256582742729e-06	893.25658274273	1948.86920974485	2.25007158680042e-06	0
chr20	56735066	56975242	chr20:55310122..55310927-chr20:55549772..55550298,2	200	.	56735066	56975242	16711680	2	805,526,	0,239650,	chr20	56814321	56814910	56814597	29	12	5	2.76119349607029e-10	0.000172465711892555	2.84212579248758e-05	2842.12579248758	8.93256582742729e-06	893.25658274273	1948.86920974485	2.25007158680042e-06	0
chr20	56758442	56890791	chr20:55333498..55334431-chr20:55464867..55465847,4	400	.	56758442	56890791	16711680	2	933,980,	0,131369,	chr20	56814321	56814910	56814597	29	12	5	2.76119349607029e-10	0.000172465711892555	2.84212579248758e-05	2842.12579248758	8.93256582742729e-06	893.25658274273	1948.86920974485	2.25007158680042e-06	0
chr20	56758445	57071948	chr20:55333501..55334228-chr20:55646167..55647004,2	200	.	56758445	57071948	16711680	2	727,837,	0,312666,	chr20	56814321	56814910	56814597	29	12	5	2.76119349607029e-10	0.000172465711892555	2.84212579248758e-05	2842.12579248758	8.93256582742729e-06	893.25658274273	1948.86920974485	2.25007158680042e-06	0
chr20	56758480	56919860	chr20:55333536..55334308-chr20:55494264..55494916,4	400	.	56758480	56919860	16711680	2	772,652,	0,160728,	chr20	56814321	56814910	56814597	29	12	5	2.76119349607029e-10	0.000172465711892555	2.84212579248758e-05	2842.12579248758	8.93256582742729e-06	893.25658274273	1948.86920974485	2.25007158680042e-06	0
chr20	56758506	56955134	chr20:55333562..55334206-chr20:55529531..55530190,2	200	.	56758506	56955134	16711680	2	644,659,	0,195969,	chr20	56814321	56814910	56814597	29	12	5	2.76119349607029e-10	0.000172465711892555	2.84212579248758e-05	2842.12579248758	8.93256582742729e-06	893.25658274273	1948.86920974485	2.25007158680042e-06	0
chr20	56758515	56937296	chr20:55333571..55334538-chr20:55511431..55512352,12	1000	.	56758515	56937296	16711680	2	967,921,	0,177860,	chr20	56814321	56814910	56814597	29	12	5	2.76119349607029e-10	0.000172465711892555	2.84212579248758e-05	2842.12579248758	8.93256582742729e-06	893.25658274273	1948.86920974485	2.25007158680042e-06	0
chr20	56758638	56974982	chr20:55333694..55334437-chr20:55549409..55550038,2	200	.	56758638	56974982	16711680	2	743,629,	0,215715,	chr20	56814321	56814910	56814597	29	12	5	2.76119349607029e-10	0.000172465711892555	2.84212579248758e-05	2842.12579248758	8.93256582742729e-06	893.25658274273	1948.86920974485	2.25007158680042e-06	0
chr20	56758768	56993720	chr20:55333824..55334337-chr20:55567800..55568776,2	200	.	56758768	56993720	16711680	2	513,976,	0,233976,	chr20	56814321	56814910	56814597	29	12	5	2.76119349607029e-10	0.000172465711892555	2.84212579248758e-05	2842.12579248758	8.93256582742729e-06	893.25658274273	1948.86920974485	2.25007158680042e-06	0
chr20	56758875	56923143	chr20:55333931..55334453-chr20:55497385..55498199,2	200	.	56758875	56923143	16711680	2	522,814,	0,163454,	chr20	56814321	56814910	56814597	29	12	5	2.76119349607029e-10	0.000172465711892555	2.84212579248758e-05	2842.12579248758	8.93256582742729e-06	893.25658274273	1948.86920974485	2.25007158680042e-06	0
chr21	14305950	15210941	chr21:15678271..15679097-chr21:16582211..16583261,3	300	.	14305950	15210941	16711680	2	826,1050,	0,903941,	chr21	15164451	15165523	15164756	24	14	8	6.81495992971293e-09	0.00091687497665538	2.35210410412765e-05	2352.10410412765	1.04213267986652e-05	1042.13267986652	1309.97142426113	4.13956749436197e-05	0
chr21	14863185	15210484	chr21:16235506..16236232-chr21:16582287..16582804,2	200	.	14863185	15210484	16711680	2	726,517,	0,346782,	chr21	15164451	15165523	15164756	24	14	8	6.81495992971293e-09	0.00091687497665538	2.35210410412765e-05	2352.10410412765	1.04213267986652e-05	1042.13267986652	1309.97142426113	4.13956749436197e-05	0
chr21	14877488	15210869	chr21:16249809..16250331-chr21:16582564..16583189,2	200	.	14877488	15210869	16711680	2	522,625,	0,332756,	chr21	15164451	15165523	15164756	24	14	8	6.81495992971293e-09	0.00091687497665538	2.35210410412765e-05	2352.10410412765	1.04213267986652e-05	1042.13267986652	1309.97142426113	4.13956749436197e-05	0
chr21	15003030	15200314	chr21:16375351..16376289-chr21:16571993..16572634,2	200	.	15003030	15200314	16711680	2	938,641,	0,196643,	chr21	15164451	15165523	15164756	24	14	8	6.81495992971293e-09	0.00091687497665538	2.35210410412765e-05	2352.10410412765	1.04213267986652e-05	1042.13267986652	1309.97142426113	4.13956749436197e-05	0
chr21	15003092	15342988	chr21:16375413..16376190-chr21:16714500..16715307,2	200	.	15003092	15342988	16711680	2	777,807,	0,339089,	chr21	15164451	15165523	15164756	24	14	8	6.81495992971293e-09	0.00091687497665538	2.35210410412765e-05	2352.10410412765	1.04213267986652e-05	1042.13267986652	1309.97142426113	4.13956749436197e-05	0
chr21	15003112	15210795	chr21:16375433..16376422-chr21:16582244..16583115,4	400	.	15003112	15210795	16711680	2	989,871,	0,206812,	chr21	15164451	15165523	15164756	24	14	8	6.81495992971293e-09	0.00091687497665538	2.35210410412765e-05	2352.10410412765	1.04213267986652e-05	1042.13267986652	1309.97142426113	4.13956749436197e-05	0
chr21	15003264	15173613	chr21:16375585..16376325-chr21:16545085..16545933,2	200	.	15003264	15173613	16711680	2	740,848,	0,169501,	chr21	15164451	15165523	15164756	24	14	8	6.81495992971293e-09	0.00091687497665538	2.35210410412765e-05	2352.10410412765	1.04213267986652e-05	1042.13267986652	1309.97142426113	4.13956749436197e-05	0
chr21	15004695	15210962	chr21:16377016..16378255-chr21:16582184..16583282,13	1000	.	15004695	15210962	16711680	2	1239,1098,	0,205169,	chr21	15164451	15165523	15164756	24	14	8	6.81495992971293e-09	0.00091687497665538	2.35210410412765e-05	2352.10410412765	1.04213267986652e-05	1042.13267986652	1309.97142426113	4.13956749436197e-05	0
chr21	15004917	15173282	chr21:16377238..16378235-chr21:16544902..16545602,3	300	.	15004917	15173282	16711680	2	997,700,	0,167665,	chr21	15164451	15165523	15164756	24	14	8	6.81495992971293e-09	0.00091687497665538	2.35210410412765e-05	2352.10410412765	1.04213267986652e-05	1042.13267986652	1309.97142426113	4.13956749436197e-05	0
chr21	15005031	15204375	chr21:16377352..16378335-chr21:16575784..16576695,5	500	.	15005031	15204375	16711680	2	983,911,	0,198433,	chr21	15164451	15165523	15164756	24	14	8	6.81495992971293e-09	0.00091687497665538	2.35210410412765e-05	2352.10410412765	1.04213267986652e-05	1042.13267986652	1309.97142426113	4.13956749436197e-05	0
chr21	15005080	15343028	chr21:16377401..16378315-chr21:16714678..16715347,3	300	.	15005080	15343028	16711680	2	914,669,	0,337279,	chr21	15164451	15165523	15164756	24	14	8	6.81495992971293e-09	0.00091687497665538	2.35210410412765e-05	2352.10410412765	1.04213267986652e-05	1042.13267986652	1309.97142426113	4.13956749436197e-05	0
chr21	15005093	15587484	chr21:16377414..16378279-chr21:16958983..16959803,3	300	.	15005093	15587484	16711680	2	865,820,	0,581571,	chr21	15164451	15165523	15164756	24	14	8	6.81495992971293e-09	0.00091687497665538	2.35210410412765e-05	2352.10410412765	1.04213267986652e-05	1042.13267986652	1309.97142426113	4.13956749436197e-05	0
chr21	15005109	15200448	chr21:16377430..16378305-chr21:16571594..16572768,4	400	.	15005109	15200448	16711680	2	875,1174,	0,194165,	chr21	15164451	15165523	15164756	24	14	8	6.81495992971293e-09	0.00091687497665538	2.35210410412765e-05	2352.10410412765	1.04213267986652e-05	1042.13267986652	1309.97142426113	4.13956749436197e-05	0
chr21	15132428	15211036	chr21:16504749..16505697-chr21:16582211..16583356,5	500	.	15132428	15211036	16711680	2	948,1145,	0,77463,	chr21	15164451	15165523	15164756	24	14	8	6.81495992971293e-09	0.00091687497665538	2.35210410412765e-05	2352.10410412765	1.04213267986652e-05	1042.13267986652	1309.97142426113	4.13956749436197e-05	0
chr21	15132517	15173329	chr21:16504838..16505677-chr21:16545069..16545649,2	200	.	15132517	15173329	16711680	2	839,580,	0,40232,	chr21	15164451	15165523	15164756	24	14	8	6.81495992971293e-09	0.00091687497665538	2.35210410412765e-05	2352.10410412765	1.04213267986652e-05	1042.13267986652	1309.97142426113	4.13956749436197e-05	0
chr3	32447519	188491912	chr3:32489011..32489531-chr3:188208875..188209700,2	200	.	32447519	188491912	16711680	2	520,825,	0,156043568,	chr3	64316556	64317979	64317417	27	2	6	4.16849010864695e-09	6.87723544778862e-10	2.6461171171436e-05	2646.1171171436	1.48876097123788e-06	148.876097123788	2497.24102001982	2.6485766405426e-05	0
chr3	32447519	188491912	chr3:32489011..32489531-chr3:188208875..188209700,2	200	.	32447519	188491912	16711680	2	520,825,	0,156043568,	chr3	101440116	101440584	101440351	23	10	5	4.06648126283216e-09	0.000455571780738739	2.25409976645566e-05	2254.09976645566	7.44380485618941e-06	744.380485618941	1509.71928083672	2.59461836975006e-05	0
chr3	32447519	188491912	chr3:32489011..32489531-chr3:188208875..188209700,2	200	.	32447519	188491912	16711680	2	520,825,	0,156043568,	chr3	113024799	113025267	113025029	31	14	4	1.01252339845814e-13	0.000166376759455189	3.03813446783155e-05	3038.13446783155	1.04213267986652e-05	1042.13267986652	1996.00178796503	1.60164220774917e-09	0
chr3	32447519	188491912	chr3:32489011..32489531-chr3:188208875..188209700,2	200	.	32447519	188491912	16711680	2	520,825,	0,156043568,	chr3	121689195	121689663	121689430	24	14	5	1.1553732415237e-09	0.000823042485897818	2.35210410412765e-05	2352.10410412765	1.04213267986652e-05	1042.13267986652	1309.97142426113	8.19860950595793e-06	0
chr3	32447519	188491912	chr3:32489011..32489531-chr3:188208875..188209700,2	200	.	32447519	188491912	16711680	2	520,825,	0,156043568,	chr3	121942186	121943044	121942659	46	35	15	0	0.00025062401621101	4.50819953291133e-05	4508.19953291133	2.60533169966629e-05	2605.33169966629	1902.86783324503	0	0
chr3	32447519	188491912	chr3:32489011..32489531-chr3:188208875..188209700,2	200	.	32447519	188491912	16711680	2	520,825,	0,156043568,	chr3	146097343	146097837	146097552	26	15	5	1.0464795696663e-10	0.00074607718406916	2.54811277947162e-05	2548.11277947162	1.11657072842841e-05	1116.57072842841	1431.54205104321	9.40320099901119e-07	0
chr3	32447519	188491912	chr3:32489011..32489531-chr3:188208875..188209700,2	200	.	32447519	188491912	16711680	2	520,825,	0,156043568,	chr3	150253104	150254315	150253828.5	26	4	14	4.9069157626036e-09	5.35258318778986e-08	2.54811277947162e-05	2548.11277947162	2.97752194247576e-06	297.752194247576	2250.36058522404	3.04140452797697e-05	0
chr3	32447519	188491912	chr3:32489011..32489531-chr3:188208875..188209700,2	200	.	32447519	188491912	16711680	2	520,825,	0,156043568,	chr3	153138268	153139413	153139128	39	18	6	0	1.05429356852538e-05	3.82216916920743e-05	3822.16916920743	1.33988487411409e-05	1339.88487411409	2482.28429509334	0	0
chr3	32447519	188491912	chr3:32489011..32489531-chr3:188208875..188209700,2	200	.	32447519	188491912	16711680	2	520,825,	0,156043568,	chr3	160935060	160935995	160935460	29	24	11	5.5609938875989e-10	0.000290780986205497	2.84212579248758e-05	2842.12579248758	1.78651316548546e-05	1786.51316548546	1055.61262700212	4.24356649093382e-06	0
chr3	32447519	188491912	chr3:32489011..32489531-chr3:188208875..188209700,2	200	.	32447519	188491912	16711680	2	520,825,	0,156043568,	chr3	172562638	172563941	172563513	25	11	13	2.59263588375802e-09	0.00030065753633568	2.45010844179963e-05	2450.10844179963	8.18818534180835e-06	818.818534180835	1631.2899076188	1.69701317026021e-05	0
chr3	32447519	188491912	chr3:32489011..32489531-chr3:188208875..188209700,2	200	.	32447519	188491912	16711680	2	520,825,	0,156043568,	chr3	185562643	185563529	185563300	27	9	6	4.29765112386349e-11	9.0979152048698e-06	2.6461171171436e-05	2646.1171171436	6.69942437057047e-06	669.942437057047	1976.17468008656	4.21047535032453e-07	0
chr3	32447519	188491912	chr3:32489011..32489531-chr3:188208875..188209700,2	200	.	32447519	188491912	16711680	2	520,825,	0,156043568,	chr3	113032073	113033466	113033228	32	18	9	7.38298311375729e-14	0.00071717056955567	3.13613880550353e-05	3136.13880550353	1.33988487411409e-05	1339.88487411409	1796.25393138944	1.21205356262099e-09	0
chr3	32447519	188491912	chr3:32489011..32489531-chr3:188208875..188209700,2	200	.	32447519	188491912	16711680	2	520,825,	0,156043568,	chr3	132317046	132318138	132317605	26	12	8	1.4601697628791e-10	6.25613076312703e-05	2.54811277947162e-05	2548.11277947162	8.93256582742729e-06	893.25658274273	1654.85619672889	1.28170747684851e-06	0
chr3	32447521	64491732	chr3:32489013..32489531-chr3:64476813..64477408,2	200	.	32447521	64491732	16711680	2	518,595,	0,32043616,	chr3	64316556	64317979	64317417	27	2	6	4.16849010864695e-09	6.87723544778862e-10	2.6461171171436e-05	2646.1171171436	1.48876097123788e-06	148.876097123788	2497.24102001982	2.6485766405426e-05	0
chr3	140947027	193879769	chr3:140665869..140666370-chr3:193597000..193597558,2	200	.	140947027	193879769	16711680	2	501,558,	0,52932184,	chr3	146097343	146097837	146097552	26	15	5	1.0464795696663e-10	0.00074607718406916	2.54811277947162e-05	2548.11277947162	1.11657072842841e-05	1116.57072842841	1431.54205104321	9.40320099901119e-07	0
chr3	140947027	193879769	chr3:140665869..140666370-chr3:193597000..193597558,2	200	.	140947027	193879769	16711680	2	501,558,	0,52932184,	chr3	150253104	150254315	150253828.5	26	4	14	4.9069157626036e-09	5.35258318778986e-08	2.54811277947162e-05	2548.11277947162	2.97752194247576e-06	297.752194247576	2250.36058522404	3.04140452797697e-05	0
chr3	140947027	193879769	chr3:140665869..140666370-chr3:193597000..193597558,2	200	.	140947027	193879769	16711680	2	501,558,	0,52932184,	chr3	153138268	153139413	153139128	39	18	6	0	1.05429356852538e-05	3.82216916920743e-05	3822.16916920743	1.33988487411409e-05	1339.88487411409	2482.28429509334	0	0
chr3	140947027	193879769	chr3:140665869..140666370-chr3:193597000..193597558,2	200	.	140947027	193879769	16711680	2	501,558,	0,52932184,	chr3	160935060	160935995	160935460	29	24	11	5.5609938875989e-10	0.000290780986205497	2.84212579248758e-05	2842.12579248758	1.78651316548546e-05	1786.51316548546	1055.61262700212	4.24356649093382e-06	0
chr3	140947027	193879769	chr3:140665869..140666370-chr3:193597000..193597558,2	200	.	140947027	193879769	16711680	2	501,558,	0,52932184,	chr3	172562638	172563941	172563513	25	11	13	2.59263588375802e-09	0.00030065753633568	2.45010844179963e-05	2450.10844179963	8.18818534180835e-06	818.818534180835	1631.2899076188	1.69701317026021e-05	0
chr3	140947027	193879769	chr3:140665869..140666370-chr3:193597000..193597558,2	200	.	140947027	193879769	16711680	2	501,558,	0,52932184,	chr3	185562643	185563529	185563300	27	9	6	4.29765112386349e-11	9.0979152048698e-06	2.6461171171436e-05	2646.1171171436	6.69942437057047e-06	669.942437057047	1976.17468008656	4.21047535032453e-07	0
chr3	150237678	150737753	chr3:149955465..149956755-chr3:150454327..150455540,5	500	.	150237678	150737753	16711680	2	1290,1213,	0,498862,	chr3	150253104	150254315	150253828.5	26	4	14	4.9069157626036e-09	5.35258318778986e-08	2.54811277947162e-05	2548.11277947162	2.97752194247576e-06	297.752194247576	2250.36058522404	3.04140452797697e-05	0
chr3	150736950	161340037	chr3:150454737..150455301-chr3:161057286..161057825,2	200	.	150736950	161340037	16711680	2	564,539,	0,10602548,	chr3	153138268	153139413	153139128	39	18	6	0	1.05429356852538e-05	3.82216916920743e-05	3822.16916920743	1.33988487411409e-05	1339.88487411409	2482.28429509334	0	0
chr3	150736950	161340037	chr3:150454737..150455301-chr3:161057286..161057825,2	200	.	150736950	161340037	16711680	2	564,539,	0,10602548,	chr3	160935060	160935995	160935460	29	24	11	5.5609938875989e-10	0.000290780986205497	2.84212579248758e-05	2842.12579248758	1.78651316548546e-05	1786.51316548546	1055.61262700212	4.24356649093382e-06	0
chr3	150737090	154219393	chr3:150454877..150455380-chr3:153936589..153937182,2	200	.	150737090	154219393	16711680	2	503,593,	0,3481710,	chr3	153138268	153139413	153139128	39	18	6	0	1.05429356852538e-05	3.82216916920743e-05	3822.16916920743	1.33988487411409e-05	1339.88487411409	2482.28429509334	0	0
chr4	74374421	74618993	chr4:75240138..75240716-chr4:75543495..75544207,2	200	.	74374421	74618993	16711680	2	578,712,	0,243860,	chr4	74545753	74546648	74546249	27	16	14	1.44973111293467e-09	0.000136820521480785	2.6461171171436e-05	2646.1171171436	1.19100877699031e-05	1191.00877699031	1455.1083401533	1.01461054332476e-05	0
chr4	74374814	74662836	chr4:75240531..75241121-chr4:75587038..75588035,2	200	.	74374814	74662836	16711680	2	590,997,	0,287025,	chr4	74545753	74546648	74546249	27	16	14	1.44973111293467e-09	0.000136820521480785	2.6461171171436e-05	2646.1171171436	1.19100877699031e-05	1191.00877699031	1455.1083401533	1.01461054332476e-05	0
chr4	74473232	74580589	chr4:75338949..75339551-chr4:75505240..75505771,2	200	.	74473232	74580589	16711680	2	602,531,	0,106826,	chr4	74545753	74546648	74546249	27	16	14	1.44973111293467e-09	0.000136820521480785	2.6461171171436e-05	2646.1171171436	1.19100877699031e-05	1191.00877699031	1455.1083401533	1.01461054332476e-05	0
chr5	137850148	137889348	chr5:137185837..137186695-chr5:137224432..137225037,2	200	.	137850148	137889348	16711680	2	858,605,	0,38595,	chr5	137890098	137891347	137891124	36	9	12	3.33066907387547e-16	2.93831946551748e-08	3.52815615619147e-05	3528.15615619147	6.69942437057047e-06	669.942437057047	2858.21371913443	7.66335984568979e-12	0
chr6	44110069	44238675	chr6:44077806..44078726-chr6:44204971..44206412,4	400	.	44110069	44238675	16711680	2	920,1441,	0,127165,	chr6	44203826	44205041	44204296	27	8	7	7.33155758325665e-11	0.00024766868077486	2.6461171171436e-05	2646.1171171436	5.95504388495153e-06	595.504388495153	2050.61272864845	6.78866021467844e-07	0
chr7	151694484	151857243	chr7:151391570..151392561-chr7:151553318..151554328,13	1000	.	151694484	151857243	16711680	2	991,1010,	0,161749,	chr7	151736088	151736965	151736406	24	9	6	2.24791518732559e-09	0.000552674893700256	2.35210410412765e-05	2352.10410412765	6.69942437057047e-06	669.942437057047	1682.1616670706	1.50047992920877e-05	0
chr7	151721270	151857216	chr7:151418356..151419311-chr7:151553722..151554301,2	200	.	151721270	151857216	16711680	2	955,579,	0,135367,	chr7	151736088	151736965	151736406	24	9	6	2.24791518732559e-09	0.000552674893700256	2.35210410412765e-05	2352.10410412765	6.69942437057047e-06	669.942437057047	1682.1616670706	1.50047992920877e-05	0
chr8	33244813	127871118	chr8:33102331..33103254-chr8:128882687..128883364,2	200	.	33244813	127871118	16711680	2	923,677,	0,94625628,	chr8	61781728	61783251	61782772	40	11	28	0	3.21979665152128e-10	3.92017350687941e-05	3920.17350687941	8.18818534180835e-06	818.818534180835	3101.35497269858	0	0
chr8	33244813	127871118	chr8:33102331..33103254-chr8:128882687..128883364,2	200	.	33244813	127871118	16711680	2	923,677,	0,94625628,	chr8	92053502	92054129	92053706	23	10	10	7.2548973495401e-09	0.000522802993828675	2.25409976645566e-05	2254.09976645566	7.44380485618941e-06	744.380485618941	1509.71928083672	4.38923891004792e-05	0
chr8	33244813	127871118	chr8:33102331..33103254-chr8:128882687..128883364,2	200	.	33244813	127871118	16711680	2	923,677,	0,94625628,	chr8	124137718	124138965	124138451	29	13	7	2.01986205539129e-11	0.000808536392383208	2.84212579248758e-05	2842.12579248758	9.67694631304624e-06	967.694631304624	1874.43116118295	2.13005534928676e-07	0
chr8	33244813	127871118	chr8:33102331..33103254-chr8:128882687..128883364,2	200	.	33244813	127871118	16711680	2	923,677,	0,94625628,	chr8	125606490	125606980	125606761	31	10	3	1.45994327738208e-13	1.00481163860522e-05	3.03813446783155e-05	3038.13446783155	7.44380485618941e-06	744.380485618941	2293.75398221261	2.2622551054674e-09	0
chr8	33244813	127871118	chr8:33102331..33103254-chr8:128882687..128883364,2	200	.	33244813	127871118	16711680	2	923,677,	0,94625628,	chr8	126496738	126498170	126497495	42	16	14	0	3.28521080894539e-07	4.11618218222338e-05	4116.18218222339	1.19100877699031e-05	1191.00877699031	2925.17340523308	0	0
chr8	33244813	127871118	chr8:33102331..33103254-chr8:128882687..128883364,2	200	.	33244813	127871118	16711680	2	923,677,	0,94625628,	chr8	127317425	127317893	127317660	25	11	5	6.37087049781826e-10	0.000604478114564433	2.45010844179963e-05	2450.10844179963	8.18818534180835e-06	818.818534180835	1631.2899076188	4.80126190188407e-06	0
chr8	33244813	127871118	chr8:33102331..33103254-chr8:128882687..128883364,2	200	.	33244813	127871118	16711680	2	923,677,	0,94625628,	chr8	90586884	90588108	90587682	40	29	18	1.98729921407903e-14	3.54165854199451e-07	3.92017350687941e-05	3920.17350687941	2.15870340829493e-05	2158.70340829493	1761.47009858449	3.46877138762372e-10	0
chr8	90581412	90913218	chr8:91593640..91594279-chr8:91924795..91925446,2	200	.	90581412	90913218	16711680	2	639,651,	0,331155,	chr8	90586884	90588108	90587682	40	29	18	1.98729921407903e-14	3.54165854199451e-07	3.92017350687941e-05	3920.17350687941	2.15870340829493e-05	2158.70340829493	1761.47009858449	3.46877138762372e-10	0
chr9	13510502	14406884	chr9:13510501..13511172-chr9:14406347..14406882,2	200	.	13510502	14406884	16711680	2	671,536,	0,895846,	chr9	14330858	14331744	14331204	28	4	11	2.98201463522219e-11	1.32263657803833e-08	2.74412145481559e-05	2744.12145481559	2.97752194247576e-06	297.752194247576	2446.36926056801	3.01891010829891e-07	0
chr9	14261604	14407249	chr9:14261603..14262405-chr9:14406740..14407247,3	300	.	14261604	14407249	16711680	2	802,507,	0,145138,	chr9	14330858	14331744	14331204	28	4	11	2.98201463522219e-11	1.32263657803833e-08	2.74412145481559e-05	2744.12145481559	2.97752194247576e-06	297.752194247576	2446.36926056801	3.01891010829891e-07	0
chr9	71782929	72026773	chr9:74397845..74398622-chr9:74641131..74641689,2	200	.	71782929	72026773	16711680	2	777,558,	0,243286,	chr9	71987629	71988568	71988354	24	8	9	2.5652684421118e-09	0.000117993413732975	2.35210410412765e-05	2352.10410412765	5.95504388495153e-06	595.504388495153	1756.5997156325	1.68636860614063e-05	0
chr9	71783043	71993028	chr9:74397959..74398839-chr9:74606978..74607944,2	200	.	71783043	71993028	16711680	2	880,966,	0,209019,	chr9	71987629	71988568	71988354	24	8	9	2.5652684421118e-09	0.000117993413732975	2.35210410412765e-05	2352.10410412765	5.95504388495153e-06	595.504388495153	1756.5997156325	1.68636860614063e-05	0
chr9	77846560	78041123	chr9:80461476..80462080-chr9:80655490..80656039,2	200	.	77846560	78041123	16711680	2	604,549,	0,194014,	chr9	77942690	77943639	77943269	26	7	12	2.3018239536654e-09	2.23138885946383e-06	2.54811277947162e-05	2548.11277947162	5.21066339933259e-06	521.066339933259	2027.04643953836	1.52973981674144e-05	0
chr9	88369936	125174889	chr9:90984851..90985655-chr9:127936274..127937168,2	200	.	88369936	125174889	16711680	2	804,894,	0,36804059,	chr9	94138702	94140173	94139834	38	22	13	1.11022302462516e-16	0.000178717353737312	3.72416483153544e-05	3724.16483153544	1.63763706836167e-05	1637.63706836167	2086.52776317377	2.67609391436786e-12	0
chr9	88369936	125174889	chr9:90984851..90985655-chr9:127936274..127937168,2	200	.	88369936	125174889	16711680	2	804,894,	0,36804059,	chr9	105054528	105055173	105054833	34	8	9	6.21724893790088e-15	1.06772929386878e-08	3.3321474808475e-05	3332.1474808475	5.95504388495153e-06	595.504388495153	2736.64309235235	1.15843672759384e-10	0
chr9	88369936	125174889	chr9:90984851..90985655-chr9:127936274..127937168,2	200	.	88369936	125174889	16711680	2	804,894,	0,36804059,	chr9	108594589	108595048	108594815	30	15	4	5.61217738948017e-13	0.00047227908774139	2.94013013015956e-05	2940.13013015956	1.11657072842841e-05	1116.57072842841	1823.55940173115	8.11659284227773e-09	0
chr9	88369936	125174889	chr9:90984851..90985655-chr9:127936274..127937168,2	200	.	88369936	125174889	16711680	2	804,894,	0,36804059,	chr9	111600692	111602243	111601867	42	22	16	0	2.86733247434334e-06	4.11618218222338e-05	4116.18218222339	1.63763706836167e-05	1637.63706836167	2478.54511386171	0	0
chr9	92665922	121717964	chr9:95428204..95428780-chr9:124479526..124480243,2	200	.	92665922	121717964	16711680	2	576,717,	0,29051325,	chr9	94138702	94140173	94139834	38	22	13	1.11022302462516e-16	0.000178717353737312	3.72416483153544e-05	3724.16483153544	1.63763706836167e-05	1637.63706836167	2086.52776317377	2.67609391436786e-12	0
chr9	92665922	121717964	chr9:95428204..95428780-chr9:124479526..124480243,2	200	.	92665922	121717964	16711680	2	576,717,	0,29051325,	chr9	105054528	105055173	105054833	34	8	9	6.21724893790088e-15	1.06772929386878e-08	3.3321474808475e-05	3332.1474808475	5.95504388495153e-06	595.504388495153	2736.64309235235	1.15843672759384e-10	0
chr9	92665922	121717964	chr9:95428204..95428780-chr9:124479526..124480243,2	200	.	92665922	121717964	16711680	2	576,717,	0,29051325,	chr9	108594589	108595048	108594815	30	15	4	5.61217738948017e-13	0.00047227908774139	2.94013013015956e-05	2940.13013015956	1.11657072842841e-05	1116.57072842841	1823.55940173115	8.11659284227773e-09	0
chr9	92665922	121717964	chr9:95428204..95428780-chr9:124479526..124480243,2	200	.	92665922	121717964	16711680	2	576,717,	0,29051325,	chr9	111600692	111602243	111601867	42	22	16	0	2.86733247434334e-06	4.11618218222338e-05	4116.18218222339	1.63763706836167e-05	1637.63706836167	2478.54511386171	0	0
