chr1	113976263	113976925	chr1:114518885..114519547-chr17:58142705..58143321,2	200	.	113976263	113976925	16711680	1	662,	0,
chr17	58639422	58639966	chr1:207076686..207077422-chr17:56716783..56717327,2	200	.	58639422	58639966	16711680	1	544,	0,
chr20	48572132	48572805	chr1:121484249..121485205-chr20:47188670..47189343,2	200	.	48572132	48572805	16711680	1	673,	0,
chr17	58639435	58640340	chr14:82475629..82476129-chr17:56716796..56717701,2	200	.	58639435	58640340	16711680	1	905,	0,
chr17	58639309	58640858	chr17:56716670..56718219-chr20:52765018..52766289,42	1000	.	58639309	58640858	16711680	1	1549,	0,
chr17	58639332	58640508	chr17:56716693..56717869-chr20:49343588..49344675,12	1000	.	58639332	58640508	16711680	1	1176,	0,
chr20	50727051	50728138	chr17:56716693..56717869-chr20:49343588..49344675,12	1000	.	50727051	50728138	16711680	1	1087,	0,
chr17	58639335	58640382	chr17:56716696..56717743-chr20:52739760..52741159,36	1000	.	58639335	58640382	16711680	1	1047,	0,
chr17	58639363	58640492	chr17:56716724..56717853-chr20:52743361..52744335,8	800	.	58639363	58640492	16711680	1	1129,	0,
chr17	58639382	58640576	chr17:56716743..56717937-chr20:52811170..52812578,40	1000	.	58639382	58640576	16711680	1	1194,	0,
chr20	54194631	54196039	chr17:56716743..56717937-chr20:52811170..52812578,40	1000	.	54194631	54196039	16711680	1	1408,	0,
chr17	58639402	58639928	chr17:56716763..56717289-chr20:47481064..47481991,2	200	.	58639402	58639928	16711680	1	526,	0,
chr20	48864527	48865454	chr17:56716763..56717289-chr20:47481064..47481991,2	200	.	48864527	48865454	16711680	1	927,	0,
chr20	54195077	54195665	chr17:58096093..58096612-chr20:52811616..52812204,2	200	.	54195077	54195665	16711680	1	588,	0,
chr20	50727070	50727714	chr17:59527242..59528024-chr20:49343607..49344251,2	200	.	50727070	50727714	16711680	1	644,	0,
chr17	61722696	61723877	chr17:59800057..59801238-chr20:52739982..52740988,6	600	.	61722696	61723877	16711680	1	1181,	0,
chr17	61722770	61723956	chr17:59800131..59801317-chr20:52765395..52766291,6	600	.	61722770	61723956	16711680	1	1186,	0,
chr17	61722951	61723525	chr17:59800312..59800886-chr20:47188837..47189385,3	300	.	61722951	61723525	16711680	1	574,	0,
chr20	48572299	48572847	chr17:59800312..59800886-chr20:47188837..47189385,3	300	.	48572299	48572847	16711680	1	548,	0,
chr17	61722951	61723872	chr17:59800312..59801233-chr20:49343624..49344846,7	700	.	61722951	61723872	16711680	1	921,	0,
chr20	50727087	50728309	chr17:59800312..59801233-chr20:49343624..49344846,7	700	.	50727087	50728309	16711680	1	1222,	0,
chr17	61723068	61723794	chr17:59800429..59801155-chr20:55837801..55838690,3	300	.	61723068	61723794	16711680	1	726,	0,
chr17	61723082	61723845	chr17:59800443..59801206-chr20:47480948..47481946,3	300	.	61723082	61723845	16711680	1	763,	0,
chr20	48864411	48865409	chr17:59800443..59801206-chr20:47480948..47481946,3	300	.	48864411	48865409	16711680	1	998,	0,
chr17	58639506	58640280	chr17:56716867..56717641-chr21:43796409..43797018,2	200	.	58639506	58640280	16711680	1	774,	0,
chr17	58639350	58640326	chr17:56716711..56717687-chr3:61793140..61794093,15	1000	.	58639350	58640326	16711680	1	976,	0,
chr17	58639425	58640284	chr17:56716786..56717645-chr3:62163101..62163647,2	200	.	58639425	58640284	16711680	1	859,	0,
chr17	58639433	58640273	chr17:56716794..56717634-chr3:61790766..61791502,3	300	.	58639433	58640273	16711680	1	840,	0,
chr17	58640336	58640903	chr17:56717697..56718264-chr3:61793327..61793994,2	200	.	58640336	58640903	16711680	1	567,	0,
chr20	54195064	54196026	chr20:52811603..52812565-chr3:61793200..61794062,3	300	.	54195064	54196026	16711680	1	962,	0,
chr20	54195120	54195625	chr20:52811659..52812164-chr7:140009869..140010808,2	200	.	54195120	54195625	16711680	1	505,	0,
chr20	47487011	47487788	chr20:46115755..46116532-chr8:128300075..128301028,2	200	.	47487011	47487788	16711680	1	777,	0,
chr8	125069594	125070486	chr8:126081836..126082728-chrX:149461650..149462234,2	200	.	125069594	125070486	16711680	1	892,	0,
chr1	32831811	206904130	chr1:33297412..33297932-chr1:207076729..207077475,2	200	.	32831811	206904130	16711680	2	520,746,	0,174071573,
chr1	107420305	111513703	chr1:107962927..107963748-chr1:112055814..112056325,2	200	.	107420305	111513703	16711680	2	821,511,	0,4092887,
chr1	107470032	182473766	chr1:108012654..108013170-chr1:182442381..182442901,2	200	.	107470032	182473766	16711680	2	516,520,	0,75003214,
chr1	113976359	114001085	chr1:114518981..114519568-chr1:114543160..114543707,2	200	.	113976359	114001085	16711680	2	587,547,	0,24179,
chr1	113976678	114043618	chr1:114519300..114519841-chr1:114585412..114586240,2	200	.	113976678	114043618	16711680	2	541,828,	0,66112,
chr1	150981438	151008600	chr1:150953914..150954774-chr1:150980327..150981076,4	400	.	150981438	151008600	16711680	2	860,749,	0,26413,
chr10	7868129	8726603	chr10:7910092..7910769-chr10:8768046..8768566,2	200	.	7868129	8726603	16711680	2	677,520,	0,857954,
chr10	8128002	8726611	chr10:8169965..8170805-chr10:8767707..8768574,4	400	.	8128002	8726611	16711680	2	840,867,	0,597742,
chr10	8628109	8726579	chr10:8670072..8670869-chr10:8767842..8768542,3	300	.	8628109	8726579	16711680	2	797,700,	0,97770,
chr10	8725786	9188725	chr10:8767749..8768591-chr10:9230177..9230688,2	200	.	8725786	9188725	16711680	2	842,511,	0,462428,
chr10	29149742	29164375	chr10:29438671..29439506-chr10:29452536..29453304,2	200	.	29149742	29164375	16711680	2	835,768,	0,13865,
chr10	43853948	44174170	chr10:44349396..44350216-chr10:44669102..44669618,2	200	.	43853948	44174170	16711680	2	820,516,	0,319706,
chr10	44172931	44237512	chr10:44668379..44669722-chr10:44731795..44732960,38	1000	.	44172931	44237512	16711680	2	1343,1165,	0,63416,
chr10	44173308	44245541	chr10:44668756..44669635-chr10:44740165..44740989,3	300	.	44173308	44245541	16711680	2	879,824,	0,71409,
chr10	44173325	44311460	chr10:44668773..44669337-chr10:44805974..44806908,2	200	.	44173325	44311460	16711680	2	564,934,	0,137201,
chr10	44173356	44244370	chr10:44668804..44669627-chr10:44739194..44739818,3	300	.	44173356	44244370	16711680	2	823,624,	0,70390,
chr10	63630298	63712813	chr10:65390058..65391340-chr10:65471422..65472573,18	1000	.	63630298	63712813	16711680	2	1282,1151,	0,81364,
chr10	74743070	74900519	chr10:76502828..76503703-chr10:76659375..76660277,2	200	.	74743070	74900519	16711680	2	875,902,	0,156547,
chr10	74743082	74822404	chr10:76502840..76503637-chr10:76581189..76582162,5	500	.	74743082	74822404	16711680	2	797,973,	0,78349,
chr10	93435110	100884009	chr10:95194867..95195426-chr10:102642824..102643766,2	200	.	93435110	100884009	16711680	2	559,942,	0,7447957,
chr10	115431781	115665308	chr10:117191291..117192435-chr10:117423930..117424818,4	400	.	115431781	115665308	16711680	2	1144,888,	0,232639,
chr10	115653364	115665322	chr10:117412874..117413803-chr10:117423940..117424832,5	500	.	115653364	115665322	16711680	2	929,892,	0,11066,
chr10	115664435	115706674	chr10:117423945..117424825-chr10:117465337..117466184,3	300	.	115664435	115706674	16711680	2	880,847,	0,41392,
chr10	115664441	116143846	chr10:117423951..117424749-chr10:117902548..117903357,2	200	.	115664441	116143846	16711680	2	798,809,	0,478596,
chr11	16956651	76773158	chr11:16978198..16978723-chr11:76483683..76484202,2	200	.	16956651	76773158	16711680	2	525,519,	0,59815988,
chr11	76772336	78157007	chr11:76483380..76484201-chr11:77867174..77868053,2	200	.	76772336	78157007	16711680	2	821,879,	0,1383792,
chr11	78145423	78156929	chr11:77856469..77857074-chr11:77867133..77867975,5	500	.	78145423	78156929	16711680	2	605,842,	0,10664,
chr11	78145426	78260722	chr11:77856472..77857316-chr11:77971248..77971768,2	200	.	78145426	78260722	16711680	2	844,520,	0,114776,
chr11	78150490	78260401	chr11:77861536..77862436-chr11:77970827..77971447,5	500	.	78150490	78260401	16711680	2	900,620,	0,109291,
chr11	86706226	86776531	chr11:86417268..86418020-chr11:86486992..86487573,2	200	.	86706226	86776531	16711680	2	752,581,	0,69724,
chr11	100999418	101300291	chr11:100870149..100871156-chr11:101169662..101171022,4	400	.	100999418	101300291	16711680	2	1007,1360,	0,299513,
chr11	100999897	101034716	chr11:100870628..100871128-chr11:100904478..100905447,2	200	.	100999897	101034716	16711680	2	500,969,	0,33850,
chr11	101033889	101299782	chr11:100904620..100905411-chr11:101169671..101170513,2	200	.	101033889	101299782	16711680	2	791,842,	0,265051,
chr11	101033893	101337380	chr11:100904624..100905561-chr11:101206740..101208111,4	400	.	101033893	101337380	16711680	2	937,1371,	0,302116,
chr12	7884754	7920420	chr12:8037350..8037880-chr12:8072256..8073016,2	200	.	7884754	7920420	16711680	2	530,760,	0,34906,
chr12	53825229	53983879	chr12:54219013..54219583-chr12:54376855..54377663,3	300	.	53825229	53983879	16711680	2	570,808,	0,157842,
chr12	97500406	97569224	chr12:97894184..97895021-chr12:97962377..97963002,2	200	.	97500406	97569224	16711680	2	837,625,	0,68193,
chr12	116390521	121749439	chr12:116828326..116828938-chr12:122186633..122187345,3	300	.	116390521	121749439	16711680	2	612,712,	0,5358206,
chr12	121748488	123070520	chr12:122186394..122187383-chr12:123554322..123555067,2	200	.	121748488	123070520	16711680	2	989,745,	0,1321287,
chr14	73601971	73785499	chr14:74068675..74069280-chr14:74251230..74252202,2	200	.	73601971	73785499	16711680	2	605,972,	0,182556,
chr14	73633680	73785359	chr14:74100384..74101250-chr14:74251129..74252062,2	200	.	73633680	73785359	16711680	2	867,933,	0,150746,
chr14	95056211	95486011	chr14:95522548..95523125-chr14:95951455..95952348,2	200	.	95056211	95486011	16711680	2	577,893,	0,428907,
chr14	95056219	95531086	chr14:95522556..95523440-chr14:95996828..95997423,2	200	.	95056219	95531086	16711680	2	884,595,	0,474272,
chr14	95056262	95617239	chr14:95522599..95523321-chr14:96083003..96083576,2	200	.	95056262	95617239	16711680	2	722,573,	0,560404,
chr14	95056491	100137798	chr14:95522828..95523716-chr14:100603366..100604135,2	200	.	95056491	100137798	16711680	2	888,769,	0,5080538,
chr15	39534073	39669064	chr15:39826274..39827051-chr15:39960470..39961265,3	300	.	39534073	39669064	16711680	2	777,795,	0,134196,
chr15	39596031	39669083	chr15:39888232..39889117-chr15:39960523..39961284,6	600	.	39596031	39669083	16711680	2	885,761,	0,72291,
chr15	39627878	39668845	chr15:39920079..39920917-chr15:39960384..39961046,3	300	.	39627878	39668845	16711680	2	838,662,	0,40305,
chr15	39629288	39668813	chr15:39921489..39922463-chr15:39960386..39961014,2	200	.	39629288	39668813	16711680	2	974,628,	0,38897,
chr15	39654491	39669025	chr15:39946692..39947398-chr15:39960604..39961226,2	200	.	39654491	39669025	16711680	2	706,622,	0,13912,
chr15	39668204	39785108	chr15:39960405..39961195-chr15:40076760..40077309,2	200	.	39668204	39785108	16711680	2	790,549,	0,116355,
chr15	39668629	39789439	chr15:39960830..39961348-chr15:40081129..40081640,2	200	.	39668629	39789439	16711680	2	518,511,	0,120299,
chr15	50690396	50855317	chr15:50982593..50983166-chr15:51146663..51147514,3	300	.	50690396	50855317	16711680	2	573,851,	0,164070,
chr15	64521627	64624846	chr15:64813826..64814858-chr15:64915657..64917045,12	1000	.	64521627	64624846	16711680	2	1032,1388,	0,101831,
chr15	64521732	64640869	chr15:64813931..64814646-chr15:64932549..64933068,2	200	.	64521732	64640869	16711680	2	715,519,	0,118618,
chr15	73709890	73941117	chr15:74002231..74003126-chr15:74232770..74233458,3	300	.	73709890	73941117	16711680	2	895,688,	0,230539,
chr15	78950707	86588505	chr15:79243049..79243885-chr15:87130991..87131736,2	200	.	78950707	86588505	16711680	2	836,745,	0,7637053,
chr15	95782987	95895040	chr15:96326216..96327125-chr15:96437463..96438269,2	200	.	95782987	95895040	16711680	2	909,806,	0,111247,
chr15	95894492	96103779	chr15:96437721..96438227-chr15:96646336..96647008,2	200	.	95894492	96103779	16711680	2	506,672,	0,208615,
chr15	95895376	95912272	chr15:96438605..96439353-chr15:96454607..96455501,2	200	.	95895376	95912272	16711680	2	748,894,	0,16002,
chr15	98748883	98854657	chr15:99292112..99292950-chr15:99397331..99397886,2	200	.	98748883	98854657	16711680	2	838,555,	0,105219,
chr15	98748926	98763937	chr15:99292155..99293053-chr15:99306274..99307166,2	200	.	98748926	98763937	16711680	2	898,892,	0,14119,
chr15	98749185	98897463	chr15:99292414..99293021-chr15:99439940..99440692,2	200	.	98749185	98897463	16711680	2	607,752,	0,147526,
chr16	87779029	87790583	chr16:87812635..87813503-chr16:87823443..87824189,3	300	.	87779029	87790583	16711680	2	868,746,	0,10808,
chr16	87779077	87835120	chr16:87812683..87813564-chr16:87867918..87868726,4	400	.	87779077	87835120	16711680	2	881,808,	0,55235,
chr16	87789451	87835153	chr16:87823057..87824241-chr16:87867851..87868759,16	1000	.	87789451	87835153	16711680	2	1184,908,	0,44794,
chr16	87789605	87807655	chr16:87823211..87824331-chr16:87839872..87841261,27	1000	.	87789605	87807655	16711680	2	1120,1389,	0,16661,
chr16	87789978	87853973	chr16:87823584..87824173-chr16:87886734..87887579,2	200	.	87789978	87853973	16711680	2	589,845,	0,63150,
chr16	87790026	87861191	chr16:87823632..87824228-chr16:87893905..87894797,2	200	.	87790026	87861191	16711680	2	596,892,	0,70273,
chr17	50784850	58640231	chr17:48862211..48862877-chr17:56716763..56717592,2	200	.	50784850	58640231	16711680	2	666,829,	0,7854552,
chr17	57342930	72618613	chr17:55420291..55420841-chr17:70614222..70614752,2	200	.	57342930	72618613	16711680	2	550,530,	0,15275153,
chr17	58639354	74761272	chr17:56716715..56717568-chr17:72756513..72757411,3	300	.	58639354	74761272	16711680	2	853,898,	0,16121020,
chr17	58639402	61723960	chr17:56716763..56717369-chr17:59800406..59801321,3	300	.	58639402	61723960	16711680	2	606,915,	0,3083643,
chr17	58639435	58694297	chr17:56716796..56717655-chr17:56770871..56771658,2	200	.	58639435	58694297	16711680	2	859,787,	0,54075,
chr17	58639518	58687259	chr17:56716879..56717635-chr17:56764103..56764620,2	200	.	58639518	58687259	16711680	2	756,517,	0,47224,
chr17	61398994	61723584	chr17:59476355..59477034-chr17:59800402..59800945,2	200	.	61398994	61723584	16711680	2	679,543,	0,324047,
chr17	61722773	61839678	chr17:59800134..59800926-chr17:59916489..59917039,2	200	.	61722773	61839678	16711680	2	792,550,	0,116355,
chr17	61722967	61862905	chr17:59800328..59801140-chr17:59939377..59940266,3	300	.	61722967	61862905	16711680	2	812,889,	0,139049,
chr17	62135170	62962187	chr17:60212531..60213211-chr17:61038756..61039548,3	300	.	62135170	62962187	16711680	2	680,792,	0,826225,
chr17	64073768	64132087	chr17:62151128..62151839-chr17:62208944..62209447,2	200	.	64073768	64132087	16711680	2	711,503,	0,57816,
chr17	66952331	67557887	chr17:64948447..64949289-chr17:65553243..65554003,2	200	.	66952331	67557887	16711680	2	842,760,	0,604796,
chr17	67411226	67491513	chr17:65407342..65407882-chr17:65486942..65487629,2	200	.	67411226	67491513	16711680	2	540,687,	0,79600,
chr17	67490881	67558390	chr17:65486997..65487820-chr17:65553544..65554506,2	200	.	67490881	67558390	16711680	2	823,962,	0,66547,
chr18	346666	13540401	chr18:346666..347469-chr18:13539665..13540400,2	200	.	346666	13540401	16711680	2	803,735,	0,13193000,
chr18	23626998	23723206	chr18:21206962..21207968-chr18:21302294..21303170,4	400	.	23626998	23723206	16711680	2	1006,876,	0,95332,
chr18	23629180	23723298	chr18:21209144..21210056-chr18:21302298..21303262,6	600	.	23629180	23723298	16711680	2	912,964,	0,93154,
chr18	23722424	63241812	chr18:21302388..21303256-chr18:60908424..60909045,3	300	.	23722424	63241812	16711680	2	868,621,	0,39518767,
chr18	48982811	63255318	chr18:46509181..46509888-chr18:60922028..60922551,2	200	.	48982811	63255318	16711680	2	707,523,	0,14271984,
chr18	62436667	63242154	chr18:60103900..60104415-chr18:60908554..60909387,2	200	.	62436667	63242154	16711680	2	515,833,	0,804654,
chr19	15934672	16004028	chr19:16045482..16046368-chr19:16114090..16114838,3	300	.	15934672	16004028	16711680	2	886,748,	0,68608,
chr19	15975579	16003981	chr19:16086389..16086952-chr19:16114140..16114791,3	300	.	15975579	16003981	16711680	2	563,651,	0,27751,
chr19	19549488	19596016	chr19:19660297..19660827-chr19:19705920..19706825,2	200	.	19549488	19596016	16711680	2	530,905,	0,45623,
chr2	11494293	11540095	chr2:11634419..11635277-chr2:11679288..11680221,2	200	.	11494293	11540095	16711680	2	858,933,	0,44869,
chr2	11498177	11540394	chr2:11638303..11639343-chr2:11679346..11680520,30	1000	.	11498177	11540394	16711680	2	1040,1174,	0,41043,
chr2	11498235	11531673	chr2:11638361..11639377-chr2:11670739..11671799,32	1000	.	11498235	11531673	16711680	2	1016,1060,	0,32378,
chr2	11498267	11525060	chr2:11638393..11639308-chr2:11664260..11665186,6	600	.	11498267	11525060	16711680	2	915,926,	0,25867,
chr2	11498269	11533276	chr2:11638395..11639328-chr2:11672080..11673402,33	1000	.	11498269	11533276	16711680	2	933,1322,	0,33685,
chr2	11498680	11513284	chr2:11638806..11639310-chr2:11652825..11653410,2	200	.	11498680	11513284	16711680	2	504,585,	0,14019,
chr2	32945821	33070778	chr2:33170888..33171729-chr2:33294522..33295845,3	300	.	32945821	33070778	16711680	2	841,1323,	0,123634,
chr2	33069924	33192732	chr2:33294991..33295910-chr2:33416929..33417799,3	300	.	33069924	33192732	16711680	2	919,870,	0,121938,
chr2	47206051	208130341	chr2:47433190..47433692-chr2:208994565..208995065,2	200	.	47206051	208130341	16711680	2	502,500,	0,160923790,
chr2	95740307	113382888	chr2:96406055..96406842-chr2:114139694..114140465,2	200	.	95740307	113382888	16711680	2	787,771,	0,17641810,
chr2	105386832	105522960	chr2:106003289..106004178-chr2:106138854..106139417,3	300	.	105386832	105522960	16711680	2	889,563,	0,135565,
chr2	105390954	105523163	chr2:106007411..106008347-chr2:106138849..106139620,2	200	.	105390954	105523163	16711680	2	936,771,	0,131438,
chr2	132299714	154108920	chr2:133057287..133057807-chr2:154964913..154965433,2	200	.	132299714	154108920	16711680	2	520,520,	0,21808686,
chr2	163840182	163857426	chr2:164696692..164697505-chr2:164713152..164713936,2	200	.	163840182	163857426	16711680	2	813,784,	0,16460,
chr2	190785951	215980283	chr2:191650677..191651383-chr2:216844448..216845006,2	200	.	190785951	215980283	16711680	2	706,558,	0,25193774,
chr2	237496156	237559252	chr2:238404799..238405323-chr2:238467365..238467895,2	200	.	237496156	237559252	16711680	2	524,530,	0,62566,
chr20	47140963	55582783	chr20:45769602..45770116-chr20:54157143..54157841,2	200	.	47140963	55582783	16711680	2	514,698,	0,8441122,
chr20	47159570	63657538	chr20:45788209..45788752-chr20:62288293..62288891,3	300	.	47159570	63657538	16711680	2	543,598,	0,16497370,
chr20	47989602	48076374	chr20:46618346..46618855-chr20:46704387..46705117,2	200	.	47989602	48076374	16711680	2	509,730,	0,86042,
chr20	48075756	48572703	chr20:46704499..46705226-chr20:47188628..47189241,2	200	.	48075756	48572703	16711680	2	727,613,	0,496334,
chr20	48075780	54124265	chr20:46704523..46705293-chr20:52740109..52740804,2	200	.	48075780	54124265	16711680	2	770,695,	0,6047790,
chr20	48157877	48572809	chr20:46786620..46787169-chr20:47188500..47189347,2	200	.	48157877	48572809	16711680	2	549,847,	0,414085,
chr20	48295202	48572879	chr20:46923945..46924828-chr20:47188467..47189417,3	300	.	48295202	48572879	16711680	2	883,950,	0,276727,
chr20	48460565	48572760	chr20:47088811..47089642-chr20:47188403..47189298,3	300	.	48460565	48572760	16711680	2	831,895,	0,111300,
chr20	48462359	48572533	chr20:47090605..47091129-chr20:47188468..47189071,2	200	.	48462359	48572533	16711680	2	524,603,	0,109571,
chr20	48482119	48572470	chr20:47110365..47111125-chr20:47188483..47189008,2	200	.	48482119	48572470	16711680	2	760,525,	0,89826,
chr20	48571430	48865426	chr20:47187968..47189469-chr20:47480709..47481963,22	1000	.	48571430	48865426	16711680	2	1501,1254,	0,292742,
chr20	48571892	48598091	chr20:47188430..47189351-chr20:47213530..47214629,4	400	.	48571892	48598091	16711680	2	921,1099,	0,25100,
chr20	48571930	48698475	chr20:47188468..47189315-chr20:47314030..47315013,3	300	.	48571930	48698475	16711680	2	847,983,	0,125562,
chr20	48571953	48922369	chr20:47188491..47189102-chr20:47538342..47538906,2	200	.	48571953	48922369	16711680	2	611,564,	0,349852,
chr20	48572155	50728006	chr20:47188693..47189459-chr20:49343601..49344543,7	700	.	48572155	50728006	16711680	2	766,942,	0,2154909,
chr20	48657185	48865104	chr20:47273723..47274437-chr20:47480933..47481641,3	300	.	48657185	48865104	16711680	2	714,708,	0,207211,
chr20	48685840	48865301	chr20:47302378..47303358-chr20:47481050..47481838,5	500	.	48685840	48865301	16711680	2	980,788,	0,178673,
chr20	48697464	48865416	chr20:47314002..47315341-chr20:47480611..47481953,16	1000	.	48697464	48865416	16711680	2	1339,1342,	0,166610,
chr20	48705075	48865360	chr20:47321613..47322542-chr20:47480631..47481897,8	800	.	48705075	48865360	16711680	2	929,1266,	0,159019,
chr20	48734377	48865317	chr20:47350914..47351862-chr20:47481036..47481854,5	500	.	48734377	48865317	16711680	2	948,818,	0,130122,
chr20	48803353	48865368	chr20:47419890..47420843-chr20:47480704..47481905,5	500	.	48803353	48865368	16711680	2	953,1201,	0,60814,
chr20	48804541	48865161	chr20:47421078..47421894-chr20:47480984..47481698,2	200	.	48804541	48865161	16711680	2	816,714,	0,59906,
chr20	48864117	51387778	chr20:47480654..47481549-chr20:50003797..50004315,2	200	.	48864117	51387778	16711680	2	895,518,	0,2523143,
chr20	48864121	54124021	chr20:47480658..47481873-chr20:52739879..52740560,4	400	.	48864121	54124021	16711680	2	1215,681,	0,5259219,
chr20	48864371	48875947	chr20:47480908..47481848-chr20:47491480..47492484,4	400	.	48864371	48875947	16711680	2	940,1004,	0,10572,
chr20	48864465	50728024	chr20:47481002..47482015-chr20:49343644..49344561,7	700	.	48864465	50728024	16711680	2	1013,917,	0,1862642,
chr20	48864525	48922518	chr20:47481062..47481970-chr20:47538290..47539055,2	200	.	48864525	48922518	16711680	2	908,765,	0,57228,
chr20	50657010	63666016	chr20:49273547..49274079-chr20:62296776..62297369,2	200	.	50657010	63666016	16711680	2	532,593,	0,13008413,
chr20	50678120	50728115	chr20:49294657..49295403-chr20:49344010..49344652,2	200	.	50678120	50728115	16711680	2	746,642,	0,49353,
chr20	50727066	50764870	chr20:49343603..49344536-chr20:49380336..49381407,13	1000	.	50727066	50764870	16711680	2	933,1071,	0,36733,
chr20	50727111	54149680	chr20:49343648..49344531-chr20:52765399..52766219,8	800	.	50727111	54149680	16711680	2	883,820,	0,3421749,
chr20	50727128	54195586	chr20:49343665..49344507-chr20:52811425..52812125,4	400	.	50727128	54195586	16711680	2	842,700,	0,3467758,
chr20	50727131	50744861	chr20:49343668..49344473-chr20:49360648..49361398,3	300	.	50727131	50744861	16711680	2	805,750,	0,16980,
chr20	50727131	54124230	chr20:49343668..49344574-chr20:52739986..52740769,6	600	.	50727131	54124230	16711680	2	906,783,	0,3396316,
chr20	50727403	57158144	chr20:49343940..49344650-chr20:55732597..55733200,2	200	.	50727403	57158144	16711680	2	710,603,	0,6430138,
chr20	50763838	54123974	chr20:49380375..49380900-chr20:52739954..52740513,2	200	.	50763838	54123974	16711680	2	525,559,	0,3359577,
chr20	51387491	51400124	chr20:50004028..50004816-chr20:50015865..50016661,3	300	.	51387491	51400124	16711680	2	788,796,	0,11837,
chr20	53608031	54149344	chr20:52224570..52225410-chr20:52765349..52765883,2	200	.	53608031	54149344	16711680	2	840,534,	0,540779,
chr20	53661555	54149726	chr20:52278094..52278874-chr20:52765343..52766265,2	200	.	53661555	54149726	16711680	2	780,922,	0,487249,
chr20	53661856	53725431	chr20:52278395..52279030-chr20:52341446..52341970,2	200	.	53661856	53725431	16711680	2	635,524,	0,63051,
chr20	53979686	54127711	chr20:52596225..52596747-chr20:52743745..52744250,2	200	.	53979686	54127711	16711680	2	522,505,	0,147520,
chr20	53979688	54124130	chr20:52596227..52596815-chr20:52739956..52740669,2	200	.	53979688	54124130	16711680	2	588,713,	0,143729,
chr20	53982721	54149701	chr20:52599260..52600113-chr20:52765487..52766240,3	300	.	53982721	54149701	16711680	2	853,753,	0,166227,
chr20	53982745	54195906	chr20:52599284..52600198-chr20:52811456..52812445,5	500	.	53982745	54195906	16711680	2	914,989,	0,212172,
chr20	53982989	54124272	chr20:52599528..52600097-chr20:52739949..52740811,2	200	.	53982989	54124272	16711680	2	569,862,	0,140421,
chr20	54084769	54195896	chr20:52701308..52702060-chr20:52811896..52812435,2	200	.	54084769	54195896	16711680	2	752,539,	0,110588,
chr20	54099231	54149737	chr20:52715770..52716680-chr20:52765375..52766276,3	300	.	54099231	54149737	16711680	2	910,901,	0,49605,
chr20	54099271	54195921	chr20:52715810..52716720-chr20:52811898..52812460,3	300	.	54099271	54195921	16711680	2	910,562,	0,96088,
chr20	54102112	54195955	chr20:52718651..52719318-chr20:52811679..52812494,3	300	.	54102112	54195955	16711680	2	667,815,	0,93028,
chr20	54103667	54149756	chr20:52720206..52720853-chr20:52765402..52766295,3	300	.	54103667	54149756	16711680	2	647,893,	0,45196,
chr20	54103669	54195947	chr20:52720208..52720912-chr20:52811583..52812486,3	300	.	54103669	54195947	16711680	2	704,903,	0,91375,
chr20	54107946	54149710	chr20:52724485..52725076-chr20:52765714..52766249,2	200	.	54107946	54149710	16711680	2	591,535,	0,41229,
chr20	54110282	54195704	chr20:52726821..52727401-chr20:52811689..52812243,2	200	.	54110282	54195704	16711680	2	580,554,	0,84868,
chr20	54123178	54196130	chr20:52739717..52741325-chr20:52810984..52812669,173	1000	.	54123178	54196130	16711680	2	1608,1685,	0,71267,
chr20	54123199	54149861	chr20:52739738..52741068-chr20:52764992..52766400,210	1000	.	54123199	54149861	16711680	2	1330,1408,	0,25254,
chr20	54123366	54152410	chr20:52739905..52740841-chr20:52768331..52768949,5	500	.	54123366	54152410	16711680	2	936,618,	0,28426,
chr20	54123431	54197572	chr20:52739970..52740788-chr20:52813545..52814111,2	200	.	54123431	54197572	16711680	2	818,566,	0,73575,
chr20	54123668	57263312	chr20:52740207..52740887-chr20:55837805..55838368,2	200	.	54123668	57263312	16711680	2	680,563,	0,3139081,
chr20	54126482	54149857	chr20:52743021..52744541-chr20:52765021..52766396,99	1000	.	54126482	54149857	16711680	2	1520,1375,	0,22000,
chr20	54126739	54196042	chr20:52743278..52744358-chr20:52811125..52812581,75	1000	.	54126739	54196042	16711680	2	1080,1456,	0,67847,
chr20	54139403	54195645	chr20:52755942..52756876-chr20:52811682..52812184,2	200	.	54139403	54195645	16711680	2	934,502,	0,55740,
chr20	54148194	54196102	chr20:52764733..52766360-chr20:52810946..52812641,239	1000	.	54148194	54196102	16711680	2	1627,1695,	0,46213,
chr20	54148821	57263764	chr20:52765360..52765921-chr20:55837760..55838820,3	300	.	54148821	57263764	16711680	2	561,1060,	0,3113883,
chr20	54148884	54197767	chr20:52765423..52766038-chr20:52813769..52814306,2	200	.	54148884	54197767	16711680	2	615,537,	0,48346,
chr20	54149222	54297332	chr20:52765761..52766290-chr20:52913080..52913871,2	200	.	54149222	54297332	16711680	2	529,791,	0,147319,
chr20	56735056	56937170	chr20:55310112..55310866-chr20:55511441..55512226,2	200	.	56735056	56937170	16711680	2	754,785,	0,201329,
chr20	56758432	56919834	chr20:55333488..55334433-chr20:55493894..55494890,8	800	.	56758432	56919834	16711680	2	945,996,	0,160406,
chr20	56758480	56955392	chr20:55333536..55334075-chr20:55529658..55530448,2	200	.	56758480	56955392	16711680	2	539,790,	0,196122,
chr20	56758506	56890776	chr20:55333562..55334513-chr20:55464722..55465832,8	800	.	56758506	56890776	16711680	2	951,1110,	0,131160,
chr20	56758584	56829919	chr20:55333640..55334406-chr20:55404430..55404975,2	200	.	56758584	56829919	16711680	2	766,545,	0,70790,
chr20	56758736	56937214	chr20:55333792..55334456-chr20:55511472..55512270,2	200	.	56758736	56937214	16711680	2	664,798,	0,177680,
chr20	56890057	56937232	chr20:55465113..55465827-chr20:55511468..55512288,4	400	.	56890057	56937232	16711680	2	714,820,	0,46355,
chr20	56919338	56937182	chr20:55494394..55494894-chr20:55511668..55512238,2	200	.	56919338	56937182	16711680	2	500,570,	0,17274,
chr21	14863030	15210925	chr21:16235351..16235999-chr21:16582483..16583245,2	200	.	14863030	15210925	16711680	2	648,762,	0,347133,
chr21	15003080	15210913	chr21:16375401..16376400-chr21:16581899..16583233,5	500	.	15003080	15210913	16711680	2	999,1334,	0,206499,
chr21	15003174	15587501	chr21:16375495..16376174-chr21:16958877..16959820,3	300	.	15003174	15587501	16711680	2	679,943,	0,583384,
chr21	15005023	15173745	chr21:16377344..16378311-chr21:16545010..16546065,7	700	.	15005023	15173745	16711680	2	967,1055,	0,167667,
chr21	15005050	15587483	chr21:16377371..16378318-chr21:16958890..16959802,6	600	.	15005050	15587483	16711680	2	947,912,	0,581521,
chr21	15005090	15200273	chr21:16377411..16378027-chr21:16572053..16572593,2	200	.	15005090	15200273	16711680	2	616,540,	0,194643,
chr21	15005117	15210835	chr21:16377438..16378251-chr21:16582355..16583155,4	400	.	15005117	15210835	16711680	2	813,800,	0,204918,
chr21	15132490	15173344	chr21:16504811..16505357-chr21:16544985..16545664,3	300	.	15132490	15173344	16711680	2	546,679,	0,40175,
chr21	15132493	15587173	chr21:16504814..16505341-chr21:16958945..16959492,2	200	.	15132493	15587173	16711680	2	527,547,	0,454133,
chr21	15132570	15211075	chr21:16504891..16505709-chr21:16582252..16583395,5	500	.	15132570	15211075	16711680	2	818,1143,	0,77362,
chr21	37267592	37447185	chr21:38639893..38640708-chr21:38818877..38819487,3	300	.	37267592	37447185	16711680	2	815,610,	0,178983,
chr21	37267607	37366654	chr21:38639908..38640433-chr21:38738225..38738956,3	300	.	37267607	37366654	16711680	2	525,731,	0,98316,
chr21	40324200	40387199	chr21:41696127..41696925-chr21:41758402..41759126,2	200	.	40324200	40387199	16711680	2	798,724,	0,62275,
chr21	40324582	40383412	chr21:41696509..41697327-chr21:41754547..41755339,3	300	.	40324582	40383412	16711680	2	818,792,	0,58038,
chr21	40340134	40383527	chr21:41712061..41712979-chr21:41754463..41755454,3	300	.	40340134	40383527	16711680	2	918,991,	0,42402,
chr3	47910522	111366912	chr3:47952012..47952532-chr3:111085239..111085759,2	200	.	47910522	111366912	16711680	2	520,520,	0,63455870,
chr3	61807719	62177612	chr3:61793393..61793937-chr3:62162717..62163286,3	300	.	61807719	62177612	16711680	2	544,569,	0,369324,
chr3	107825388	107986928	chr3:107544235..107545008-chr3:107705175..107705775,2	200	.	107825388	107986928	16711680	2	773,600,	0,160940,
chr3	107825610	108000130	chr3:107544457..107545022-chr3:107718049..107718977,3	300	.	107825610	108000130	16711680	2	565,928,	0,173592,
chr3	107826354	107987211	chr3:107545201..107546002-chr3:107705184..107706058,2	200	.	107826354	107987211	16711680	2	801,874,	0,159983,
chr3	107986298	108000273	chr3:107705145..107706106-chr3:107718028..107719120,16	1000	.	107986298	108000273	16711680	2	961,1092,	0,12883,
chr3	107986575	108006545	chr3:107705422..107706040-chr3:107724783..107725392,3	300	.	107986575	108006545	16711680	2	618,609,	0,19361,
chr3	148891665	189682134	chr3:148609452..148610021-chr3:189399313..189399923,2	200	.	148891665	189682134	16711680	2	569,610,	0,40789859,
chr3	150238401	150737986	chr3:149956188..149956754-chr3:150455102..150455773,3	300	.	150238401	150737986	16711680	2	566,671,	0,498914,
chr3	150240469	150737565	chr3:149958256..149959043-chr3:150454726..150455352,2	200	.	150240469	150737565	16711680	2	787,626,	0,496470,
chr3	150722512	150845352	chr3:150440299..150441134-chr3:150562057..150563139,6	600	.	150722512	150845352	16711680	2	835,1082,	0,121758,
chr3	150736902	150845323	chr3:150454689..150455809-chr3:150561872..150563110,20	1000	.	150736902	150845323	16711680	2	1120,1238,	0,107183,
chr3	150737098	150774391	chr3:150454885..150455745-chr3:150491577..150492178,2	200	.	150737098	150774391	16711680	2	860,601,	0,36692,
chr3	150737161	150758439	chr3:150454948..150455633-chr3:150475356..150476226,2	200	.	150737161	150758439	16711680	2	685,870,	0,20408,
chr3	150737176	150757218	chr3:150454963..150455600-chr3:150474044..150475005,5	500	.	150737176	150757218	16711680	2	637,961,	0,19081,
chr3	150756467	150845151	chr3:150474254..150475011-chr3:150562123..150562938,2	200	.	150756467	150845151	16711680	2	757,815,	0,87869,
chr3	161272380	161422524	chr3:160990168..160990939-chr3:161139803..161140312,2	200	.	161272380	161422524	16711680	2	771,509,	0,149635,
chr3	161272381	161340336	chr3:160990169..160990978-chr3:161057288..161058124,6	600	.	161272381	161340336	16711680	2	809,836,	0,67119,
chr3	161339481	161412459	chr3:161057269..161057791-chr3:161129680..161130247,2	200	.	161339481	161412459	16711680	2	522,567,	0,72411,
chr3	168870547	168957613	chr3:168588335..168589193-chr3:168674844..168675401,2	200	.	168870547	168957613	16711680	2	858,557,	0,86509,
chr3	170491463	190459723	chr3:170209252..170209959-chr3:190176618..190177512,2	200	.	170491463	190459723	16711680	2	707,894,	0,19967366,
chr3	189458264	189843387	chr3:189176053..189176727-chr3:189560466..189561176,3	300	.	189458264	189843387	16711680	2	674,710,	0,384413,
chr3	189842306	189945518	chr3:189560095..189561324-chr3:189661753..189663307,17	1000	.	189842306	189945518	16711680	2	1229,1554,	0,101658,
chr4	17974558	163816363	chr4:17976181..17976700-chr4:164736994..164737515,2	200	.	17974558	163816363	16711680	2	519,521,	0,145841284,
chr4	23800986	120352709	chr4:23802609..23803478-chr4:121273037..121273864,2	200	.	23800986	120352709	16711680	2	869,827,	0,96550896,
chr4	48852854	48962270	chr4:48854871..48855704-chr4:48963569..48964287,2	200	.	48852854	48962270	16711680	2	833,718,	0,108698,
chr4	67928334	68185991	chr4:68794052..68794960-chr4:69050850..69051709,2	200	.	67928334	68185991	16711680	2	908,859,	0,256798,
chr4	67928342	68039361	chr4:68794060..68794853-chr4:68904568..68905079,2	200	.	67928342	68039361	16711680	2	793,511,	0,110508,
chr4	115536820	182657468	chr4:116457976..116458496-chr4:183578101..183578621,2	200	.	115536820	182657468	16711680	2	520,520,	0,67120128,
chr4	142615157	143037044	chr4:143536310..143537064-chr4:143957404..143958197,5	500	.	142615157	143037044	16711680	2	754,793,	0,421094,
chr4	145103688	170483125	chr4:146024840..146025360-chr4:171403756..171404276,2	200	.	145103688	170483125	16711680	2	520,520,	0,25378917,
chr4	145103688	176576385	chr4:146024840..146025360-chr4:177497016..177497536,2	200	.	145103688	176576385	16711680	2	520,520,	0,31472177,
chr4	168487553	168692212	chr4:169408704..169409541-chr4:169612591..169613363,2	200	.	168487553	168692212	16711680	2	837,772,	0,203887,
chr4	168501104	168692239	chr4:169422255..169423105-chr4:169612524..169613390,3	300	.	168501104	168692239	16711680	2	850,866,	0,190269,
chr4	168676893	168692322	chr4:169598044..169598898-chr4:169612629..169613473,5	500	.	168676893	168692322	16711680	2	854,844,	0,14585,
chr4	168679509	168692291	chr4:169600660..169601299-chr4:169612544..169613442,2	200	.	168679509	168692291	16711680	2	639,898,	0,11884,
chr4	168691314	168920339	chr4:169612465..169613778-chr4:169840502..169841490,7	700	.	168691314	168920339	16711680	2	1313,988,	0,228037,
chr5	19734809	19885425	chr5:19734918..19735708-chr5:19884933..19885534,2	200	.	19734809	19885425	16711680	2	790,601,	0,150015,
chr5	61168716	61305247	chr5:60464543..60465310-chr5:60600109..60601074,3	300	.	61168716	61305247	16711680	2	767,965,	0,135566,
chr5	61304377	61621500	chr5:60600204..60601079-chr5:60916454..60917327,5	500	.	61304377	61621500	16711680	2	875,873,	0,316250,
chr5	77830864	143746998	chr5:77126688..77127507-chr5:143125722..143126563,2	200	.	77830864	143746998	16711680	2	819,841,	0,65915293,
chr5	103409261	103444780	chr5:102744962..102745480-chr5:102779897..102780481,2	200	.	103409261	103444780	16711680	2	518,584,	0,34935,
chr5	122848873	122869901	chr5:122184568..122185603-chr5:122204696..122205596,10	1000	.	122848873	122869901	16711680	2	1035,900,	0,20128,
chr5	122848937	122858744	chr5:122184632..122185535-chr5:122193918..122194439,2	200	.	122848937	122858744	16711680	2	903,521,	0,9286,
chr5	122849270	123124091	chr5:122184965..122185506-chr5:122459271..122459786,2	200	.	122849270	123124091	16711680	2	541,515,	0,274306,
chr5	127980651	128037849	chr5:127316343..127317135-chr5:127372728..127373541,2	200	.	127980651	128037849	16711680	2	792,813,	0,56385,
chr6	6703757	11047340	chr6:6703990..6704565-chr6:11047029..11047573,2	200	.	6703757	11047340	16711680	2	575,544,	0,4343039,
chr6	11067071	17389939	chr6:11067304..11068005-chr6:17389573..17390170,2	200	.	11067071	17389939	16711680	2	701,597,	0,6322271,
chr6	20200889	20211001	chr6:20201120..20201764-chr6:20210706..20211232,2	200	.	20200889	20211001	16711680	2	644,526,	0,9586,
chr6	125202308	125585589	chr6:125523454..125523978-chr6:125905768..125906735,2	200	.	125202308	125585589	16711680	2	524,967,	0,382314,
chr6	135211034	135255152	chr6:135532172..135533059-chr6:135575226..135576290,5	500	.	135211034	135255152	16711680	2	887,1064,	0,43054,
chr6	154157346	154168170	chr6:154478481..154479427-chr6:154488387..154489305,5	500	.	154157346	154168170	16711680	2	946,918,	0,9906,
chr7	80876594	80943864	chr7:80505910..80506847-chr7:80572260..80573180,4	400	.	80876594	80943864	16711680	2	937,920,	0,66350,
chr7	80942566	81066000	chr7:80571882..80572841-chr7:80694402..80695316,4	400	.	80942566	81066000	16711680	2	959,914,	0,122520,
chr7	80942729	81159920	chr7:80572045..80572854-chr7:80788401..80789236,4	400	.	80942729	81159920	16711680	2	809,835,	0,216356,
chr7	116339393	116427072	chr7:115979447..115979967-chr7:116066229..116067126,2	200	.	116339393	116427072	16711680	2	520,897,	0,86782,
chr7	117036008	117125122	chr7:116676062..116676562-chr7:116764505..116765176,2	200	.	117036008	117125122	16711680	2	500,671,	0,88443,
chr7	117124162	117171912	chr7:116764216..116765330-chr7:116810998..116811966,11	1000	.	117124162	117171912	16711680	2	1114,968,	0,46782,
chr7	117124271	117203629	chr7:116764325..116765196-chr7:116842810..116843683,3	300	.	117124271	117203629	16711680	2	871,873,	0,78485,
chr7	151694618	151857194	chr7:151391704..151392503-chr7:151553317..151554279,5	500	.	151694618	151857194	16711680	2	799,962,	0,161614,
chr8	8288864	8508576	chr8:8146386..8147240-chr8:8365579..8366086,2	200	.	8288864	8508576	16711680	2	854,507,	0,219205,
chr8	8289135	8315310	chr8:8146657..8147172-chr8:8172119..8172832,2	200	.	8289135	8315310	16711680	2	515,713,	0,25462,
chr8	8290205	8315460	chr8:8147727..8148466-chr8:8172098..8172982,3	300	.	8290205	8315460	16711680	2	739,884,	0,24371,
chr8	9095633	9120095	chr8:8953143..8953782-chr8:8977053..8977605,2	200	.	9095633	9120095	16711680	2	639,552,	0,23910,
chr8	9099976	9120018	chr8:8957486..8958446-chr8:8976798..8977528,3	300	.	9099976	9120018	16711680	2	960,730,	0,19312,
chr8	28738807	116703824	chr8:28596324..28597192-chr8:117715403..117716063,2	200	.	28738807	116703824	16711680	2	868,660,	0,87964357,
chr8	66124088	66714761	chr8:67036323..67036925-chr8:67626370..67626996,2	200	.	66124088	66714761	16711680	2	602,626,	0,590047,
chr8	66522170	66714819	chr8:67434405..67435275-chr8:67626102..67627054,4	400	.	66522170	66714819	16711680	2	870,952,	0,191697,
chr8	66713786	66742482	chr8:67626021..67626987-chr8:67653593..67654717,8	800	.	66713786	66742482	16711680	2	966,1124,	0,27572,
chr8	80870085	121381656	chr8:81782320..81783178-chr8:122393017..122393896,2	200	.	80870085	121381656	16711680	2	858,879,	0,40510692,
chr8	99804045	99906030	chr8:100816273..100816903-chr8:100917348..100918258,3	300	.	99804045	99906030	16711680	2	630,910,	0,101075,
chr8	99818415	99906083	chr8:100830643..100832009-chr8:100917034..100918311,5	500	.	99818415	99906083	16711680	2	1366,1277,	0,86391,
chr8	99896195	99906088	chr8:100908423..100909203-chr8:100916991..100918316,3	300	.	99896195	99906088	16711680	2	780,1325,	0,8568,
chr8	101120399	101504679	chr8:102132627..102133593-chr8:102516039..102516907,2	200	.	101120399	101504679	16711680	2	966,868,	0,383412,
chr8	101466447	101504833	chr8:102478675..102479559-chr8:102515969..102517061,7	700	.	101466447	101504833	16711680	2	884,1092,	0,37294,
chr8	109575040	109646422	chr8:110587269..110587781-chr8:110658115..110658651,2	200	.	109575040	109646422	16711680	2	512,536,	0,70846,
chr8	121150792	127860092	chr8:122163032..122163721-chr8:128871648..128872338,2	200	.	121150792	127860092	16711680	2	689,690,	0,6708610,
chr8	121150851	121432950	chr8:122163091..122163821-chr8:122444540..122445190,3	300	.	121150851	121432950	16711680	2	730,650,	0,281449,
chr8	121406432	121432922	chr8:122418672..122419277-chr8:122444604..122445162,2	200	.	121406432	121432922	16711680	2	605,558,	0,25932,
chr8	123563310	123626669	chr8:124575550..124576439-chr8:124638158..124638909,2	200	.	123563310	123626669	16711680	2	889,751,	0,62608,
chr8	123975292	127626145	chr8:124987532..124988285-chr8:128637802..128638390,2	200	.	123975292	127626145	16711680	2	753,588,	0,3650265,
chr8	127552239	127871185	chr8:128564484..128565337-chr8:128882634..128883431,2	200	.	127552239	127871185	16711680	2	853,797,	0,318149,
chr8	127668251	127871262	chr8:128680496..128681646-chr8:128882579..128883508,3	300	.	127668251	127871262	16711680	2	1150,929,	0,202082,
chr8	127799792	127871256	chr8:128812038..128813690-chr8:128882537..128883502,29	1000	.	127799792	127871256	16711680	2	1652,965,	0,70499,
chr8	127800576	128142552	chr8:128812822..128813957-chr8:129153843..129154798,7	700	.	127800576	128142552	16711680	2	1135,955,	0,341021,
chr8	127800730	127911832	chr8:128812976..128813549-chr8:128923241..128924078,2	200	.	127800730	127911832	16711680	2	573,837,	0,110265,
chr8	127819490	127871293	chr8:128831736..128832662-chr8:128882598..128883539,6	600	.	127819490	127871293	16711680	2	926,941,	0,50862,
chr8	127819754	128142557	chr8:128832000..128832876-chr8:129154244..129154803,2	200	.	127819754	128142557	16711680	2	876,559,	0,322244,
chr8	127859207	127871355	chr8:128871453..128872648-chr8:128881874..128883601,49	1000	.	127859207	127871355	16711680	2	1195,1727,	0,10421,
chr8	127859214	128142540	chr8:128871460..128872623-chr8:129153856..129154786,17	1000	.	127859214	128142540	16711680	2	1163,930,	0,282396,
chr8	127867532	128142570	chr8:128879778..128880631-chr8:129153901..129154816,4	400	.	127867532	128142570	16711680	2	853,915,	0,274123,
chr8	127870111	128142584	chr8:128882357..128883559-chr8:129153723..129154830,34	1000	.	127870111	128142584	16711680	2	1202,1107,	0,271366,
chr8	127870294	127911831	chr8:128882540..128883444-chr8:128923218..128924077,10	1000	.	127870294	127911831	16711680	2	904,859,	0,40678,
chr8	127870298	128108700	chr8:128882544..128883427-chr8:129120373..129120946,4	400	.	127870298	128108700	16711680	2	883,573,	0,237829,
chr8	127870300	128140624	chr8:128882546..128883428-chr8:129151883..129152870,3	300	.	127870300	128140624	16711680	2	882,987,	0,269337,
chr8	127870303	128225142	chr8:128882549..128883500-chr8:129236622..129237388,7	700	.	127870303	128225142	16711680	2	951,766,	0,354073,
chr8	127870375	128121287	chr8:128882621..128883172-chr8:129132737..129133533,2	200	.	127870375	128121287	16711680	2	551,796,	0,250116,
chr9	4755714	4866965	chr9:4755714..4756375-chr9:4866022..4866965,10	1000	.	4755714	4866965	16711680	2	661,943,	0,110308,
chr9	4865929	4930554	chr9:4865929..4866998-chr9:4929553..4930554,9	900	.	4865929	4930554	16711680	2	1069,1001,	0,63624,
chr9	88344232	88530588	chr9:90959147..90959821-chr9:91144640..91145503,5	500	.	88344232	88530588	16711680	2	674,863,	0,185493,
chr9	94782498	94992624	chr9:97544780..97546117-chr9:97753944..97754906,16	1000	.	94782498	94992624	16711680	2	1337,962,	0,209164,
chr9	94782559	94951575	chr9:97544841..97545856-chr9:97712881..97713857,5	500	.	94782559	94951575	16711680	2	1015,976,	0,168040,
chr9	94782680	94993647	chr9:97544962..97546124-chr9:97755044..97755929,5	500	.	94782680	94993647	16711680	2	1162,885,	0,210082,
chr9	94782712	94953569	chr9:97544994..97545810-chr9:97715186..97715851,4	400	.	94782712	94953569	16711680	2	816,665,	0,170192,
chr9	94782969	95129890	chr9:97545251..97545839-chr9:97891456..97892172,3	300	.	94782969	95129890	16711680	2	588,716,	0,346205,
chr9	105953792	107132229	chr9:108716073..108716703-chr9:109893850..109894510,2	200	.	105953792	107132229	16711680	2	630,660,	0,1177777,
chr9	107541247	108479705	chr9:110303528..110304203-chr9:111241054..111241985,3	300	.	107541247	108479705	16711680	2	675,931,	0,937527,
chr9	114545204	114558652	chr9:117307484..117308080-chr9:117320181..117320932,2	200	.	114545204	114558652	16711680	2	596,751,	0,12697,
chr9	125451151	125461536	chr9:128213430..128213977-chr9:128222726..128223815,3	300	.	125451151	125461536	16711680	2	547,1089,	0,9296,
chrX	16617142	16663030	chrX:16635265..16636133-chrX:16680167..16681153,4	400	.	16617142	16663030	16711680	2	868,986,	0,44902,
