chr15	55357463	55358014	chr1:179943932..179944436-chr15:55649661..55650212,2	200	.	55357463	55358014	16711680	1	551,	0,
chr3	64491256	64492044	chr20:52739899..52740773-chr3:64476932..64477720,7	700	.	64491256	64492044	16711680	1	788,	0,
chr3	64491232	64492027	chr20:52811578..52812100-chr3:64476908..64477703,3	300	.	64491232	64492027	16711680	1	795,	0,
chr1	16607981	152023210	chr1:16934476..16935083-chr1:151995159..151995686,2	200	.	16607981	152023210	16711680	2	607,527,	0,135414702,
chr1	109150934	109246864	chr1:109693556..109694364-chr1:109788586..109789486,3	300	.	109150934	109246864	16711680	2	808,900,	0,95030,
chr1	109198911	109240715	chr1:109741533..109742402-chr1:109782529..109783337,4	400	.	109198911	109240715	16711680	2	869,808,	0,40996,
chr1	109199201	109246776	chr1:109741823..109742750-chr1:109788615..109789398,3	300	.	109199201	109246776	16711680	2	927,783,	0,46792,
chr1	145707959	148891507	chr1:144992979..144993481-chr1:145726417..145727106,2	200	.	145707959	148891507	16711680	2	689,502,	0,3183046,
chr1	147669346	147717557	chr1:147141468..147142147-chr1:147188733..147189691,2	200	.	147669346	147717557	16711680	2	679,958,	0,47253,
chr1	183023828	183606172	chr1:182992963..182993590-chr1:183574794..183575307,2	200	.	183023828	183606172	16711680	2	627,513,	0,581831,
chr1	200016526	200487311	chr1:199985654..199986227-chr1:200455916..200456439,2	200	.	200016526	200487311	16711680	2	573,523,	0,470262,
chr1	200016549	202335645	chr1:199985677..199986337-chr1:202304196..202304773,2	200	.	200016549	202335645	16711680	2	660,577,	0,2318519,
chr1	206903703	227329107	chr1:207077048..207077588-chr1:227515958..227516808,2	200	.	206903703	227329107	16711680	2	540,850,	0,20424554,
chr10	3289779	3396264	chr10:3331971..3332527-chr10:3437941..3438456,2	200	.	3289779	3396264	16711680	2	556,515,	0,105970,
chr10	79128273	88108663	chr10:80888030..80888626-chr10:89867901..89868420,2	200	.	79128273	88108663	16711680	2	596,519,	0,8979871,
chr11	69891271	72786683	chr11:69706039..69706935-chr11:72497194..72497728,2	200	.	69891271	72786683	16711680	2	896,534,	0,2894878,
chr11	70805661	72787033	chr11:70651766..70652641-chr11:72497493..72498078,2	200	.	70805661	72787033	16711680	2	875,585,	0,1980787,
chr12	53824987	53983784	chr12:54218771..54219658-chr12:54376779..54377568,4	400	.	53824987	53983784	16711680	2	887,789,	0,158008,
chr12	53827043	53983934	chr12:54220827..54221503-chr12:54377155..54377718,2	200	.	53827043	53983934	16711680	2	676,563,	0,156328,
chr12	53867404	53983939	chr12:54261188..54261757-chr12:54377104..54377723,2	200	.	53867404	53983939	16711680	2	569,619,	0,115916,
chr12	55177588	122855390	chr12:55571372..55571892-chr12:123339417..123339937,2	200	.	55177588	122855390	16711680	2	520,520,	0,67677282,
chr12	79022587	79157562	chr12:79416367..79417223-chr12:79550524..79551342,2	200	.	79022587	79157562	16711680	2	856,818,	0,134157,
chr14	68177413	68570429	chr14:68644130..68645028-chr14:69036481..69037146,7	700	.	68177413	68570429	16711680	2	898,665,	0,392351,
chr14	68177472	68459411	chr14:68644189..68644931-chr14:68925503..68926128,3	300	.	68177472	68459411	16711680	2	742,625,	0,281314,
chr14	73601883	73785352	chr14:74068587..74069172-chr14:74251195..74252055,3	300	.	73601883	73785352	16711680	2	585,860,	0,182609,
chr14	73601927	73783189	chr14:74068631..74069429-chr14:74249349..74249892,2	200	.	73601927	73783189	16711680	2	798,543,	0,180719,
chr14	73633664	73785325	chr14:74100368..74101094-chr14:74251377..74252028,3	300	.	73633664	73785325	16711680	2	727,651,	0,151010,
chr14	73633831	73783215	chr14:74100534..74101054-chr14:74249389..74249918,2	200	.	73633831	73783215	16711680	2	520,529,	0,148855,
chr15	57591269	73710734	chr15:57883467..57884028-chr15:74002521..74003075,2	200	.	57591269	73710734	16711680	2	561,554,	0,16118911,
chr15	95894265	96337530	chr15:96437494..96438084-chr15:96880092..96880759,2	200	.	95894265	96337530	16711680	2	590,667,	0,442598,
chr15	95895068	96337342	chr15:96438297..96439403-chr15:96879700..96880571,3	300	.	95895068	96337342	16711680	2	1106,871,	0,441403,
chr15	95911386	96337435	chr15:96454615..96455439-chr15:96879983..96880664,2	200	.	95911386	96337435	16711680	2	824,681,	0,425368,
chr16	11457008	85306741	chr16:11550864..11551384-chr16:85339844..85340347,2	200	.	11457008	85306741	16711680	2	520,503,	0,73849230,
chr16	21511338	87861173	chr16:21522659..21523262-chr16:87894262..87894779,2	200	.	21511338	87861173	16711680	2	603,517,	0,66349318,
chr16	29310649	88017636	chr16:29321970..29322894-chr16:88050387..88051242,6	600	.	29310649	88017636	16711680	2	924,855,	0,58706132,
chr17	7951524	47693782	chr17:7854842..7855345-chr17:45770546..45771148,2	200	.	7951524	47693782	16711680	2	503,602,	0,39741656,
chr17	7957595	40449254	chr17:7860913..7861620-chr17:38604584..38605506,2	200	.	7957595	40449254	16711680	2	707,922,	0,32490737,
chr17	58639367	74770271	chr17:56716728..56717687-chr17:72765719..72766410,2	200	.	58639367	74770271	16711680	2	959,691,	0,16130213,
chr17	58639404	74761214	chr17:56716765..56717651-chr17:72756497..72757353,2	200	.	58639404	74761214	16711680	2	886,856,	0,16120954,
chr17	58639450	61723838	chr17:56716811..56717664-chr17:59800437..59801199,3	300	.	58639450	61723838	16711680	2	853,762,	0,3083626,
chr17	58639496	60345826	chr17:56716857..56717548-chr17:58422241..58423187,2	200	.	58639496	60345826	16711680	2	691,946,	0,1705384,
chr17	59007603	61723918	chr17:57084964..57085505-chr17:59800528..59801279,2	200	.	59007603	61723918	16711680	2	541,751,	0,2715564,
chr17	61356445	61723973	chr17:59433806..59434541-chr17:59800526..59801334,3	300	.	61356445	61723973	16711680	2	735,808,	0,366720,
chr2	113176458	120404852	chr2:113934035..113934641-chr2:121161484..121162428,2	200	.	113176458	120404852	16711680	2	606,944,	0,7227450,
chr2	163840132	163857386	chr2:164696642..164697370-chr2:164713055..164713896,3	300	.	163840132	163857386	16711680	2	728,841,	0,16413,
chr2	231519166	231708397	chr2:232383877..232384820-chr2:232572359..232573107,2	200	.	231519166	231708397	16711680	2	943,748,	0,188483,
chr20	32040757	45342320	chr20:30628560..30629275-chr20:43970231..43970960,2	200	.	32040757	45342320	16711680	2	715,729,	0,13300834,
chr20	39758758	54124105	chr20:38387400..38387900-chr20:52739840..52740644,2	200	.	39758758	54124105	16711680	2	500,804,	0,14364543,
chr20	47331389	50727792	chr20:45960133..45960635-chr20:49343638..49344329,2	200	.	47331389	50727792	16711680	2	502,691,	0,3395712,
chr20	47344997	54149590	chr20:45973741..45974624-chr20:52765376..52766129,2	200	.	47344997	54149590	16711680	2	883,753,	0,6803840,
chr20	47345347	50727991	chr20:45974091..45974604-chr20:49343585..49344528,2	200	.	47345347	50727991	16711680	2	513,943,	0,3381701,
chr20	47382374	50728186	chr20:46011118..46012101-chr20:49343687..49344723,5	500	.	47382374	50728186	16711680	2	983,1036,	0,3344776,
chr20	48075654	54195929	chr20:46704397..46705661-chr20:52811502..52812468,14	1000	.	48075654	54195929	16711680	2	1264,966,	0,6119309,
chr20	48075712	54123947	chr20:46704455..46705085-chr20:52739865..52740486,2	200	.	48075712	54123947	16711680	2	630,621,	0,6047614,
chr20	48075759	54149660	chr20:46704502..46705337-chr20:52765426..52766199,4	400	.	48075759	54149660	16711680	2	835,773,	0,6073128,
chr20	48075858	54087806	chr20:46704601..46705157-chr20:52703735..52704345,2	200	.	48075858	54087806	16711680	2	556,610,	0,6011338,
chr20	48571915	54149631	chr20:47188453..47188965-chr20:52765584..52766170,2	200	.	48571915	54149631	16711680	2	512,586,	0,5577130,
chr20	48697764	54149625	chr20:47314302..47315275-chr20:52765377..52766164,3	300	.	48697764	54149625	16711680	2	973,787,	0,5451074,
chr20	48698020	54127607	chr20:47314558..47315197-chr20:52743433..52744146,2	200	.	48698020	54127607	16711680	2	639,713,	0,5428874,
chr20	48864158	54124231	chr20:47480695..47481839-chr20:52739928..52740770,4	400	.	48864158	54124231	16711680	2	1144,842,	0,5259231,
chr20	48864488	54149669	chr20:47481025..47481886-chr20:52765424..52766208,3	300	.	48864488	54149669	16711680	2	861,784,	0,5284397,
chr20	50727090	54195896	chr20:49343627..49344448-chr20:52811576..52812435,6	600	.	50727090	54195896	16711680	2	821,859,	0,3467947,
chr20	50727106	54149736	chr20:49343643..49344493-chr20:52765356..52766275,6	600	.	50727106	54149736	16711680	2	850,919,	0,3421711,
chr20	50727140	54124300	chr20:49343677..49344768-chr20:52739970..52740839,4	400	.	50727140	54124300	16711680	2	1091,869,	0,3396291,
chr20	50727523	53608940	chr20:49344060..49344653-chr20:52224962..52225479,2	200	.	50727523	53608940	16711680	2	593,517,	0,2880900,
chr20	50763971	54124518	chr20:49380508..49381298-chr20:52740109..52741057,2	200	.	50763971	54124518	16711680	2	790,948,	0,3359599,
chr20	50763976	54195952	chr20:49380513..49381355-chr20:52811947..52812491,2	200	.	50763976	54195952	16711680	2	842,544,	0,3431432,
chr20	53607993	54149627	chr20:52224532..52225159-chr20:52765348..52766166,2	200	.	53607993	54149627	16711680	2	627,818,	0,540816,
chr20	53608039	54195925	chr20:52224578..52225128-chr20:52811673..52812464,2	200	.	53608039	54195925	16711680	2	550,791,	0,587095,
chr20	53661489	54195963	chr20:52278028..52278937-chr20:52811392..52812502,5	500	.	53661489	54195963	16711680	2	909,1110,	0,533364,
chr20	53661564	53828908	chr20:52278103..52278773-chr20:52444653..52445447,2	200	.	53661564	53828908	16711680	2	670,794,	0,166550,
chr20	53661753	53865077	chr20:52278292..52278903-chr20:52480742..52481616,3	300	.	53661753	53865077	16711680	2	611,874,	0,202450,
chr20	53661837	53806274	chr20:52278376..52279004-chr20:52422159..52422813,2	200	.	53661837	53806274	16711680	2	628,654,	0,143783,
chr20	53661839	54149434	chr20:52278378..52278945-chr20:52765351..52765973,2	200	.	53661839	54149434	16711680	2	567,622,	0,486973,
chr20	53661855	54124177	chr20:52278394..52278897-chr20:52740216..52740716,2	200	.	53661855	54124177	16711680	2	503,500,	0,461822,
chr20	53661875	57264083	chr20:52278414..52279052-chr20:55838156..55839139,2	200	.	53661875	57264083	16711680	2	638,983,	0,3601225,
chr20	53724848	57263619	chr20:52341387..52341931-chr20:55838149..55838675,2	200	.	53724848	57263619	16711680	2	544,526,	0,3538245,
chr20	53773724	54124164	chr20:52390263..52391133-chr20:52740057..52740703,2	200	.	53773724	54124164	16711680	2	870,646,	0,349794,
chr20	53773888	53852768	chr20:52390427..52391199-chr20:52468797..52469307,2	200	.	53773888	53852768	16711680	2	772,510,	0,78370,
chr21	14305950	15210941	chr21:15678271..15679097-chr21:16582211..16583261,3	300	.	14305950	15210941	16711680	2	826,1050,	0,903941,
chr21	14863185	15210484	chr21:16235506..16236232-chr21:16582287..16582804,2	200	.	14863185	15210484	16711680	2	726,517,	0,346782,
chr21	14877488	15210869	chr21:16249809..16250331-chr21:16582564..16583189,2	200	.	14877488	15210869	16711680	2	522,625,	0,332756,
chr21	15003030	15200314	chr21:16375351..16376289-chr21:16571993..16572634,2	200	.	15003030	15200314	16711680	2	938,641,	0,196643,
chr21	15003092	15342988	chr21:16375413..16376190-chr21:16714500..16715307,2	200	.	15003092	15342988	16711680	2	777,807,	0,339089,
chr21	15003112	15210795	chr21:16375433..16376422-chr21:16582244..16583115,4	400	.	15003112	15210795	16711680	2	989,871,	0,206812,
chr21	15003264	15173613	chr21:16375585..16376325-chr21:16545085..16545933,2	200	.	15003264	15173613	16711680	2	740,848,	0,169501,
chr21	15004695	15210962	chr21:16377016..16378255-chr21:16582184..16583282,13	1000	.	15004695	15210962	16711680	2	1239,1098,	0,205169,
chr21	15004917	15173282	chr21:16377238..16378235-chr21:16544902..16545602,3	300	.	15004917	15173282	16711680	2	997,700,	0,167665,
chr21	15005031	15204375	chr21:16377352..16378335-chr21:16575784..16576695,5	500	.	15005031	15204375	16711680	2	983,911,	0,198433,
chr21	15005080	15343028	chr21:16377401..16378315-chr21:16714678..16715347,3	300	.	15005080	15343028	16711680	2	914,669,	0,337279,
chr21	15005093	15587484	chr21:16377414..16378279-chr21:16958983..16959803,3	300	.	15005093	15587484	16711680	2	865,820,	0,581571,
chr21	15005109	15200448	chr21:16377430..16378305-chr21:16571594..16572768,4	400	.	15005109	15200448	16711680	2	875,1174,	0,194165,
chr21	15132428	15211036	chr21:16504749..16505697-chr21:16582211..16583356,5	500	.	15132428	15211036	16711680	2	948,1145,	0,77463,
chr21	15132517	15173329	chr21:16504838..16505677-chr21:16545069..16545649,2	200	.	15132517	15173329	16711680	2	839,580,	0,40232,
chr3	32447519	188491912	chr3:32489011..32489531-chr3:188208875..188209700,2	200	.	32447519	188491912	16711680	2	520,825,	0,156043568,
chr3	32447521	64491732	chr3:32489013..32489531-chr3:64476813..64477408,2	200	.	32447521	64491732	16711680	2	518,595,	0,32043616,
chr3	63561996	63577325	chr3:63547672..63548599-chr3:63562204..63563001,3	300	.	63561996	63577325	16711680	2	927,797,	0,14532,
chr3	64491136	64502049	chr3:64476812..64477772-chr3:64486807..64487725,11	1000	.	64491136	64502049	16711680	2	960,918,	0,9995,
chr3	140947027	193879769	chr3:140665869..140666370-chr3:193597000..193597558,2	200	.	140947027	193879769	16711680	2	501,558,	0,52932184,
chr3	150237678	150737753	chr3:149955465..149956755-chr3:150454327..150455540,5	500	.	150237678	150737753	16711680	2	1290,1213,	0,498862,
chr3	150736950	161340037	chr3:150454737..150455301-chr3:161057286..161057825,2	200	.	150736950	161340037	16711680	2	564,539,	0,10602548,
chr3	150737090	154219393	chr3:150454877..150455380-chr3:153936589..153937182,2	200	.	150737090	154219393	16711680	2	503,593,	0,3481710,
chr4	74374814	74662836	chr4:75240531..75241121-chr4:75587038..75588035,2	200	.	74374814	74662836	16711680	2	590,997,	0,287025,
chr4	74618364	74662265	chr4:75543578..75544249-chr4:75586605..75587464,5	500	.	74618364	74662265	16711680	2	671,859,	0,43042,
chr5	137850148	137889348	chr5:137185837..137186695-chr5:137224432..137225037,2	200	.	137850148	137889348	16711680	2	858,605,	0,38595,
chr6	16766093	17394371	chr6:16766324..16766868-chr6:17393904..17394602,2	200	.	16766093	17394371	16711680	2	544,698,	0,627580,
chr6	44110069	44238675	chr6:44077806..44078726-chr6:44204971..44206412,4	400	.	44110069	44238675	16711680	2	920,1441,	0,127165,
chr6	122620656	122697579	chr6:122941801..122942437-chr6:123018040..123018724,2	200	.	122620656	122697579	16711680	2	636,684,	0,76239,
chr6	122622360	122697642	chr6:122943505..122944478-chr6:123017798..123018787,6	600	.	122622360	122697642	16711680	2	973,989,	0,74293,
chr7	108201588	108352027	chr7:107842032..107842538-chr7:107991881..107992471,2	200	.	108201588	108352027	16711680	2	506,590,	0,149849,
chr7	116272925	116340306	chr7:115912979..115913921-chr7:115979610..115980360,5	500	.	116272925	116340306	16711680	2	942,750,	0,66631,
chr7	116316468	116427146	chr7:115956522..115957043-chr7:116066484..116067200,2	200	.	116316468	116427146	16711680	2	521,716,	0,109962,
chr7	116317012	116427019	chr7:115957066..115957794-chr7:116066378..116067073,2	200	.	116317012	116427019	16711680	2	728,695,	0,109312,
chr7	151694484	151857243	chr7:151391570..151392561-chr7:151553318..151554328,13	1000	.	151694484	151857243	16711680	2	991,1010,	0,161749,
chr7	151721270	151857216	chr7:151418356..151419311-chr7:151553722..151554301,2	200	.	151721270	151857216	16711680	2	955,579,	0,135367,
chr8	33244813	127871118	chr8:33102331..33103254-chr8:128882687..128883364,2	200	.	33244813	127871118	16711680	2	923,677,	0,94625628,
chr8	90581412	90913218	chr8:91593640..91594279-chr8:91924795..91925446,2	200	.	90581412	90913218	16711680	2	639,651,	0,331155,
chr8	101120491	101504333	chr8:102132719..102133605-chr8:102516006..102516561,3	300	.	101120491	101504333	16711680	2	886,555,	0,383287,
chr8	101360800	101437506	chr8:102373028..102373637-chr8:102448966..102449734,2	200	.	101360800	101437506	16711680	2	609,768,	0,75938,
chr8	109575325	109638739	chr8:110587554..110588184-chr8:110650422..110650968,2	200	.	109575325	109638739	16711680	2	630,546,	0,62868,
chr8	109575497	109645368	chr8:110587726..110588239-chr8:110657058..110657597,2	200	.	109575497	109645368	16711680	2	513,539,	0,69332,
chr8	123453964	123564223	chr8:124466204..124466710-chr8:124575524..124576463,2	200	.	123453964	123564223	16711680	2	506,939,	0,109320,
chr9	88369936	125174889	chr9:90984851..90985655-chr9:127936274..127937168,2	200	.	88369936	125174889	16711680	2	804,894,	0,36804059,
chr9	92665922	121717964	chr9:95428204..95428780-chr9:124479526..124480243,2	200	.	92665922	121717964	16711680	2	576,717,	0,29051325,
