chr15	55357463	55358014	chr1:179943932..179944436-chr15:55649661..55650212,2	200	.	55357463	55358014	16711680	1	551,	0,
chr3	64491256	64492044	chr20:52739899..52740773-chr3:64476932..64477720,7	700	.	64491256	64492044	16711680	1	788,	0,
chr3	64491232	64492027	chr20:52811578..52812100-chr3:64476908..64477703,3	300	.	64491232	64492027	16711680	1	795,	0,
chr1	16607981	152023210	chr1:16934476..16935083-chr1:151995159..151995686,2	200	.	16607981	152023210	16711680	2	607,527,	0,135414702,
chr1	109150934	109246864	chr1:109693556..109694364-chr1:109788586..109789486,3	300	.	109150934	109246864	16711680	2	808,900,	0,95030,
chr1	109198911	109240715	chr1:109741533..109742402-chr1:109782529..109783337,4	400	.	109198911	109240715	16711680	2	869,808,	0,40996,
chr1	109199201	109246776	chr1:109741823..109742750-chr1:109788615..109789398,3	300	.	109199201	109246776	16711680	2	927,783,	0,46792,
chr1	145707959	148891507	chr1:144992979..144993481-chr1:145726417..145727106,2	200	.	145707959	148891507	16711680	2	689,502,	0,3183046,
chr1	147669346	147717557	chr1:147141468..147142147-chr1:147188733..147189691,2	200	.	147669346	147717557	16711680	2	679,958,	0,47253,
chr1	183023828	183606172	chr1:182992963..182993590-chr1:183574794..183575307,2	200	.	183023828	183606172	16711680	2	627,513,	0,581831,
chr1	200016526	200487311	chr1:199985654..199986227-chr1:200455916..200456439,2	200	.	200016526	200487311	16711680	2	573,523,	0,470262,
chr1	200016549	202335645	chr1:199985677..199986337-chr1:202304196..202304773,2	200	.	200016549	202335645	16711680	2	660,577,	0,2318519,
chr1	206903703	227329107	chr1:207077048..207077588-chr1:227515958..227516808,2	200	.	206903703	227329107	16711680	2	540,850,	0,20424554,
chr10	3289779	3396264	chr10:3331971..3332527-chr10:3437941..3438456,2	200	.	3289779	3396264	16711680	2	556,515,	0,105970,
chr10	79128273	88108663	chr10:80888030..80888626-chr10:89867901..89868420,2	200	.	79128273	88108663	16711680	2	596,519,	0,8979871,
chr11	69891271	72786683	chr11:69706039..69706935-chr11:72497194..72497728,2	200	.	69891271	72786683	16711680	2	896,534,	0,2894878,
chr11	70805661	72787033	chr11:70651766..70652641-chr11:72497493..72498078,2	200	.	70805661	72787033	16711680	2	875,585,	0,1980787,
chr12	53824987	53983784	chr12:54218771..54219658-chr12:54376779..54377568,4	400	.	53824987	53983784	16711680	2	887,789,	0,158008,
chr12	53827043	53983934	chr12:54220827..54221503-chr12:54377155..54377718,2	200	.	53827043	53983934	16711680	2	676,563,	0,156328,
chr12	53867404	53983939	chr12:54261188..54261757-chr12:54377104..54377723,2	200	.	53867404	53983939	16711680	2	569,619,	0,115916,
chr12	55177588	122855390	chr12:55571372..55571892-chr12:123339417..123339937,2	200	.	55177588	122855390	16711680	2	520,520,	0,67677282,
chr12	79022587	79157562	chr12:79416367..79417223-chr12:79550524..79551342,2	200	.	79022587	79157562	16711680	2	856,818,	0,134157,
chr14	68177413	68570429	chr14:68644130..68645028-chr14:69036481..69037146,7	700	.	68177413	68570429	16711680	2	898,665,	0,392351,
chr14	68177472	68459411	chr14:68644189..68644931-chr14:68925503..68926128,3	300	.	68177472	68459411	16711680	2	742,625,	0,281314,
chr14	73601883	73785352	chr14:74068587..74069172-chr14:74251195..74252055,3	300	.	73601883	73785352	16711680	2	585,860,	0,182609,
chr14	73601927	73783189	chr14:74068631..74069429-chr14:74249349..74249892,2	200	.	73601927	73783189	16711680	2	798,543,	0,180719,
chr14	73633664	73785325	chr14:74100368..74101094-chr14:74251377..74252028,3	300	.	73633664	73785325	16711680	2	727,651,	0,151010,
chr14	73633831	73783215	chr14:74100534..74101054-chr14:74249389..74249918,2	200	.	73633831	73783215	16711680	2	520,529,	0,148855,
chr15	57591269	73710734	chr15:57883467..57884028-chr15:74002521..74003075,2	200	.	57591269	73710734	16711680	2	561,554,	0,16118911,
chr15	95894265	96337530	chr15:96437494..96438084-chr15:96880092..96880759,2	200	.	95894265	96337530	16711680	2	590,667,	0,442598,
chr15	95895068	96337342	chr15:96438297..96439403-chr15:96879700..96880571,3	300	.	95895068	96337342	16711680	2	1106,871,	0,441403,
chr15	95911386	96337435	chr15:96454615..96455439-chr15:96879983..96880664,2	200	.	95911386	96337435	16711680	2	824,681,	0,425368,
chr16	11457008	85306741	chr16:11550864..11551384-chr16:85339844..85340347,2	200	.	11457008	85306741	16711680	2	520,503,	0,73849230,
chr16	21511338	87861173	chr16:21522659..21523262-chr16:87894262..87894779,2	200	.	21511338	87861173	16711680	2	603,517,	0,66349318,
chr16	29310649	88017636	chr16:29321970..29322894-chr16:88050387..88051242,6	600	.	29310649	88017636	16711680	2	924,855,	0,58706132,
chr17	7951524	47693782	chr17:7854842..7855345-chr17:45770546..45771148,2	200	.	7951524	47693782	16711680	2	503,602,	0,39741656,
chr17	7957595	40449254	chr17:7860913..7861620-chr17:38604584..38605506,2	200	.	7957595	40449254	16711680	2	707,922,	0,32490737,
chr17	58639367	74770271	chr17:56716728..56717687-chr17:72765719..72766410,2	200	.	58639367	74770271	16711680	2	959,691,	0,16130213,
chr17	58639404	74761214	chr17:56716765..56717651-chr17:72756497..72757353,2	200	.	58639404	74761214	16711680	2	886,856,	0,16120954,
chr17	58639450	61723838	chr17:56716811..56717664-chr17:59800437..59801199,3	300	.	58639450	61723838	16711680	2	853,762,	0,3083626,
chr17	58639496	60345826	chr17:56716857..56717548-chr17:58422241..58423187,2	200	.	58639496	60345826	16711680	2	691,946,	0,1705384,
chr17	59007603	61723918	chr17:57084964..57085505-chr17:59800528..59801279,2	200	.	59007603	61723918	16711680	2	541,751,	0,2715564,
chr17	61356445	61723973	chr17:59433806..59434541-chr17:59800526..59801334,3	300	.	61356445	61723973	16711680	2	735,808,	0,366720,
chr2	113176458	120404852	chr2:113934035..113934641-chr2:121161484..121162428,2	200	.	113176458	120404852	16711680	2	606,944,	0,7227450,
chr2	163840132	163857386	chr2:164696642..164697370-chr2:164713055..164713896,3	300	.	163840132	163857386	16711680	2	728,841,	0,16413,
chr2	231519166	231708397	chr2:232383877..232384820-chr2:232572359..232573107,2	200	.	231519166	231708397	16711680	2	943,748,	0,188483,
chr20	32040757	45342320	chr20:30628560..30629275-chr20:43970231..43970960,2	200	.	32040757	45342320	16711680	2	715,729,	0,13300834,
chr20	39758758	54124105	chr20:38387400..38387900-chr20:52739840..52740644,2	200	.	39758758	54124105	16711680	2	500,804,	0,14364543,
chr20	47331389	50727792	chr20:45960133..45960635-chr20:49343638..49344329,2	200	.	47331389	50727792	16711680	2	502,691,	0,3395712,
chr20	47344997	54149590	chr20:45973741..45974624-chr20:52765376..52766129,2	200	.	47344997	54149590	16711680	2	883,753,	0,6803840,
chr20	47345347	50727991	chr20:45974091..45974604-chr20:49343585..49344528,2	200	.	47345347	50727991	16711680	2	513,943,	0,3381701,
chr20	47382374	50728186	chr20:46011118..46012101-chr20:49343687..49344723,5	500	.	47382374	50728186	16711680	2	983,1036,	0,3344776,
chr20	48075654	54195929	chr20:46704397..46705661-chr20:52811502..52812468,14	1000	.	48075654	54195929	16711680	2	1264,966,	0,6119309,
chr20	48075712	54123947	chr20:46704455..46705085-chr20:52739865..52740486,2	200	.	48075712	54123947	16711680	2	630,621,	0,6047614,
chr20	48075759	54149660	chr20:46704502..46705337-chr20:52765426..52766199,4	400	.	48075759	54149660	16711680	2	835,773,	0,6073128,
chr20	48075858	54087806	chr20:46704601..46705157-chr20:52703735..52704345,2	200	.	48075858	54087806	16711680	2	556,610,	0,6011338,
chr20	48571915	54149631	chr20:47188453..47188965-chr20:52765584..52766170,2	200	.	48571915	54149631	16711680	2	512,586,	0,5577130,
chr20	48697764	54149625	chr20:47314302..47315275-chr20:52765377..52766164,3	300	.	48697764	54149625	16711680	2	973,787,	0,5451074,
chr20	48698020	54127607	chr20:47314558..47315197-chr20:52743433..52744146,2	200	.	48698020	54127607	16711680	2	639,713,	0,5428874,
chr20	48864158	54124231	chr20:47480695..47481839-chr20:52739928..52740770,4	400	.	48864158	54124231	16711680	2	1144,842,	0,5259231,
chr20	48864488	54149669	chr20:47481025..47481886-chr20:52765424..52766208,3	300	.	48864488	54149669	16711680	2	861,784,	0,5284397,
chr20	50727090	54195896	chr20:49343627..49344448-chr20:52811576..52812435,6	600	.	50727090	54195896	16711680	2	821,859,	0,3467947,
chr20	50727106	54149736	chr20:49343643..49344493-chr20:52765356..52766275,6	600	.	50727106	54149736	16711680	2	850,919,	0,3421711,
chr20	50727140	54124300	chr20:49343677..49344768-chr20:52739970..52740839,4	400	.	50727140	54124300	16711680	2	1091,869,	0,3396291,
chr20	50727523	53608940	chr20:49344060..49344653-chr20:52224962..52225479,2	200	.	50727523	53608940	16711680	2	593,517,	0,2880900,
chr20	50763971	54124518	chr20:49380508..49381298-chr20:52740109..52741057,2	200	.	50763971	54124518	16711680	2	790,948,	0,3359599,
chr20	50763976	54195952	chr20:49380513..49381355-chr20:52811947..52812491,2	200	.	50763976	54195952	16711680	2	842,544,	0,3431432,
chr20	53607993	54149627	chr20:52224532..52225159-chr20:52765348..52766166,2	200	.	53607993	54149627	16711680	2	627,818,	0,540816,
chr20	53608039	54195925	chr20:52224578..52225128-chr20:52811673..52812464,2	200	.	53608039	54195925	16711680	2	550,791,	0,587095,
chr20	53661489	54195963	chr20:52278028..52278937-chr20:52811392..52812502,5	500	.	53661489	54195963	16711680	2	909,1110,	0,533364,
chr20	53661564	53828908	chr20:52278103..52278773-chr20:52444653..52445447,2	200	.	53661564	53828908	16711680	2	670,794,	0,166550,
chr20	53661753	53865077	chr20:52278292..52278903-chr20:52480742..52481616,3	300	.	53661753	53865077	16711680	2	611,874,	0,202450,
chr20	53661837	53806274	chr20:52278376..52279004-chr20:52422159..52422813,2	200	.	53661837	53806274	16711680	2	628,654,	0,143783,
chr20	53661839	54149434	chr20:52278378..52278945-chr20:52765351..52765973,2	200	.	53661839	54149434	16711680	2	567,622,	0,486973,
chr20	53661855	54124177	chr20:52278394..52278897-chr20:52740216..52740716,2	200	.	53661855	54124177	16711680	2	503,500,	0,461822,
chr20	53661875	57264083	chr20:52278414..52279052-chr20:55838156..55839139,2	200	.	53661875	57264083	16711680	2	638,983,	0,3601225,
chr20	53724848	57263619	chr20:52341387..52341931-chr20:55838149..55838675,2	200	.	53724848	57263619	16711680	2	544,526,	0,3538245,
chr20	53773724	54124164	chr20:52390263..52391133-chr20:52740057..52740703,2	200	.	53773724	54124164	16711680	2	870,646,	0,349794,
chr20	53773888	53852768	chr20:52390427..52391199-chr20:52468797..52469307,2	200	.	53773888	53852768	16711680	2	772,510,	0,78370,
chr21	14305950	15210941	chr21:15678271..15679097-chr21:16582211..16583261,3	300	.	14305950	15210941	16711680	2	826,1050,	0,903941,
chr21	14863185	15210484	chr21:16235506..16236232-chr21:16582287..16582804,2	200	.	14863185	15210484	16711680	2	726,517,	0,346782,
chr21	14877488	15210869	chr21:16249809..16250331-chr21:16582564..16583189,2	200	.	14877488	15210869	16711680	2	522,625,	0,332756,
chr21	15003030	15200314	chr21:16375351..16376289-chr21:16571993..16572634,2	200	.	15003030	15200314	16711680	2	938,641,	0,196643,
chr21	15003092	15342988	chr21:16375413..16376190-chr21:16714500..16715307,2	200	.	15003092	15342988	16711680	2	777,807,	0,339089,
chr21	15003112	15210795	chr21:16375433..16376422-chr21:16582244..16583115,4	400	.	15003112	15210795	16711680	2	989,871,	0,206812,
chr21	15003264	15173613	chr21:16375585..16376325-chr21:16545085..16545933,2	200	.	15003264	15173613	16711680	2	740,848,	0,169501,
chr21	15004695	15210962	chr21:16377016..16378255-chr21:16582184..16583282,13	1000	.	15004695	15210962	16711680	2	1239,1098,	0,205169,
chr21	15004917	15173282	chr21:16377238..16378235-chr21:16544902..16545602,3	300	.	15004917	15173282	16711680	2	997,700,	0,167665,
chr21	15005031	15204375	chr21:16377352..16378335-chr21:16575784..16576695,5	500	.	15005031	15204375	16711680	2	983,911,	0,198433,
chr21	15005080	15343028	chr21:16377401..16378315-chr21:16714678..16715347,3	300	.	15005080	15343028	16711680	2	914,669,	0,337279,
chr21	15005093	15587484	chr21:16377414..16378279-chr21:16958983..16959803,3	300	.	15005093	15587484	16711680	2	865,820,	0,581571,
chr21	15005109	15200448	chr21:16377430..16378305-chr21:16571594..16572768,4	400	.	15005109	15200448	16711680	2	875,1174,	0,194165,
chr21	15132428	15211036	chr21:16504749..16505697-chr21:16582211..16583356,5	500	.	15132428	15211036	16711680	2	948,1145,	0,77463,
chr21	15132517	15173329	chr21:16504838..16505677-chr21:16545069..16545649,2	200	.	15132517	15173329	16711680	2	839,580,	0,40232,
chr3	32447519	188491912	chr3:32489011..32489531-chr3:188208875..188209700,2	200	.	32447519	188491912	16711680	2	520,825,	0,156043568,
chr3	32447521	64491732	chr3:32489013..32489531-chr3:64476813..64477408,2	200	.	32447521	64491732	16711680	2	518,595,	0,32043616,
chr3	63561996	63577325	chr3:63547672..63548599-chr3:63562204..63563001,3	300	.	63561996	63577325	16711680	2	927,797,	0,14532,
chr3	64491136	64502049	chr3:64476812..64477772-chr3:64486807..64487725,11	1000	.	64491136	64502049	16711680	2	960,918,	0,9995,
chr3	140947027	193879769	chr3:140665869..140666370-chr3:193597000..193597558,2	200	.	140947027	193879769	16711680	2	501,558,	0,52932184,
chr3	150237678	150737753	chr3:149955465..149956755-chr3:150454327..150455540,5	500	.	150237678	150737753	16711680	2	1290,1213,	0,498862,
chr3	150736950	161340037	chr3:150454737..150455301-chr3:161057286..161057825,2	200	.	150736950	161340037	16711680	2	564,539,	0,10602548,
chr3	150737090	154219393	chr3:150454877..150455380-chr3:153936589..153937182,2	200	.	150737090	154219393	16711680	2	503,593,	0,3481710,
chr4	74374814	74662836	chr4:75240531..75241121-chr4:75587038..75588035,2	200	.	74374814	74662836	16711680	2	590,997,	0,287025,
chr4	74618364	74662265	chr4:75543578..75544249-chr4:75586605..75587464,5	500	.	74618364	74662265	16711680	2	671,859,	0,43042,
chr5	137850148	137889348	chr5:137185837..137186695-chr5:137224432..137225037,2	200	.	137850148	137889348	16711680	2	858,605,	0,38595,
chr6	16766093	17394371	chr6:16766324..16766868-chr6:17393904..17394602,2	200	.	16766093	17394371	16711680	2	544,698,	0,627580,
chr6	44110069	44238675	chr6:44077806..44078726-chr6:44204971..44206412,4	400	.	44110069	44238675	16711680	2	920,1441,	0,127165,
chr6	122620656	122697579	chr6:122941801..122942437-chr6:123018040..123018724,2	200	.	122620656	122697579	16711680	2	636,684,	0,76239,
chr6	122622360	122697642	chr6:122943505..122944478-chr6:123017798..123018787,6	600	.	122622360	122697642	16711680	2	973,989,	0,74293,
chr7	108201588	108352027	chr7:107842032..107842538-chr7:107991881..107992471,2	200	.	108201588	108352027	16711680	2	506,590,	0,149849,
chr7	116272925	116340306	chr7:115912979..115913921-chr7:115979610..115980360,5	500	.	116272925	116340306	16711680	2	942,750,	0,66631,
chr7	116316468	116427146	chr7:115956522..115957043-chr7:116066484..116067200,2	200	.	116316468	116427146	16711680	2	521,716,	0,109962,
chr7	116317012	116427019	chr7:115957066..115957794-chr7:116066378..116067073,2	200	.	116317012	116427019	16711680	2	728,695,	0,109312,
chr7	151694484	151857243	chr7:151391570..151392561-chr7:151553318..151554328,13	1000	.	151694484	151857243	16711680	2	991,1010,	0,161749,
chr7	151721270	151857216	chr7:151418356..151419311-chr7:151553722..151554301,2	200	.	151721270	151857216	16711680	2	955,579,	0,135367,
chr8	33244813	127871118	chr8:33102331..33103254-chr8:128882687..128883364,2	200	.	33244813	127871118	16711680	2	923,677,	0,94625628,
chr8	90581412	90913218	chr8:91593640..91594279-chr8:91924795..91925446,2	200	.	90581412	90913218	16711680	2	639,651,	0,331155,
chr8	101120491	101504333	chr8:102132719..102133605-chr8:102516006..102516561,3	300	.	101120491	101504333	16711680	2	886,555,	0,383287,
chr8	101360800	101437506	chr8:102373028..102373637-chr8:102448966..102449734,2	200	.	101360800	101437506	16711680	2	609,768,	0,75938,
chr8	109575325	109638739	chr8:110587554..110588184-chr8:110650422..110650968,2	200	.	109575325	109638739	16711680	2	630,546,	0,62868,
chr8	109575497	109645368	chr8:110587726..110588239-chr8:110657058..110657597,2	200	.	109575497	109645368	16711680	2	513,539,	0,69332,
chr8	123453964	123564223	chr8:124466204..124466710-chr8:124575524..124576463,2	200	.	123453964	123564223	16711680	2	506,939,	0,109320,
chr9	88369936	125174889	chr9:90984851..90985655-chr9:127936274..127937168,2	200	.	88369936	125174889	16711680	2	804,894,	0,36804059,
chr9	92665922	121717964	chr9:95428204..95428780-chr9:124479526..124480243,2	200	.	92665922	121717964	16711680	2	576,717,	0,29051325,
chr3	64491460	64492035	chr17:59800193..59801026-chr3:64477136..64477711,2	200	.	64491460	64492035	16711680	1	575,	0,
chr3	64491534	64492044	chr20:52739899..52740763-chr3:64477210..64477720,2	200	.	64491534	64492044	16711680	1	510,	0,
chr3	64491200	64491709	chr20:52765302..52765883-chr3:64476876..64477385,2	200	.	64491200	64491709	16711680	1	509,	0,
chr3	64491346	64491970	chr20:52811589..52812569-chr3:64477022..64477646,2	200	.	64491346	64491970	16711680	1	624,	0,
chr1	147669335	147717737	chr1:147141457..147142147-chr1:147188392..147189871,6	600	.	147669335	147717737	16711680	2	690,1479,	0,46923,
chr1	183023828	183606172	chr1:182992963..182993599-chr1:183574680..183575307,3	300	.	183023828	183606172	16711680	2	636,627,	0,581717,
chr1	183023915	184373413	chr1:182993050..182993636-chr1:184341998..184342547,2	200	.	183023915	184373413	16711680	2	586,549,	0,1348949,
chr1	200016526	200487311	chr1:199985654..199986227-chr1:200455916..200456439,2	200	.	200016526	200487311	16711680	2	573,523,	0,470262,
chr1	200016549	202335645	chr1:199985677..199986337-chr1:202304191..202304773,3	300	.	200016549	202335645	16711680	2	660,582,	0,2318514,
chr1	200016876	206904172	chr1:199986004..199986539-chr1:207076797..207077517,2	200	.	200016876	206904172	16711680	2	535,720,	0,6886576,
chr1	206903703	227329107	chr1:207077048..207077588-chr1:227515958..227516808,2	200	.	206903703	227329107	16711680	2	540,850,	0,20424554,
chr10	48814678	63631518	chr10:50022723..50023301-chr10:65390468..65391278,2	200	.	48814678	63631518	16711680	2	578,810,	0,14816030,
chr10	79128273	88108663	chr10:80888030..80888626-chr10:89867901..89868420,2	200	.	79128273	88108663	16711680	2	596,519,	0,8979871,
chr10	80436224	93435663	chr10:82195980..82196606-chr10:95194683..95195420,2	200	.	80436224	93435663	16711680	2	626,737,	0,12998702,
chr11	1796549	76773186	chr11:1817779..1818422-chr11:76483693..76484230,2	200	.	1796549	76773186	16711680	2	643,537,	0,74976100,
chr11	2483365	118058362	chr11:2504595..2505283-chr11:117928318..117929077,2	200	.	2483365	118058362	16711680	2	688,759,	0,115574238,
chr11	7592311	71481690	chr11:7613542..7614042-chr11:71192235..71192736,2	200	.	7592311	71481690	16711680	2	500,501,	0,63888878,
chr11	16988979	69892051	chr11:17010526..17011427-chr11:69706034..69706819,2	200	.	16988979	69892051	16711680	2	901,785,	0,52902287,
chr11	67027884	73195270	chr11:66795355..66795926-chr11:72905348..72906315,2	200	.	67027884	73195270	16711680	2	571,967,	0,6166419,
chr11	69301754	76772814	chr11:69069221..69069828-chr11:76483332..76483858,2	200	.	69301754	76772814	16711680	2	607,526,	0,7470534,
chr11	69891271	72786683	chr11:69706039..69706935-chr11:72497194..72497728,3	300	.	69891271	72786683	16711680	2	896,534,	0,2894878,
chr11	69891281	76773128	chr11:69706049..69706986-chr11:76483445..76484172,3	300	.	69891281	76773128	16711680	2	937,727,	0,6881120,
chr11	70805661	72787033	chr11:70651766..70652641-chr11:72497493..72498078,2	200	.	70805661	72787033	16711680	2	875,585,	0,1980787,
chr12	53824937	53983961	chr12:54218721..54219658-chr12:54376779..54377745,8	800	.	53824937	53983961	16711680	2	937,966,	0,158058,
chr12	53825323	53950198	chr12:54219107..54219740-chr12:54342955..54343982,3	300	.	53825323	53950198	16711680	2	633,1027,	0,123848,
chr12	53827043	53983934	chr12:54220827..54221527-chr12:54376901..54377718,3	300	.	53827043	53983934	16711680	2	700,817,	0,156074,
chr12	101697620	123070411	chr12:102091398..102092156-chr12:123554111..123554958,2	200	.	101697620	123070411	16711680	2	758,847,	0,21371944,
chr12	110247213	119171688	chr12:110685018..110685819-chr12:119608744..119609493,3	300	.	110247213	119171688	16711680	2	801,749,	0,8923726,
chr14	34320475	93017787	chr14:34789681..34790201-chr14:93483516..93484132,2	200	.	34320475	93017787	16711680	2	520,616,	0,58696696,
chr14	68177413	68570734	chr14:68644130..68645077-chr14:69036391..69037451,11	1000	.	68177413	68570734	16711680	2	947,1060,	0,392261,
chr14	68177534	68459411	chr14:68644251..68644931-chr14:68925498..68926128,4	400	.	68177534	68459411	16711680	2	680,630,	0,281247,
chr14	73601834	73787733	chr14:74068538..74069454-chr14:74253476..74254436,2	200	.	73601834	73787733	16711680	2	916,960,	0,184939,
chr14	73601883	73785352	chr14:74068587..74069172-chr14:74251195..74252055,3	300	.	73601883	73785352	16711680	2	585,860,	0,182609,
chr14	73601927	73783189	chr14:74068631..74069516-chr14:74248972..74249892,3	300	.	73601927	73783189	16711680	2	885,920,	0,180342,
chr14	73633518	73756793	chr14:74100222..74101041-chr14:74222987..74223496,2	200	.	73633518	73756793	16711680	2	820,509,	0,122766,
chr14	73633545	73785325	chr14:74100249..74101150-chr14:74251194..74252028,7	700	.	73633545	73785325	16711680	2	902,834,	0,150946,
chr14	73633585	73783215	chr14:74100289..74101054-chr14:74249179..74249918,4	400	.	73633585	73783215	16711680	2	766,739,	0,148891,
chr14	73633619	73776093	chr14:74100323..74100826-chr14:74242128..74242796,2	200	.	73633619	73776093	16711680	2	504,668,	0,141806,
chr15	50181151	50227741	chr15:50473348..50474244-chr15:50519432..50519938,2	200	.	50181151	50227741	16711680	2	896,506,	0,46084,
chr15	57591269	73710734	chr15:57883467..57884028-chr15:74002521..74003075,2	200	.	57591269	73710734	16711680	2	561,554,	0,16118911,
chr15	92645269	98749439	chr15:93188499..93189069-chr15:99292139..99292668,2	200	.	92645269	98749439	16711680	2	570,529,	0,6103641,
chr15	96001273	96339919	chr15:96544502..96545045-chr15:96882251..96883148,2	200	.	96001273	96339919	16711680	2	543,897,	0,337749,
chr16	11457008	85306741	chr16:11550864..11551384-chr16:85339762..85340347,3	300	.	11457008	85306741	16711680	2	520,585,	0,73849148,
chr16	29310776	88017294	chr16:29322097..29322894-chr16:88050372..88050900,4	400	.	29310776	88017294	16711680	2	797,528,	0,58705990,
chr16	70136382	72930069	chr16:70170285..70171145-chr16:72963448..72963968,2	200	.	70136382	72930069	16711680	2	860,520,	0,2793167,
chr16	70136406	72913979	chr16:70170309..70171136-chr16:72947288..72947878,2	200	.	70136406	72913979	16711680	2	827,590,	0,2776983,
chr17	7951524	47693782	chr17:7854842..7855345-chr17:45770546..45771148,2	200	.	7951524	47693782	16711680	2	503,602,	0,39741656,
chr17	7957595	40449254	chr17:7860913..7861620-chr17:38604584..38605506,2	200	.	7957595	40449254	16711680	2	707,922,	0,32490737,
chr17	50944302	66952576	chr17:49021663..49022369-chr17:64948068..64948692,2	200	.	50944302	66952576	16711680	2	706,624,	0,16007650,
chr17	58639337	61399697	chr17:56716698..56717561-chr17:59476173..59477058,3	300	.	58639337	61399697	16711680	2	863,885,	0,2759475,
chr17	58639367	74770381	chr17:56716728..56717836-chr17:72765636..72766520,4	400	.	58639367	74770381	16711680	2	1108,884,	0,16130130,
chr17	58639388	60295342	chr17:56716749..56717302-chr17:58371716..58372703,2	200	.	58639388	60295342	16711680	2	553,987,	0,1654967,
chr17	58639404	74761324	chr17:56716765..56717651-chr17:72756497..72757463,3	300	.	58639404	74761324	16711680	2	886,966,	0,16120954,
chr17	58639416	61723887	chr17:56716777..56717664-chr17:59800437..59801248,5	500	.	58639416	61723887	16711680	2	887,811,	0,3083660,
chr17	58639425	67555840	chr17:56716786..56717582-chr17:65551383..65551956,2	200	.	58639425	67555840	16711680	2	796,573,	0,8915842,
chr17	58639496	60345826	chr17:56716857..56717548-chr17:58422241..58423187,2	200	.	58639496	60345826	16711680	2	691,946,	0,1705384,
chr17	58639707	83068190	chr17:56717068..56717611-chr17:81025144..81026066,2	200	.	58639707	83068190	16711680	2	543,922,	0,24427561,
chr19	35317095	40466727	chr19:35807998..35809046-chr19:40971871..40972634,3	300	.	35317095	40466727	16711680	2	1048,763,	0,5148869,
chr2	113176458	120404852	chr2:113934035..113934641-chr2:121161484..121162428,2	200	.	113176458	120404852	16711680	2	606,944,	0,7227450,
chr2	162489066	162564434	chr2:163345576..163346473-chr2:163420361..163420944,2	200	.	162489066	162564434	16711680	2	897,583,	0,74785,
chr2	163840132	163857127	chr2:164696642..164697325-chr2:164713055..164713637,2	200	.	163840132	163857127	16711680	2	683,582,	0,16413,
chr2	231519166	231708397	chr2:232383877..232384820-chr2:232572359..232573107,2	200	.	231519166	231708397	16711680	2	943,748,	0,188483,
chr20	32040436	36587874	chr20:30628239..30629118-chr20:35215360..35216277,3	300	.	32040436	36587874	16711680	2	879,917,	0,4546521,
chr20	32040656	50764407	chr20:30628459..30629130-chr20:49380377..49380944,2	200	.	32040656	50764407	16711680	2	671,567,	0,18723184,
chr20	44765394	50727608	chr20:43394035..43394712-chr20:49343636..49344145,2	200	.	44765394	50727608	16711680	2	677,509,	0,5961705,
chr20	47231548	50728068	chr20:45860293..45861141-chr20:49344055..49344605,3	300	.	47231548	50728068	16711680	2	848,550,	0,3495970,
chr20	47344960	50764745	chr20:45973704..45974631-chr20:49380515..49381282,2	200	.	47344960	50764745	16711680	2	927,767,	0,3419018,
chr20	47344966	50727991	chr20:45973710..45974638-chr20:49343585..49344528,5	500	.	47344966	50727991	16711680	2	928,943,	0,3382082,
chr20	47344997	54149590	chr20:45973741..45974624-chr20:52765376..52766129,2	200	.	47344997	54149590	16711680	2	883,753,	0,6803840,
chr20	47382321	50728017	chr20:46011065..46012101-chr20:49343601..49344554,10	1000	.	47382321	50728017	16711680	2	1036,953,	0,3344743,
chr20	48075662	54195929	chr20:46704405..46705661-chr20:52811576..52812468,11	1000	.	48075662	54195929	16711680	2	1256,892,	0,6119375,
chr20	48075953	54149660	chr20:46704696..46705362-chr20:52765431..52766199,3	300	.	48075953	54149660	16711680	2	666,768,	0,6072939,
chr20	48075983	54124240	chr20:46704726..46705304-chr20:52739986..52740779,2	200	.	48075983	54124240	16711680	2	578,793,	0,6047464,
chr20	48571904	54124017	chr20:47188442..47188973-chr20:52739962..52740556,2	200	.	48571904	54124017	16711680	2	531,594,	0,5551519,
chr20	48571915	54149631	chr20:47188453..47188965-chr20:52765584..52766170,2	200	.	48571915	54149631	16711680	2	512,586,	0,5577130,
chr20	48572031	54195941	chr20:47188569..47189430-chr20:52811887..52812480,3	300	.	48572031	54195941	16711680	2	861,593,	0,5623317,
chr20	48864158	54124360	chr20:47480695..47481839-chr20:52739928..52740899,4	400	.	48864158	54124360	16711680	2	1144,971,	0,5259231,
chr20	48864488	54149669	chr20:47481025..47481946-chr20:52765386..52766208,6	600	.	48864488	54149669	16711680	2	921,822,	0,5284359,
chr20	50656835	63666015	chr20:49273372..49273971-chr20:62296826..62297368,2	200	.	50656835	63666015	16711680	2	599,542,	0,13008638,
chr20	50678080	63864442	chr20:49294617..49295196-chr20:62495119..62495795,2	200	.	50678080	63864442	16711680	2	579,676,	0,13185686,
chr20	50727011	53608940	chr20:49343548..49344653-chr20:52224557..52225479,4	400	.	50727011	53608940	16711680	2	1105,922,	0,2881007,
chr20	50727036	54127706	chr20:49343573..49344377-chr20:52743412..52744245,3	300	.	50727036	54127706	16711680	2	804,833,	0,3399837,
chr20	50727073	54124300	chr20:49343610..49344768-chr20:52739740..52740839,12	1000	.	50727073	54124300	16711680	2	1158,1099,	0,3396128,
chr20	50727090	54195928	chr20:49343627..49344448-chr20:52811576..52812467,8	800	.	50727090	54195928	16711680	2	821,891,	0,3467947,
chr20	50727091	63864384	chr20:49343628..49344471-chr20:62495132..62495737,3	300	.	50727091	63864384	16711680	2	843,605,	0,13136688,
chr20	50727102	57263124	chr20:49343639..49344493-chr20:55837411..55838180,2	200	.	50727102	57263124	16711680	2	854,769,	0,6535253,
chr20	50727106	54149736	chr20:49343643..49344527-chr20:52765356..52766275,9	900	.	50727106	54149736	16711680	2	884,919,	0,3421711,
chr20	50727458	53662319	chr20:49343995..49344510-chr20:52278099..52278858,2	200	.	50727458	53662319	16711680	2	515,759,	0,2934102,
chr20	50763776	54149750	chr20:49380313..49381331-chr20:52765364..52766289,7	700	.	50763776	54149750	16711680	2	1018,925,	0,3385049,
chr20	50763971	54124518	chr20:49380508..49381298-chr20:52739964..52741057,3	300	.	50763971	54124518	16711680	2	790,1093,	0,3359454,
chr20	50764210	54195906	chr20:49380747..49381254-chr20:52811935..52812445,2	200	.	50764210	54195906	16711680	2	507,510,	0,3431186,
chr20	51387432	53429318	chr20:50003969..50004658-chr20:52045062..52045857,2	200	.	51387432	53429318	16711680	2	689,795,	0,2041091,
chr20	53607971	54124322	chr20:52224510..52225382-chr20:52740058..52740861,3	300	.	53607971	54124322	16711680	2	872,803,	0,515548,
chr20	53607993	54149627	chr20:52224532..52225329-chr20:52765348..52766166,4	400	.	53607993	54149627	16711680	2	797,818,	0,540816,
chr20	53608039	54195876	chr20:52224578..52225376-chr20:52811636..52812415,3	300	.	53608039	54195876	16711680	2	798,779,	0,587058,
chr20	53660808	54149739	chr20:52277347..52278945-chr20:52765329..52766278,10	1000	.	53660808	54149739	16711680	2	1598,949,	0,487982,
chr20	53661489	54195963	chr20:52278028..52278954-chr20:52811294..52812502,10	1000	.	53661489	54195963	16711680	2	926,1208,	0,533266,
chr20	53661511	54124310	chr20:52278050..52278914-chr20:52739934..52740849,4	400	.	53661511	54124310	16711680	2	864,915,	0,461884,
chr20	53661522	53983567	chr20:52278061..52278601-chr20:52599248..52600106,2	200	.	53661522	53983567	16711680	2	540,858,	0,321187,
chr20	53661529	57264083	chr20:52278068..52279052-chr20:55837939..55839139,4	400	.	53661529	57264083	16711680	2	984,1200,	0,3601354,
chr20	53661844	53866878	chr20:52278383..52278965-chr20:52482508..52483417,2	200	.	53661844	53866878	16711680	2	582,909,	0,204125,
chr20	53724848	57263619	chr20:52341387..52341931-chr20:55838149..55838675,2	200	.	53724848	57263619	16711680	2	544,526,	0,3538245,
chr20	53724928	54195800	chr20:52341467..52342256-chr20:52811552..52812339,2	200	.	53724928	54195800	16711680	2	789,787,	0,470085,
chr20	57693409	58055539	chr20:56268465..56269557-chr20:56629680..56630595,5	500	.	57693409	58055539	16711680	2	1092,915,	0,361215,
chr20	57693653	58009482	chr20:56268709..56269582-chr20:56583656..56584538,3	300	.	57693653	58009482	16711680	2	873,882,	0,314947,
chr21	14863062	15587436	chr21:16235383..16236247-chr21:16959008..16959755,5	500	.	14863062	15587436	16711680	2	864,747,	0,723627,
chr21	14863185	15210643	chr21:16235506..16236268-chr21:16582287..16582963,3	300	.	14863185	15210643	16711680	2	762,676,	0,346782,
chr21	14863242	15173629	chr21:16235563..16236288-chr21:16545399..16545949,2	200	.	14863242	15173629	16711680	2	725,550,	0,309837,
chr21	15003030	15200314	chr21:16375351..16376357-chr21:16571993..16572634,4	400	.	15003030	15200314	16711680	2	1006,641,	0,196643,
chr21	15003092	15342988	chr21:16375413..16376190-chr21:16714500..16715307,2	200	.	15003092	15342988	16711680	2	777,807,	0,339089,
chr21	15003112	15210922	chr21:16375433..16376422-chr21:16582096..16583242,10	1000	.	15003112	15210922	16711680	2	989,1146,	0,206664,
chr21	15003119	15173648	chr21:16375440..16376325-chr21:16545085..16545968,7	700	.	15003119	15173648	16711680	2	885,883,	0,169646,
chr21	15003480	15444731	chr21:16375801..16376301-chr21:16816249..16817050,2	200	.	15003480	15444731	16711680	2	500,801,	0,440450,
chr21	15004988	15210962	chr21:16377309..16378284-chr21:16582106..16583282,23	1000	.	15004988	15210962	16711680	2	975,1176,	0,204798,
chr21	15005031	15204375	chr21:16377352..16378335-chr21:16575784..16576695,5	500	.	15005031	15204375	16711680	2	983,911,	0,198433,
chr21	15005039	15208301	chr21:16377360..16378259-chr21:16579926..16580621,2	200	.	15005039	15208301	16711680	2	899,695,	0,202567,
chr21	15005080	15343123	chr21:16377401..16378315-chr21:16714678..16715442,3	300	.	15005080	15343123	16711680	2	914,764,	0,337279,
chr21	15005093	15587534	chr21:16377414..16378299-chr21:16958983..16959853,8	800	.	15005093	15587534	16711680	2	885,870,	0,581571,
chr21	15005100	15173833	chr21:16377421..16378235-chr21:16545003..16546153,5	500	.	15005100	15173833	16711680	2	814,1150,	0,167583,
chr21	15005159	15200448	chr21:16377480..16378305-chr21:16571594..16572768,5	500	.	15005159	15200448	16711680	2	825,1174,	0,194115,
chr21	15065104	15173348	chr21:16437425..16437973-chr21:16545153..16545668,2	200	.	15065104	15173348	16711680	2	548,515,	0,107729,
chr21	15132428	15211036	chr21:16504749..16505697-chr21:16582211..16583356,7	700	.	15132428	15211036	16711680	2	948,1145,	0,77463,
chr21	15132483	15173966	chr21:16504804..16505761-chr21:16545069..16546286,8	800	.	15132483	15173966	16711680	2	957,1217,	0,40266,
chr21	15132490	15343099	chr21:16504811..16505431-chr21:16714538..16715418,2	200	.	15132490	15343099	16711680	2	620,880,	0,209729,
chr21	15132548	15587426	chr21:16504869..16505637-chr21:16958997..16959745,3	300	.	15132548	15587426	16711680	2	768,748,	0,454130,
chr22	20916831	28814068	chr22:21271119..21271671-chr22:29209503..29210056,2	200	.	20916831	28814068	16711680	2	552,553,	0,7896684,
chr22	24206830	24352663	chr22:24602798..24603440-chr22:24748086..24748631,2	200	.	24206830	24352663	16711680	2	642,545,	0,145288,
chr3	150237678	150737801	chr3:149955465..149956733-chr3:150454752..150455588,5	500	.	150237678	150737801	16711680	2	1268,836,	0,499287,
chr3	150238230	150317975	chr3:149956017..149956661-chr3:150035058..150035762,2	200	.	150238230	150317975	16711680	2	644,704,	0,79041,
chr3	150737007	161340155	chr3:150454794..150455301-chr3:161057325..161057943,2	200	.	150737007	161340155	16711680	2	507,618,	0,10602530,
chr3	150737026	156813086	chr3:150454813..150455567-chr3:156530003..156530875,3	300	.	150737026	156813086	16711680	2	754,872,	0,6075188,
chr3	150737090	154219393	chr3:150454877..150455683-chr3:153936263..153937182,5	500	.	150737090	154219393	16711680	2	806,919,	0,3481384,
chr3	184597566	193880604	chr3:184315354..184315903-chr3:193597521..193598393,2	200	.	184597566	193880604	16711680	2	549,872,	0,9282166,
chr5	67235783	68240113	chr5:66531611..66532134-chr5:67535183..67535941,2	200	.	67235783	68240113	16711680	2	523,758,	0,1003572,
chr5	133249216	139709828	chr5:132584908..132585796-chr5:139088618..139089413,2	200	.	133249216	139709828	16711680	2	888,795,	0,6459817,
chr5	137808588	137889406	chr5:137144277..137144863-chr5:137224146..137225095,3	300	.	137808588	137889406	16711680	2	586,949,	0,79869,
chr5	137850039	137889348	chr5:137185728..137186695-chr5:137224122..137225037,5	500	.	137850039	137889348	16711680	2	967,915,	0,38394,
chr6	6703509	17473843	chr6:6703742..6704568-chr6:17473445..17474074,2	200	.	6703509	17473843	16711680	2	826,629,	0,10769705,
chr6	43804642	44238521	chr6:43772379..43773030-chr6:44205542..44206258,2	200	.	43804642	44238521	16711680	2	651,716,	0,433163,
chr6	44110069	44238675	chr6:44077806..44078726-chr6:44204971..44206412,5	500	.	44110069	44238675	16711680	2	920,1441,	0,127165,
chr6	111592369	112019642	chr6:111913572..111914485-chr6:112340044..112340845,2	200	.	111592369	112019642	16711680	2	913,801,	0,426472,
chr6	122609566	122697457	chr6:122930711..122931521-chr6:123017914..123018602,3	300	.	122609566	122697457	16711680	2	810,688,	0,87203,
chr6	122620598	122697603	chr6:122941743..122942301-chr6:123018040..123018748,2	200	.	122620598	122697603	16711680	2	558,708,	0,76297,
chr6	122622833	122697525	chr6:122943978..122944513-chr6:123017874..123018670,2	200	.	122622833	122697525	16711680	2	535,796,	0,73896,
chr7	151694484	151857243	chr7:151391570..151392561-chr7:151553318..151554328,19	1000	.	151694484	151857243	16711680	2	991,1010,	0,161749,
chr7	151694493	151736681	chr7:151391579..151392465-chr7:151433160..151433767,2	200	.	151694493	151736681	16711680	2	886,607,	0,41581,
chr7	151708873	151857172	chr7:151405959..151407061-chr7:151553440..151554257,3	300	.	151708873	151857172	16711680	2	1102,817,	0,147482,
chr7	151721270	151857216	chr7:151418356..151419311-chr7:151553722..151554301,2	200	.	151721270	151857216	16711680	2	955,579,	0,135367,
chr8	67380800	101504329	chr8:68293035..68293850-chr8:102516047..102516557,2	200	.	67380800	101504329	16711680	2	815,510,	0,34123019,
chr8	90001393	90888014	chr8:91013621..91014389-chr8:91899653..91900242,2	200	.	90001393	90888014	16711680	2	768,589,	0,886032,
chr8	96359797	106624328	chr8:97372025..97372580-chr8:107636021..107636556,2	200	.	96359797	106624328	16711680	2	555,535,	0,10263996,
chr8	97764126	106624723	chr8:98776354..98777057-chr8:107636084..107636951,4	400	.	97764126	106624723	16711680	2	703,867,	0,8859730,
chr8	101120381	101504704	chr8:102132609..102133605-chr8:102516006..102516932,8	800	.	101120381	101504704	16711680	2	996,926,	0,383397,
chr8	101120416	101467401	chr8:102132644..102133486-chr8:102479056..102479629,2	200	.	101120416	101467401	16711680	2	842,573,	0,346412,
chr8	109575006	109607230	chr8:110587235..110588190-chr8:110618947..110619459,2	200	.	109575006	109607230	16711680	2	955,512,	0,31712,
chr8	109575214	109639231	chr8:110587443..110588480-chr8:110650468..110651460,3	300	.	109575214	109639231	16711680	2	1037,992,	0,63025,
chr8	118112273	144372949	chr8:119124512..119125012-chr8:145596006..145596638,2	200	.	118112273	144372949	16711680	2	500,610,	0,26260066,
chr8	123453964	123564223	chr8:124466204..124466710-chr8:124575524..124576463,2	200	.	123453964	123564223	16711680	2	506,939,	0,109320,
chr9	92665922	121717964	chr9:95428204..95428780-chr9:124479526..124480243,2	200	.	92665922	121717964	16711680	2	576,717,	0,29051325,
chr1	32831811	206904130	chr1:33297412..33297932-chr1:207076729..207077475,2	200	.	32831811	206904130	16711680	2	520,746,	0,174071573,
chr1	107420305	111513703	chr1:107962927..107963748-chr1:112055814..112056325,2	200	.	107420305	111513703	16711680	2	821,511,	0,4092887,
chr1	107470032	182473766	chr1:108012654..108013170-chr1:182442381..182442901,2	200	.	107470032	182473766	16711680	2	516,520,	0,75003214,
chr11	16956651	76773158	chr11:16978198..16978723-chr11:76483683..76484202,2	200	.	16956651	76773158	16711680	2	525,519,	0,59815988,
chr12	53825229	53983879	chr12:54219013..54219583-chr12:54376855..54377663,3	300	.	53825229	53983879	16711680	2	570,808,	0,157842,
chr12	116390521	121749439	chr12:116828326..116828938-chr12:122186633..122187345,3	300	.	116390521	121749439	16711680	2	612,712,	0,5358206,
chr14	73601971	73785499	chr14:74068675..74069280-chr14:74251230..74252202,2	200	.	73601971	73785499	16711680	2	605,972,	0,182556,
chr14	73633680	73785359	chr14:74100384..74101250-chr14:74251129..74252062,2	200	.	73633680	73785359	16711680	2	867,933,	0,150746,
chr17	57342930	72618613	chr17:55420291..55420841-chr17:70614222..70614752,2	200	.	57342930	72618613	16711680	2	550,530,	0,15275153,
chr17	58639354	74761272	chr17:56716715..56717568-chr17:72756513..72757411,3	300	.	58639354	74761272	16711680	2	853,898,	0,16121020,
chr17	58639402	61723960	chr17:56716763..56717369-chr17:59800406..59801321,3	300	.	58639402	61723960	16711680	2	606,915,	0,3083643,
chr2	47206051	208130341	chr2:47433190..47433692-chr2:208994565..208995065,2	200	.	47206051	208130341	16711680	2	502,500,	0,160923790,
chr2	95740307	113382888	chr2:96406055..96406842-chr2:114139694..114140465,2	200	.	95740307	113382888	16711680	2	787,771,	0,17641810,
chr2	132299714	154108920	chr2:133057287..133057807-chr2:154964913..154965433,2	200	.	132299714	154108920	16711680	2	520,520,	0,21808686,
chr2	163840182	163857426	chr2:164696692..164697505-chr2:164713152..164713936,2	200	.	163840182	163857426	16711680	2	813,784,	0,16460,
chr2	190785951	215980283	chr2:191650677..191651383-chr2:216844448..216845006,2	200	.	190785951	215980283	16711680	2	706,558,	0,25193774,
chr20	47140963	55582783	chr20:45769602..45770116-chr20:54157143..54157841,2	200	.	47140963	55582783	16711680	2	514,698,	0,8441122,
chr20	47159570	63657538	chr20:45788209..45788752-chr20:62288293..62288891,3	300	.	47159570	63657538	16711680	2	543,598,	0,16497370,
chr20	48075780	54124265	chr20:46704523..46705293-chr20:52740109..52740804,2	200	.	48075780	54124265	16711680	2	770,695,	0,6047790,
chr20	48864121	54124021	chr20:47480658..47481873-chr20:52739879..52740560,4	400	.	48864121	54124021	16711680	2	1215,681,	0,5259219,
chr20	50657010	63666016	chr20:49273547..49274079-chr20:62296776..62297369,2	200	.	50657010	63666016	16711680	2	532,593,	0,13008413,
chr20	50727111	54149680	chr20:49343648..49344531-chr20:52765399..52766219,8	800	.	50727111	54149680	16711680	2	883,820,	0,3421749,
chr20	50727128	54195586	chr20:49343665..49344507-chr20:52811425..52812125,4	400	.	50727128	54195586	16711680	2	842,700,	0,3467758,
chr20	50727131	54124230	chr20:49343668..49344574-chr20:52739986..52740769,6	600	.	50727131	54124230	16711680	2	906,783,	0,3396316,
chr20	50727403	57158144	chr20:49343940..49344650-chr20:55732597..55733200,2	200	.	50727403	57158144	16711680	2	710,603,	0,6430138,
chr20	50763838	54123974	chr20:49380375..49380900-chr20:52739954..52740513,2	200	.	50763838	54123974	16711680	2	525,559,	0,3359577,
chr20	53608031	54149344	chr20:52224570..52225410-chr20:52765349..52765883,2	200	.	53608031	54149344	16711680	2	840,534,	0,540779,
chr20	53661555	54149726	chr20:52278094..52278874-chr20:52765343..52766265,2	200	.	53661555	54149726	16711680	2	780,922,	0,487249,
chr21	14863030	15210925	chr21:16235351..16235999-chr21:16582483..16583245,2	200	.	14863030	15210925	16711680	2	648,762,	0,347133,
chr21	15003080	15210913	chr21:16375401..16376400-chr21:16581899..16583233,5	500	.	15003080	15210913	16711680	2	999,1334,	0,206499,
chr21	15003174	15587501	chr21:16375495..16376174-chr21:16958877..16959820,3	300	.	15003174	15587501	16711680	2	679,943,	0,583384,
chr21	15005023	15173745	chr21:16377344..16378311-chr21:16545010..16546065,7	700	.	15005023	15173745	16711680	2	967,1055,	0,167667,
chr21	15005050	15587483	chr21:16377371..16378318-chr21:16958890..16959802,6	600	.	15005050	15587483	16711680	2	947,912,	0,581521,
chr21	15005090	15200273	chr21:16377411..16378027-chr21:16572053..16572593,2	200	.	15005090	15200273	16711680	2	616,540,	0,194643,
chr21	15005117	15210835	chr21:16377438..16378251-chr21:16582355..16583155,4	400	.	15005117	15210835	16711680	2	813,800,	0,204918,
chr21	15132490	15173344	chr21:16504811..16505357-chr21:16544985..16545664,3	300	.	15132490	15173344	16711680	2	546,679,	0,40175,
chr21	15132493	15587173	chr21:16504814..16505341-chr21:16958945..16959492,2	200	.	15132493	15587173	16711680	2	527,547,	0,454133,
chr21	15132570	15211075	chr21:16504891..16505709-chr21:16582252..16583395,5	500	.	15132570	15211075	16711680	2	818,1143,	0,77362,
chr3	47910522	111366912	chr3:47952012..47952532-chr3:111085239..111085759,2	200	.	47910522	111366912	16711680	2	520,520,	0,63455870,
chr3	148891665	189682134	chr3:148609452..148610021-chr3:189399313..189399923,2	200	.	148891665	189682134	16711680	2	569,610,	0,40789859,
chr3	150238401	150737986	chr3:149956188..149956754-chr3:150455102..150455773,3	300	.	150238401	150737986	16711680	2	566,671,	0,498914,
chr3	150240469	150737565	chr3:149958256..149959043-chr3:150454726..150455352,2	200	.	150240469	150737565	16711680	2	787,626,	0,496470,
chr3	170491463	190459723	chr3:170209252..170209959-chr3:190176618..190177512,2	200	.	170491463	190459723	16711680	2	707,894,	0,19967366,
chr4	17974558	163816363	chr4:17976181..17976700-chr4:164736994..164737515,2	200	.	17974558	163816363	16711680	2	519,521,	0,145841284,
chr4	23800986	120352709	chr4:23802609..23803478-chr4:121273037..121273864,2	200	.	23800986	120352709	16711680	2	869,827,	0,96550896,
chr4	115536820	182657468	chr4:116457976..116458496-chr4:183578101..183578621,2	200	.	115536820	182657468	16711680	2	520,520,	0,67120128,
chr4	145103688	170483125	chr4:146024840..146025360-chr4:171403756..171404276,2	200	.	145103688	170483125	16711680	2	520,520,	0,25378917,
chr4	145103688	176576385	chr4:146024840..146025360-chr4:177497016..177497536,2	200	.	145103688	176576385	16711680	2	520,520,	0,31472177,
chr5	77830864	143746998	chr5:77126688..77127507-chr5:143125722..143126563,2	200	.	77830864	143746998	16711680	2	819,841,	0,65915293,
chr6	11067071	17389939	chr6:11067304..11068005-chr6:17389573..17390170,2	200	.	11067071	17389939	16711680	2	701,597,	0,6322271,
chr7	151694618	151857194	chr7:151391704..151392503-chr7:151553317..151554279,5	500	.	151694618	151857194	16711680	2	799,962,	0,161614,
chr8	28738807	116703824	chr8:28596324..28597192-chr8:117715403..117716063,2	200	.	28738807	116703824	16711680	2	868,660,	0,87964357,
chr8	80870085	121381656	chr8:81782320..81783178-chr8:122393017..122393896,2	200	.	80870085	121381656	16711680	2	858,879,	0,40510692,
chr8	101120399	101504679	chr8:102132627..102133593-chr8:102516039..102516907,2	200	.	101120399	101504679	16711680	2	966,868,	0,383412,
chr8	109575040	109646422	chr8:110587269..110587781-chr8:110658115..110658651,2	200	.	109575040	109646422	16711680	2	512,536,	0,70846,
chr8	121150792	127860092	chr8:122163032..122163721-chr8:128871648..128872338,2	200	.	121150792	127860092	16711680	2	689,690,	0,6708610,
chr8	123975292	127626145	chr8:124987532..124988285-chr8:128637802..128638390,2	200	.	123975292	127626145	16711680	2	753,588,	0,3650265,
