chr17	61722770	61723956	chr17:59800131..59801317-chr20:52765395..52766291,6	600	.	61722770	61723956	16711680	1	1186,	0,
chr1	32831811	206904130	chr1:33297412..33297932-chr1:207076729..207077475,2	200	.	32831811	206904130	16711680	2	520,746,	0,174071573,
chr1	107420305	111513703	chr1:107962927..107963748-chr1:112055814..112056325,2	200	.	107420305	111513703	16711680	2	821,511,	0,4092887,
chr1	107470032	182473766	chr1:108012654..108013170-chr1:182442381..182442901,2	200	.	107470032	182473766	16711680	2	516,520,	0,75003214,
chr1	148853759	148895643	chr1:144988848..144989426-chr1:145030130..145030654,2	200	.	148853759	148895643	16711680	2	524,578,	0,41306,
chr1	202335245	206904048	chr1:202304373..202305136-chr1:207076647..207077393,2	200	.	202335245	206904048	16711680	2	763,746,	0,4568057,
chr1	203089124	204145853	chr1:203058252..203058882-chr1:204114376..204114981,2	200	.	203089124	204145853	16711680	2	630,605,	0,1056124,
chr10	29149742	29164375	chr10:29438671..29439506-chr10:29452536..29453304,2	200	.	29149742	29164375	16711680	2	835,768,	0,13865,
chr10	93435110	100884009	chr10:95194867..95195426-chr10:102642824..102643766,2	200	.	93435110	100884009	16711680	2	559,942,	0,7447957,
chr11	16956651	76773158	chr11:16978198..16978723-chr11:76483683..76484202,2	200	.	16956651	76773158	16711680	2	525,519,	0,59815988,
chr11	72786412	73197600	chr11:72497457..72498076-chr11:72908087..72908645,2	200	.	72786412	73197600	16711680	2	619,558,	0,410630,
chr11	72786571	73192613	chr11:72497616..72498162-chr11:72903047..72903658,2	200	.	72786571	73192613	16711680	2	546,611,	0,405431,
chr12	52148508	52972176	chr12:52542292..52542838-chr12:53365341..53365960,2	200	.	52148508	52972176	16711680	2	546,619,	0,823049,
chr12	52148665	52372382	chr12:52542449..52543112-chr12:52765386..52766166,3	300	.	52148665	52372382	16711680	2	663,780,	0,222937,
chr12	53825229	53983879	chr12:54219013..54219583-chr12:54376855..54377663,3	300	.	53825229	53983879	16711680	2	570,808,	0,157842,
chr12	88181895	88459578	chr12:88575672..88576451-chr12:88852795..88853355,2	200	.	88181895	88459578	16711680	2	779,560,	0,277123,
chr12	116390521	121749439	chr12:116828326..116828938-chr12:122186633..122187345,3	300	.	116390521	121749439	16711680	2	612,712,	0,5358206,
chr14	73601971	73785499	chr14:74068675..74069280-chr14:74251230..74252202,2	200	.	73601971	73785499	16711680	2	605,972,	0,182556,
chr14	73633680	73785359	chr14:74100384..74101250-chr14:74251129..74252062,2	200	.	73633680	73785359	16711680	2	867,933,	0,150746,
chr14	95056491	100137798	chr14:95522828..95523716-chr14:100603366..100604135,2	200	.	95056491	100137798	16711680	2	888,769,	0,5080538,
chr15	95894492	96103779	chr15:96437721..96438227-chr15:96646336..96647008,2	200	.	95894492	96103779	16711680	2	506,672,	0,208615,
chr15	95911226	96103851	chr15:96454455..96455162-chr15:96646298..96647080,2	200	.	95911226	96103851	16711680	2	707,782,	0,191843,
chr17	50784850	58640231	chr17:48862211..48862877-chr17:56716763..56717592,2	200	.	50784850	58640231	16711680	2	666,829,	0,7854552,
chr17	57342930	72618613	chr17:55420291..55420841-chr17:70614222..70614752,2	200	.	57342930	72618613	16711680	2	550,530,	0,15275153,
chr17	58639354	74761272	chr17:56716715..56717568-chr17:72756513..72757411,3	300	.	58639354	74761272	16711680	2	853,898,	0,16121020,
chr17	58639402	61723960	chr17:56716763..56717369-chr17:59800406..59801321,3	300	.	58639402	61723960	16711680	2	606,915,	0,3083643,
chr17	61398994	61723584	chr17:59476355..59477034-chr17:59800402..59800945,2	200	.	61398994	61723584	16711680	2	679,543,	0,324047,
chr17	61722773	61839678	chr17:59800134..59800926-chr17:59916489..59917039,2	200	.	61722773	61839678	16711680	2	792,550,	0,116355,
chr17	61722967	61862905	chr17:59800328..59801140-chr17:59939377..59940266,3	300	.	61722967	61862905	16711680	2	812,889,	0,139049,
chr17	66952331	67557887	chr17:64948447..64949289-chr17:65553243..65554003,2	200	.	66952331	67557887	16711680	2	842,760,	0,604796,
chr18	23722424	63241812	chr18:21302388..21303256-chr18:60908424..60909045,3	300	.	23722424	63241812	16711680	2	868,621,	0,39518767,
chr18	48982811	63255318	chr18:46509181..46509888-chr18:60922028..60922551,2	200	.	48982811	63255318	16711680	2	707,523,	0,14271984,
chr2	47206051	208130341	chr2:47433190..47433692-chr2:208994565..208995065,2	200	.	47206051	208130341	16711680	2	502,500,	0,160923790,
chr2	95740307	113382888	chr2:96406055..96406842-chr2:114139694..114140465,2	200	.	95740307	113382888	16711680	2	787,771,	0,17641810,
chr2	132299714	154108920	chr2:133057287..133057807-chr2:154964913..154965433,2	200	.	132299714	154108920	16711680	2	520,520,	0,21808686,
chr2	163840182	163857426	chr2:164696692..164697505-chr2:164713152..164713936,2	200	.	163840182	163857426	16711680	2	813,784,	0,16460,
chr2	190785951	215980283	chr2:191650677..191651383-chr2:216844448..216845006,2	200	.	190785951	215980283	16711680	2	706,558,	0,25193774,
chr20	47140963	55582783	chr20:45769602..45770116-chr20:54157143..54157841,2	200	.	47140963	55582783	16711680	2	514,698,	0,8441122,
chr20	47159570	63657538	chr20:45788209..45788752-chr20:62288293..62288891,3	300	.	47159570	63657538	16711680	2	543,598,	0,16497370,
chr20	48075780	54124265	chr20:46704523..46705293-chr20:52740109..52740804,2	200	.	48075780	54124265	16711680	2	770,695,	0,6047790,
chr20	48864121	54124021	chr20:47480658..47481873-chr20:52739879..52740560,4	400	.	48864121	54124021	16711680	2	1215,681,	0,5259219,
chr20	50657010	63666016	chr20:49273547..49274079-chr20:62296776..62297369,2	200	.	50657010	63666016	16711680	2	532,593,	0,13008413,
chr20	50727111	54149680	chr20:49343648..49344531-chr20:52765399..52766219,8	800	.	50727111	54149680	16711680	2	883,820,	0,3421749,
chr20	50727128	54195586	chr20:49343665..49344507-chr20:52811425..52812125,4	400	.	50727128	54195586	16711680	2	842,700,	0,3467758,
chr20	50727131	54124230	chr20:49343668..49344574-chr20:52739986..52740769,6	600	.	50727131	54124230	16711680	2	906,783,	0,3396316,
chr20	50727403	57158144	chr20:49343940..49344650-chr20:55732597..55733200,2	200	.	50727403	57158144	16711680	2	710,603,	0,6430138,
chr20	50763838	54123974	chr20:49380375..49380900-chr20:52739954..52740513,2	200	.	50763838	54123974	16711680	2	525,559,	0,3359577,
chr20	53608031	54149344	chr20:52224570..52225410-chr20:52765349..52765883,2	200	.	53608031	54149344	16711680	2	840,534,	0,540779,
chr20	53661555	54149726	chr20:52278094..52278874-chr20:52765343..52766265,2	200	.	53661555	54149726	16711680	2	780,922,	0,487249,
chr20	54123668	57263312	chr20:52740207..52740887-chr20:55837805..55838368,2	200	.	54123668	57263312	16711680	2	680,563,	0,3139081,
chr20	54148821	57263764	chr20:52765360..52765921-chr20:55837760..55838820,3	300	.	54148821	57263764	16711680	2	561,1060,	0,3113883,
chr20	56735056	56937170	chr20:55310112..55310866-chr20:55511441..55512226,2	200	.	56735056	56937170	16711680	2	754,785,	0,201329,
chr20	56758432	56919834	chr20:55333488..55334433-chr20:55493894..55494890,8	800	.	56758432	56919834	16711680	2	945,996,	0,160406,
chr20	56758480	56955392	chr20:55333536..55334075-chr20:55529658..55530448,2	200	.	56758480	56955392	16711680	2	539,790,	0,196122,
chr20	56758506	56890776	chr20:55333562..55334513-chr20:55464722..55465832,8	800	.	56758506	56890776	16711680	2	951,1110,	0,131160,
chr20	56758584	56829919	chr20:55333640..55334406-chr20:55404430..55404975,2	200	.	56758584	56829919	16711680	2	766,545,	0,70790,
chr20	56758736	56937214	chr20:55333792..55334456-chr20:55511472..55512270,2	200	.	56758736	56937214	16711680	2	664,798,	0,177680,
chr21	14863030	15210925	chr21:16235351..16235999-chr21:16582483..16583245,2	200	.	14863030	15210925	16711680	2	648,762,	0,347133,
chr21	15003080	15210913	chr21:16375401..16376400-chr21:16581899..16583233,5	500	.	15003080	15210913	16711680	2	999,1334,	0,206499,
chr21	15003174	15587501	chr21:16375495..16376174-chr21:16958877..16959820,3	300	.	15003174	15587501	16711680	2	679,943,	0,583384,
chr21	15005023	15173745	chr21:16377344..16378311-chr21:16545010..16546065,7	700	.	15005023	15173745	16711680	2	967,1055,	0,167667,
chr21	15005050	15587483	chr21:16377371..16378318-chr21:16958890..16959802,6	600	.	15005050	15587483	16711680	2	947,912,	0,581521,
chr21	15005090	15200273	chr21:16377411..16378027-chr21:16572053..16572593,2	200	.	15005090	15200273	16711680	2	616,540,	0,194643,
chr21	15005117	15210835	chr21:16377438..16378251-chr21:16582355..16583155,4	400	.	15005117	15210835	16711680	2	813,800,	0,204918,
chr21	15132490	15173344	chr21:16504811..16505357-chr21:16544985..16545664,3	300	.	15132490	15173344	16711680	2	546,679,	0,40175,
chr21	15132493	15587173	chr21:16504814..16505341-chr21:16958945..16959492,2	200	.	15132493	15587173	16711680	2	527,547,	0,454133,
chr21	15132570	15211075	chr21:16504891..16505709-chr21:16582252..16583395,5	500	.	15132570	15211075	16711680	2	818,1143,	0,77362,
chr21	39723220	39985488	chr21:41095147..41095671-chr21:41356913..41357415,2	200	.	39723220	39985488	16711680	2	524,502,	0,261766,
chr3	684892	10984777	chr3:726576..727076-chr3:11025934..11026463,2	200	.	684892	10984777	16711680	2	500,529,	0,10299356,
chr3	47910522	111366912	chr3:47952012..47952532-chr3:111085239..111085759,2	200	.	47910522	111366912	16711680	2	520,520,	0,63455870,
chr3	64056216	64157800	chr3:64041892..64042692-chr3:64142804..64143476,2	200	.	64056216	64157800	16711680	2	800,672,	0,100912,
chr3	148891665	189682134	chr3:148609452..148610021-chr3:189399313..189399923,2	200	.	148891665	189682134	16711680	2	569,610,	0,40789859,
chr3	150238401	150737986	chr3:149956188..149956754-chr3:150455102..150455773,3	300	.	150238401	150737986	16711680	2	566,671,	0,498914,
chr3	150240469	150737565	chr3:149958256..149959043-chr3:150454726..150455352,2	200	.	150240469	150737565	16711680	2	787,626,	0,496470,
chr3	150722512	150845352	chr3:150440299..150441134-chr3:150562057..150563139,6	600	.	150722512	150845352	16711680	2	835,1082,	0,121758,
chr3	150736902	150845323	chr3:150454689..150455809-chr3:150561872..150563110,20	1000	.	150736902	150845323	16711680	2	1120,1238,	0,107183,
chr3	150756467	150845151	chr3:150474254..150475011-chr3:150562123..150562938,2	200	.	150756467	150845151	16711680	2	757,815,	0,87869,
chr3	170491463	190459723	chr3:170209252..170209959-chr3:190176618..190177512,2	200	.	170491463	190459723	16711680	2	707,894,	0,19967366,
chr4	17974558	163816363	chr4:17976181..17976700-chr4:164736994..164737515,2	200	.	17974558	163816363	16711680	2	519,521,	0,145841284,
chr4	23800986	120352709	chr4:23802609..23803478-chr4:121273037..121273864,2	200	.	23800986	120352709	16711680	2	869,827,	0,96550896,
chr4	115536820	182657468	chr4:116457976..116458496-chr4:183578101..183578621,2	200	.	115536820	182657468	16711680	2	520,520,	0,67120128,
chr4	145103688	170483125	chr4:146024840..146025360-chr4:171403756..171404276,2	200	.	145103688	170483125	16711680	2	520,520,	0,25378917,
chr4	145103688	176576385	chr4:146024840..146025360-chr4:177497016..177497536,2	200	.	145103688	176576385	16711680	2	520,520,	0,31472177,
chr5	77830864	143746998	chr5:77126688..77127507-chr5:143125722..143126563,2	200	.	77830864	143746998	16711680	2	819,841,	0,65915293,
chr5	133249414	134037876	chr5:132585106..132585658-chr5:133372987..133373567,2	200	.	133249414	134037876	16711680	2	552,580,	0,787882,
chr6	11067071	17389939	chr6:11067304..11068005-chr6:17389573..17390170,2	200	.	11067071	17389939	16711680	2	701,597,	0,6322271,
chr6	42075101	42227408	chr6:42042839..42043776-chr6:42194319..42195146,6	600	.	42075101	42227408	16711680	2	937,827,	0,151480,
chr6	125202308	125585589	chr6:125523454..125523978-chr6:125905768..125906735,2	200	.	125202308	125585589	16711680	2	524,967,	0,382314,
chr7	151694618	151857194	chr7:151391704..151392503-chr7:151553317..151554279,5	500	.	151694618	151857194	16711680	2	799,962,	0,161614,
chr8	28738807	116703824	chr8:28596324..28597192-chr8:117715403..117716063,2	200	.	28738807	116703824	16711680	2	868,660,	0,87964357,
chr8	80870085	121381656	chr8:81782320..81783178-chr8:122393017..122393896,2	200	.	80870085	121381656	16711680	2	858,879,	0,40510692,
chr8	100952791	101121250	chr8:101965019..101965721-chr8:102132951..102133478,2	200	.	100952791	101121250	16711680	2	702,527,	0,167932,
chr8	101003868	101121231	chr8:102016096..102016682-chr8:102132581..102133459,2	200	.	101003868	101121231	16711680	2	586,878,	0,116485,
chr8	101120399	101504679	chr8:102132627..102133593-chr8:102516039..102516907,2	200	.	101120399	101504679	16711680	2	966,868,	0,383412,
chr8	109575040	109646422	chr8:110587269..110587781-chr8:110658115..110658651,2	200	.	109575040	109646422	16711680	2	512,536,	0,70846,
chr8	121150792	127860092	chr8:122163032..122163721-chr8:128871648..128872338,2	200	.	121150792	127860092	16711680	2	689,690,	0,6708610,
chr8	123975292	127626145	chr8:124987532..124988285-chr8:128637802..128638390,2	200	.	123975292	127626145	16711680	2	753,588,	0,3650265,
chr9	134895417	134938888	chr9:137787263..137787780-chr9:137829854..137830734,2	200	.	134895417	134938888	16711680	2	517,880,	0,42591,
